   25    1    1    1    1   26    4    1    0      6960
   25    1    1    2    1    9    1    1    1      4326
   25    1    1    3    1   25    4    4    1      3242
   25    1    1    4    1   21    3    4    0      2361
   25    1    1    5    1   31    4    2    0      4787
   25    1    1    6    1   15    2    4    0      4588
   25    1    1    7    1   22    3    3    1      6494
   25    1    1    8    1    6    1    3    0      1931
   25    1    1    9    1   12    2    4    0      3142
   25    1    1   10    1    2    1    1    1      1602
   25    1    1   11    1   19    3    3    1      2018
   25    1    1   12    1    7    2    1    0      2018
   25    1    1   13    1    3    2    1    0      2842
   25    1    1   14    1   28    4    4    1      3985
   25    1    2    1    1    6    1    2    0      5808
   25    1    2    2    1   22    3    2    0      2497
   25    1    2    3    1   21    3    2    0      1942
   25    1    2    4    1    7    2    4    0      2338
   25    1    2    5    1   15    2    4    0      2780
   25    1    2    6    1    2    1    1    1      3125
   25    1    2    7    1   19    3    3    1      2569
   25    1    2    8    1   25    4    2    0      2308
   25    1    2    9    1   31    4    4    1      1553
   25    1    2   10    1    9    1    3    0      2277
   25    1    2   11    1   28    4    4    1      2260
   25    1    2   12    1   26    4    3    0      6394
   25    1    2   13    1    3    2    1    0      1508
   25    1    2   14    1   12    2    3    0      3984
   25    1    3    1    1   22    3    2    0      8738
   25    1    3    2    1    2    1    4    0      6126
   25    1    3    3    1   12    2    3    0      4642
   25    1    3    4    1   25    4    2    0      2226
   25    1    3    5    1   21    3    1    0      5169
   25    1    3    6    1    6    1    3    0      3789
   25    1    3    7    1   15    2    3    0      2669
   25    1    3    8    1   31    4    4    1      3964
   25    1    3    9    1   26    4    4    1      1198
   25    1    3   10    1   19    3    3    1      1343
   25    1    3   11    1    3    2    1    0      1290
   25    1    3   12    1   28    4    4    1      1439
   25    1    3   13    1    9    1    1    1      1238
   25    1    3   14    1    7    2    1    0      1463
   25    1    4    1    1   28    4    4    1      2157
   25    1    4    2    1   12    2    1    0      1783
   25    1    4    3    1   26    4    3    0      1626
   25    1    4    4    1   19    3    3    1       817
   25    1    4    5    1   15    2    2    1      1842
   25    1    4    6    1    2    1    3    0      1738
   25    1    4    7    1    6    1    1    1      1756
   25    1    4    8    1    9    1    2    0      1400
   25    1    4    9    1    7    2    1    0      1849
   25    1    4   10    1   22    3    3    1      5241
   25    1    4   11    1   25    4    4    1       951
   25    1    4   12    1   21    3    3    1      1667
   25    1    4   13    1   31    4    4    1      1010
   25    1    4   14    1    3    2    2    1      2986
   25    1    5    1    1    7    2    3    0      3539
   25    1    5    2    1   26    4    4    1      4702
   25    1    5    3    1    3    2    1    0      1954
   25    1    5    4    1    6    1    2    0      2702
   25    1    5    5    1   15    2    2    1      1306
   25    1    5    6    1   25    4    4    1      2695
   25    1    5    7    1    2    1    1    1      3308
   25    1    5    8    1   21    3    3    1      1418
   25    1    5    9    1   28    4    4    1      1106
   25    1    5   10    1   22    3    3    1      2280
   25    1    5   11    1   19    3    4    0      1517
   25    1    5   12    1   31    4    4    1      2153
   25    1    5   13    1    9    1    1    1      2277
   25    1    5   14    1   12    2    2    1       907
   25    1    6    1    1    6    1    1    1      2464
   25    1    6    2    1    7    2    2    1      1183
   25    1    6    3    1   19    3    3    1      1344
   25    1    6    4    1   22    3    3    1      2139
   25    1    6    5    1   12    2    2    1      1320
   25    1    6    6    1   21    3    3    1      1251
   25    1    6    7    1    3    2    2    1      1377
   25    1    6    8    1    2    1    1    1      1755
   25    1    6    9    1   15    2    2    1       967
   25    1    6   10    1   26    4    4    1      2578
   25    1    6   11    1   28    4    4    1      1003
   25    1    6   12    1    9    1    2    0      3269
   25    1    6   13    1   31    4    4    1      2556
   25    1    6   14    1   25    4    4    1      1974
   25    1    7    1    1   19    3    4    0      7592
   25    1    7    2    1   26    4    4    1      1346
   25    1    7    3    1    3    2    2    1      2221
   25    1    7    4    1   12    2    2    1      1189
   25    1    7    5    1   22    3    3    1      2342
   25    1    7    6    1    7    2    2    1      1450
   25    1    7    7    1    2    1    1    1       785
   25    1    7    8    1   15    2    2    1       771
   25    1    7    9    1   28    4    4    1      1444
   25    1    7   10    1    9    1    2    0      2108
   25    1    7   11    1   25    4    3    0      1281
   25    1    7   12    1    6    1    1    1      4695
   25    1    7   13    1   21    3    3    1      1437
   25    1    7   14    1   31    4    4    1      1221
   25    1    8    1    1    6    1    1    1      3030
   25    1    8    2    1   21    3    3    1      2141
   25    1    8    3    1   15    2    2    1      1480
   25    1    8    4    1    9    1    1    1      3197
   25    1    8    5    1    3    2    2    1       942
   25    1    8    6    1   22    3    3    1      4043
   25    1    8    7    1   19    3    3    1      2330
   25    1    8    8    1   12    2    2    1      1390
   25    1    8    9    1   31    4    4    1      2759
   25    1    8   10    1   25    4    4    1      1578
   25    1    8   11    1   28    4    4    1      1468
   25    1    8   12    1    2    1    1    1      2948
   25    1    8   13    1   26    4    4    1      3998
   25    1    8   14    1    7    2    1    0      1551
   25    1    9    1    1   15    2    2    1      3494
   25    1    9    2    1   19    3    3    1      4412
   25    1    9    3    1   28    4    4    1      1228
   25    1    9    4    1   25    4    4    1      2141
   25    1    9    5    1   21    3    3    1      1431
   25    1    9    6    1   31    4    4    1      1199
   25    1    9    7    1    3    2    2    1      2049
   25    1    9    8    1    7    2    2    1      2560
   25    1    9    9    1    2    1    1    1      2027
   25    1    9   10    1    9    1    2    0      1948
   25    1    9   11    1   22    3    3    1      2759
   25    1    9   12    1    6    1    1    1      2410
   25    1    9   13    1   26    4    4    1      1722
   25    1    9   14    1   12    2    2    1      1687
   25    1   10    1    1   26    4    4    1      4124
   25    1   10    2    1   19    3    3    1      2760
   25    1   10    3    1    9    1    1    1      3020
   25    1   10    4    1   22    3    3    1      2019
   25    1   10    5    1    6    1    1    1      2788
   25    1   10    6    1   28    4    4    1      2005
   25    1   10    7    1   21    3    3    1      1750
   25    1   10    8    1    2    1    1    1      2913
   25    1   10    9    1   12    2    2    1      1709
   25    1   10   10    1    7    2    2    1      1210
   25    1   10   11    1   25    4    4    1      2555
   25    1   10   12    1   31    4    4    1       998
   25    1   10   13    1   15    2    2    1      2304
   25    1   10   14    1    3    2    2    1      1014
   25    2    1    1    2   29    0    4    9      5264
   25    2    1    2    1   15    2    2    1      4813
   25    2    1    3    2   24    0    3    9      2973
   25    2    1    4    2   13    0    1    9      4983
   25    2    1    5    2   32    0    4    9      3680
   25    2    1    6    2   10    0    1    9      2397
   25    2    1    7    1    7    2    2    1      3277
   25    2    1    8    2    4    0    2    9      2524
   25    2    1    9    2   27    0    4    9      2248
   25    2    1   10    1    3    2    2    1      2111
   25    2    1   11    1   31    4    4    1      3132
   25    2    1   12    2   24    0    3    9      2111
   25    2    1   13    1   22    3    3    1      2092
   25    2    1   14    1    6    1    1    1      2073
   25    2    1   15    1   12    2    2    1      1287
   25    2    1   16    1    6    1    1    1      1733
   25    2    1   17    1   26    4    4    1      3569
   25    2    1   18    2    5    0    1    9      1395
   25    2    1   19    1    2    1    1    1      1933
   25    2    1   20    2   14    0    2    9      4913
   25    2    1   21    1   12    2    2    1      2204
   25    2    1   22    1   26    4    4    1      2789
   25    2    1   23    2   23    0    3    9      1431
   25    2    1   24    1   19    3    3    1      4573
   25    2    1   25    2   24    0    3    9      1288
   25    2    1   26    2   14    0    1    9      6294
   25    2    1   27    2   14    0    1    9      1755
   25    2    1   28    2   24    0    3    9      3494
   25    2    1   29    2   17    0    3    9      1772
   25    2    1   30    2   16    0    2    9      3766
   25    2    1   31    2   20    0    3    9      2512
   25    2    1   32    1    7    2    2    1      3709
   25    2    1   33    1   22    3    3    1      2954
   25    2    1   34    2    8    0    2    9      1316
   25    2    1   35    1   25    4    4    1      5969
   25    2    1   36    1    3    2    2    1      2004
   25    2    1   37    1    2    1    1    1      2197
   25    2    1   38    2   30    0    4    9      1102
   25    2    1   39    2   14    0    1    9      3762
   25    2    1   40    2   11    0    2    9      1517
   25    2    1   41    1   28    4    4    1      3345
   25    2    1   42    1    9    1    1    1      2173
   25    2    1   43    1   21    3    3    1      3063
   25    2    1   44    1   21    3    3    1      1566
   25    2    1   45    1   25    4    4    1      1089
   25    2    1   46    2   18    0    3    9      1463
   25    2    1   47    1   28    4    4    1       957
   25    2    1   48    1   15    2    2    1      1976
   25    2    1   49    1   19    3    3    1      2331
   25    2    1   50    1    9    1    1    1      2303
   25    2    1   51    1   31    4    4    1      2724
   25    2    1   52    2    1    0    1    9       984
   25    2    2    1    2    1    0    1    9      1009
   25    2    2    2    1   12    2    2    1      1147
   25    2    2    3    1   26    4    4    1      1501
   25    2    2    4    2   30    0    4    9      1587
   25    2    2    5    1   28    4    4    1      2036
   25    2    2    6    1   21    3    3    1      1732
   25    2    2    7    1    9    1    1    1      1712
   25    2    2    8    2   24    0    3    9      3629
   25    2    2    9    2   17    0    3    9      1213
   25    2    2   10    2   10    0    1    9      5501
   25    2    2   11    1   15    2    2    1      1202
   25    2    2   12    1    9    1    1    1      1667
   25    2    2   13    2   32    0    4    9      2417
   25    2    2   14    2   18    0    3    9      1473
   25    2    2   15    2   14    0    1    9      6151
   25    2    2   16    1    6    1    1    1      1170
   25    2    2   17    1   19    3    3    1      2548
   25    2    2   18    1   26    4    4    1      1024
   25    2    2   19    2   27    0    4    9      1256
   25    2    2   20    1   19    3    3    1      1095
   25    2    2   21    1   31    4    4    1      1100
   25    2    2   22    2   16    0    2    9      1601
   25    2    2   23    1   31    4    4    1      1171
   25    2    2   24    2   13    0    1    9      1781
   25    2    2   25    2   14    0    1    9      2127
   25    2    2   26    2    5    0    1    9      1420
   25    2    2   27    1    7    2    2    1       980
   25    2    2   28    2   23    0    3    9      1998
   25    2    2   29    1    2    1    1    1      1695
   25    2    2   30    2   24    0    3    9      3949
   25    2    2   31    2   24    0    3    9      1375
   25    2    2   32    1   21    3    3    1      1850
   25    2    2   33    1   15    2    2    1      2017
   25    2    2   34    2   14    0    1    9      1553
   25    2    2   35    1   22    3    3    1      1860
   25    2    2   36    2    8    0    2    9      2267
   25    2    2   37    2   24    0    3    9      1569
   25    2    2   38    1    3    2    2    1      3107
   25    2    2   39    1    3    2    2    1      1336
   25    2    2   40    1   22    3    3    1      1683
   25    2    2   41    1    2    1    2    0       930
   25    2    2   42    2   14    0    1    9      5244
   25    2    2   43    1   28    4    4    1      5212
   25    2    2   44    1    6    1    1    1      2204
   25    2    2   45    2   20    0    3    9      2246
   25    2    2   46    1   25    4    3    0      1357
   25    2    2   47    1   25    4    4    1      2103
   25    2    2   48    2   29    0    4    9      1076
   25    2    2   49    2   11    0    2    9      2410
   25    2    2   50    1   12    2    2    1      5276
   25    2    2   51    1    7    2    2    1       794
   25    2    2   52    2    4    0    2    9       812
