   20    1    1    1    1    2    1    2    0     10484
   20    1    1    2    1   12    2    1    0      1935
   20    1    1    3    1   26    4    1    0      2115
   20    1    1    4    1   15    2    2    1      1472
   20    1    1    5    1   31    4    4    1      1270
   20    1    1    6    1   28    4    3    0      1165
   20    1    1    7    1   21    3    3    1      1207
   20    1    1    8    1   25    4    3    0      1016
   20    1    1    9    1    3    2    2    1      2473
   20    1    1   10    1    9    1    1    1      1975
   20    1    1   11    1   22    3    3    1      1442
   20    1    1   12    1   19    3    3    1      1546
   20    1    1   13    1    7    2    2    1      1565
   20    1    1   14    1    6    1    2    0       984
   20    1    2    1    1   21    3    1    0      1191
   20    1    2    2    1    7    2    2    1      1425
   20    1    2    3    1   26    4    3    0      1017
   20    1    2    4    1   15    2    1    0       850
   20    1    2    5    1    9    1    1    1       649
   20    1    2    6    1    2    1    2    0      1504
   20    1    2    7    1    3    2    1    0      1205
   20    1    2    8    1   31    4    4    1      1318
   20    1    2    9    1   25    4    3    0      1002
   20    1    2   10    1    6    1    2    0      1315
   20    1    2   11    1   19    3    3    1      1512
   20    1    2   12    1   22    3    3    1       917
   20    1    2   13    1   28    4    4    1       889
   20    1    2   14    1   12    2    1    0      1024
   20    1    3    1    1    7    2    2    1       964
   20    1    3    2    1   12    2    2    1       950
   20    1    3    3    1   19    3    3    1      1057
   20    1    3    4    1    2    1    2    0       873
   20    1    3    5    1   26    4    3    0      1447
   20    1    3    6    1   22    3    4    0       918
   20    1    3    7    1   31    4    4    1      1115
   20    1    3    8    1    9    1    2    0      1143
   20    1    3    9    1   25    4    3    0       963
   20    1    3   10    1    3    2    2    1      1278
   20    1    3   11    1    6    1    2    0       852
   20    1    3   12    1   21    3    3    1      3139
   20    1    3   13    1   15    2    2    1      2615
   20    1    3   14    1   28    4    4    1       984
   20    1    4    1    1   19    3    4    0      1312
   20    1    4    2    1    3    2    2    1       853
   20    1    4    3    1    7    2    2    1       852
   20    1    4    4    1    2    1    2    0       651
   20    1    4    5    1    6    1    2    0       826
   20    1    4    6    1   25    4    3    0       995
   20    1    4    7    1   12    2    2    1      1253
   20    1    4    8    1   22    3    3    1       908
   20    1    4    9    1    9    1    1    1       817
   20    1    4   10    1   28    4    4    1       657
   20    1    4   11    1   15    2    1    0      1032
   20    1    4   12    1   26    4    3    0       824
   20    1    4   13    1   31    4    4    1       752
   20    1    4   14    1   21    3    4    0       939
   20    1    5    1    1   31    4    3    0      1006
   20    1    5    2    1   12    2    2    1      1671
   20    1    5    3    1    6    1    2    0       806
   20    1    5    4    1   28    4    4    1       703
   20    1    5    5    1    7    2    2    1      2140
   20    1    5    6    1   15    2    1    0      1232
   20    1    5    7    1   22    3    3    1       791
   20    1    5    8    1   19    3    3    1       497
   20    1    5    9    1   25    4    4    1       558
   20    1    5   10    1    3    2    2    1       929
   20    1    5   11    1   21    3    3    1      1221
   20    1    5   12    1   26    4    4    1       477
   20    1    5   13    1    2    1    2    0       484
   20    1    5   14    1    9    1    1    1       690
   20    1    6    1    1   21    3    1    0       583
   20    1    6    2    1   15    2    2    1       776
   20    1    6    3    1    3    2    2    1       603
   20    1    6    4    1   22    3    3    1      1084
   20    1    6    5    1   25    4    4    1       410
   20    1    6    6    1    6    1    2    0       587
   20    1    6    7    1   19    3    4    0      1517
   20    1    6    8    1   12    2    2    1      1281
   20    1    6    9    1   31    4    4    1       967
   20    1    6   10    1   28    4    4    1      1457
   20    1    6   11    1   26    4    4    1       624
   20    1    6   12    1    9    1    1    1       633
   20    1    6   13    1    2    1    1    1       872
   20    1    6   14    1    7    2    1    0       575
   20    1    7    1    1   26    4    3    0      4338
   20    1    7    2    1    9    1    1    1       559
   20    1    7    3    1   25    4    4    1      1250
   20    1    7    4    1    3    2    2    1      1145
   20    1    7    5    1   22    3    3    1       757
   20    1    7    6    1   21    3    1    0       680
   20    1    7    7    1   12    2    4    0       854
   20    1    7    8    1   31    4    4    1      1261
   20    1    7    9    1    2    1    2    0      1940
   20    1    7   10    1    7    2    2    1      1016
   20    1    7   11    1   19    3    3    1      1161
   20    1    7   12    1   28    4    4    1       523
   20    1    7   13    1   15    2    1    0      1976
   20    1    7   14    1    6    1    1    1      1090
   20    1    8    1    1   12    2    2    1      1472
   20    1    8    2    1    3    2    2    1      1590
   20    1    8    3    1   19    3    3    1      1216
   20    1    8    4    1    6    1    1    1      1864
   20    1    8    5    1   15    2    1    0       663
   20    1    8    6    1   31    4    4    1       990
   20    1    8    7    1    7    2    2    1       984
   20    1    8    8    1    9    1    1    1       786
   20    1    8    9    1   21    3    3    1       884
   20    1    8   10    1   22    3    3    1       762
   20    1    8   11    1   26    4    4    1       501
   20    1    8   12    1    2    1    2    0      1122
   20    1    8   13    1   28    4    4    1      1134
   20    1    8   14    1   25    4    4    1       722
   20    1    9    1    1   25    4    4    1      1096
   20    1    9    2    1    9    1    1    1       549
   20    1    9    3    1   31    4    4    1      1056
   20    1    9    4    1   26    4    4    1       552
   20    1    9    5    1    2    1    2    0       691
   20    1    9    6    1   19    3    3    1       697
   20    1    9    7    1   22    3    3    1      1006
   20    1    9    8    1   15    2    1    0       887
   20    1    9    9    1    3    2    2    1      1148
   20    1    9   10    1    6    1    1    1       519
   20    1    9   11    1    7    2    2    1       692
   20    1    9   12    1   28    4    4    1      1305
   20    1    9   13    1   21    3    4    0       686
   20    1    9   14    1   12    2    1    0      1028
   20    1   10    1    1    3    2    2    1      2434
   20    1   10    2    1   21    3    4    0       618
   20    1   10    3    1   15    2    2    1      3354
   20    1   10    4    1    7    2    2    1       646
   20    1   10    5    1   12    2    2    1      1325
   20    1   10    6    1   26    4    3    0       890
   20    1   10    7    1   31    4    4    1       719
   20    1   10    8    1   19    3    3    1       716
   20    1   10    9    1   28    4    4    1      1064
   20    1   10   10    1   22    3    4    0      1686
   20    1   10   11    1    9    1    1    1      1268
   20    1   10   12    1    6    1    1    1       906
   20    1   10   13    1    2    1    2    0       751
   20    1   10   14    1   25    4    3    0       826
   20    2    1    1    1   25    4    4    1      1738
   20    2    1    2    1    2    1    2    0      1189
   20    2    1    3    2   30    0    4    9      1014
   20    2    1    4    2   20    0    4    9      1023
   20    2    1    5    2   18    0    3    9      2039
   20    2    1    6    1   12    2    2    1      1535
   20    2    1    7    1   31    4    4    1      2979
   20    2    1    8    1    3    2    2    1       733
   20    2    1    9    2   24    0    4    9       841
   20    2    1   10    1   15    2    2    1      1216
   20    2    1   11    1    2    1    2    0       938
   20    2    1   12    2   14    0    1    9       701
   20    2    1   13    1   22    3    3    1      1258
   20    2    1   14    1   26    4    4    1      1257
   20    2    1   15    2   32    0    4    9       776
   20    2    1   16    1   26    4    4    1      1843
   20    2    1   17    1   15    2    2    1      1778
   20    2    1   18    2   24    0    4    9      1693
   20    2    1   19    1   28    4    4    1      1451
   20    2    1   20    2   24    0    3    9      1226
   20    2    1   21    1   25    4    4    1       819
   20    2    1   22    1    6    1    2    0      1259
   20    2    1   23    1    7    2    2    1       794
   20    2    1   24    1   12    2    2    1      1340
   20    2    1   25    2   14    0    1    9       607
   20    2    1   26    2   13    0    1    9       680
   20    2    1   27    1    6    1    2    0      1406
   20    2    1   28    2    1    0    1    9      1367
   20    2    1   29    2   14    0    2    9       929
   20    2    1   30    2   29    0    3    9       838
   20    2    1   31    1    9    1    1    1      1117
   20    2    1   32    2   11    0    2    9      1122
   20    2    1   33    1   19    3    3    1      1062
   20    2    1   34    2   27    0    4    9      1261
   20    2    1   35    1    7    2    2    1      2140
   20    2    1   36    1    9    1    1    1       680
   20    2    1   37    1   21    3    3    1      2038
   20    2    1   38    2   17    0    3    9       774
   20    2    1   39    2   16    0    2    9      2096
   20    2    1   40    2    5    0    1    9       638
   20    2    1   41    1   31    4    4    1      3214
   20    2    1   42    2   14    0    1    9      3206
   20    2    1   43    1   19    3    4    0      1655
   20    2    1   44    1   28    4    4    1       599
   20    2    1   45    1   22    3    3    1       776
   20    2    1   46    2   23    0    4    9       914
   20    2    1   47    2   24    0    4    9      2462
   20    2    1   48    2   10    0    1    9      2493
   20    2    1   49    2    8    0    2    9       835
   20    2    1   50    2    4    0    2    9      1195
   20    2    1   51    1    3    2    2    1      2293
   20    2    1   52    1   21    3    3    1       995
   20    2    2    1    1   26    4    4    1       948
   20    2    2    2    2   20    0    4    9       839
   20    2    2    3    2   29    0    4    9       855
   20    2    2    4    1    9    1    1    1      1486
   20    2    2    5    2   14    0    1    9       876
   20    2    2    6    1    3    2    2    1       650
   20    2    2    7    2   24    0    4    9       729
   20    2    2    8    2   24    0    4    9       870
   20    2    2    9    2   11    0    1    9      1404
   20    2    2   10    2    5    0    2    9      1085
   20    2    2   11    1   15    2    1    0      1875
   20    2    2   12    2   17    0    3    9      1161
   20    2    2   13    2    1    0    1    9      2236
   20    2    2   14    2   27    0    4    9      2404
   20    2    2   15    2   14    0    1    9       677
   20    2    2   16    1    7    2    2    1      1403
   20    2    2   17    1    2    1    2    0      1085
   20    2    2   18    1   15    2    1    0       802
   20    2    2   19    2   16    0    2    9       843
   20    2    2   20    1   22    3    3    1      1331
   20    2    2   21    2    4    0    2    9      1663
   20    2    2   22    1   25    4    4    1       838
   20    2    2   23    1   12    2    2    1      1749
   20    2    2   24    2   32    0    4    9       561
   20    2    2   25    1    6    1    2    0      2523
   20    2    2   26    1   19    3    3    1       720
   20    2    2   27    1   28    4    4    1       620
   20    2    2   28    2   18    0    3    9      1109
   20    2    2   29    2   24    0    4    9       810
   20    2    2   30    2   14    0    1    9       939
   20    2    2   31    1    7    2    2    1       502
   20    2    2   32    1    2    1    1    1       835
   20    2    2   33    1   12    2    2    1       563
   20    2    2   34    2   14    0    1    9       534
   20    2    2   35    2   10    0    1    9       682
   20    2    2   36    2   30    0    4    9       648
   20    2    2   37    2   13    0    1    9       663
   20    2    2   38    1    9    1    1    1       702
   20    2    2   39    1    6    1    2    0      1618
   20    2    2   40    1   31    4    4    1       851
   20    2    2   41    1   19    3    3    1       634
   20    2    2   42    1   21    3    4    0      1626
   20    2    2   43    2   24    0    4    9       827
   20    2    2   44    1   22    3    3    1       675
   20    2    2   45    1   28    4    4    1       585
   20    2    2   46    1   25    4    4    1       651
   20    2    2   47    2   23    0    4    9       705
   20    2    2   48    1   31    4    4    1       727
   20    2    2   49    1    3    2    2    1       755
   20    2    2   50    2    8    0    4    9       630
   20    2    2   51    1   26    4    1    0       630
   20    2    2   52    1   21    3    1    0      1350
