   11    1    1    1    1    9    1    1    1      3553
   11    1    1    2    1    7    2    2    1      3144
   11    1    1    3    1   19    1    2    0      4411
   11    1    1    4    1   25    2    1    0      2420
   11    1    1    5    1    6    1    1    1      3147
   11    1    1    6    1   22    1    2    0       718
   11    1    1    7    1    2    1    1    1      4938
   11    1    1    8    1   21    1    2    0       645
   11    1    1    9    1   12    2    2    1      1508
   11    1    1   10    1   28    2    2    1       553
   11    1    1   11    1   31    2    2    1       611
   11    1    1   12    1   15    2    2    1       684
   11    1    1   13    1    3    2    2    1      1137
   11    1    1   14    1   26    2    1    0       740
   11    1    2    1    1   28    2    2    1      1090
   11    1    2    2    1    7    2    2    1      1175
   11    1    2    3    1    6    1    1    1      2889
   11    1    2    4    1   12    2    2    1       726
   11    1    2    5    1   21    1    1    1      2154
   11    1    2    6    1   26    2    1    0      2309
   11    1    2    7    1   15    2    2    1       881
   11    1    2    8    1   19    1    1    1      1694
   11    1    2    9    1    2    1    2    0      1404
   11    1    2   10    1    9    1    1    1      1516
   11    1    2   11    1   22    1    2    0      2112
   11    1    2   12    1   25    2    1    0      1189
   11    1    2   13    1   31    2    1    0      1198
   11    1    2   14    1    3    2    2    1      1463
   11    1    3    1    1    2    1    1    1      1863
   11    1    3    2    1   31    2    2    1      1197
   11    1    3    3    1   26    2    1    0      2142
   11    1    3    4    1   12    2    2    1      1377
   11    1    3    5    1   28    2    2    1      1019
   11    1    3    6    1    7    2    2    1      2643
   11    1    3    7    1    6    1    1    1      1626
   11    1    3    8    1   22    1    1    1      8426
   11    1    3    9    1   21    1    1    1       762
   11    1    3   10    1   15    2    2    1       749
   11    1    3   11    1   25    2    1    0       591
   11    1    3   12    1   19    1    2    0       993
   11    1    3   13    1    3    2    1    0      3202
   11    1    3   14    1    9    1    1    1      1050
   11    1    4    1    1   15    2    2    1     10706
   11    1    4    2    1   12    2    2    1      3287
   11    1    4    3    1   28    2    2    1      1332
   11    1    4    4    1   25    2    1    0      1663
   11    1    4    5    1    6    1    1    1      1173
   11    1    4    6    1   21    1    1    1      1463
   11    1    4    7    1   22    1    1    1      1357
   11    1    4    8    1    7    2    1    0       952
   11    1    4    9    1    9    1    1    1      1530
   11    1    4   10    1   26    2    1    0       990
   11    1    4   11    1   19    1    2    0      2015
   11    1    4   12    1   31    2    2    1     11126
   11    1    4   13    1    3    2    1    0      4714
   11    1    4   14    1    2    1    1    1      1206
   11    1    5    1    1   26    2    1    0      7515
   11    1    5    2    1   21    1    2    0      3431
   11    1    5    3    1    2    1    1    1      1287
   11    1    5    4    1   22    1    1    1      3108
   11    1    5    5    1    3    2    2    1       552
   11    1    5    6    1   28    2    2    1       467
   11    1    5    7    1   31    2    2    1      1409
   11    1    5    8    1   19    1    2    0       746
   11    1    5    9    1   12    2    2    1      2885
   11    1    5   10    1    9    1    1    1      5858
   11    1    5   11    1    6    1    1    1      4809
   11    1    5   12    1    7    2    2    1      1305
   11    1    5   13    1   15    2    1    0      1398
   11    1    5   14    1   25    2    1    0      1079
   11    1    6    1    1   12    2    2    1      2350
   11    1    6    2    1   26    2    1    0      2833
   11    1    6    3    1   19    1    2    0      8152
   11    1    6    4    1   25    2    1    0      3659
   11    1    6    5    1   28    2    2    1      1441
   11    1    6    6    1    3    2    1    0      1545
   11    1    6    7    1   21    1    1    1       852
   11    1    6    8    1    2    1    2    0      1042
   11    1    6    9    1    7    2    2    1      1106
   11    1    6   10    1    9    1    1    1       998
   11    1    6   11    1   15    2    2    1       815
   11    1    6   12    1   22    1    2    0      3199
   11    1    6   13    1   31    2    2    1      2328
   11    1    6   14    1    6    1    1    1      3131
   11    1    7    1    1   31    2    2    1      1599
   11    1    7    2    1    9    1    1    1      1135
   11    1    7    3    1   15    2    2    1       850
   11    1    7    4    1   26    2    2    1      1953
   11    1    7    5    1    3    2    2    1      1716
   11    1    7    6    1   22    1    1    1      1551
   11    1    7    7    1   19    1    2    0       674
   11    1    7    8    1   12    2    2    1       800
   11    1    7    9    1   25    2    1    0       897
   11    1    7   10    1   28    2    2    1       998
   11    1    7   11    1   21    1    1    1      2014
   11    1    7   12    1    7    2    2    1      1694
   11    1    7   13    1    6    1    1    1      1355
   11    1    7   14    1    2    1    2    0      1046
   11    1    8    1    1    7    2    2    1      4175
   11    1    8    2    1    3    2    2    1       984
   11    1    8    3    1   25    2    1    0       881
   11    1    8    4    1   15    2    2    1      1223
   11    1    8    5    1   31    2    2    1      1079
   11    1    8    6    1   19    1    1    1      1853
   11    1    8    7    1   12    2    2    1       932
   11    1    8    8    1   26    2    1    0      2271
   11    1    8    9    1   28    2    2    1       701
   11    1    8   10    1   22    1    2    0      4337
   11    1    8   11    1   21    1    1    1       780
   11    1    8   12    1    2    1    2    0      1118
   11    1    8   13    1    9    1    1    1      1434
   11    1    8   14    1    6    1    2    0      3297
   11    1    9    1    1   26    2    1    0     11106
   11    1    9    2    1    6    1    2    0      1870
   11    1    9    3    1    9    1    1    1       876
   11    1    9    4    1    7    2    2    1      1146
   11    1    9    5    1   31    2    2    1      1373
   11    1    9    6    1   15    2    2    1      3367
   11    1    9    7    1    2    1    2    0      6625
   11    1    9    8    1    3    2    2    1      1617
   11    1    9    9    1   21    1    1    1      1200
   11    1    9   10    1   28    2    2    1       753
   11    1    9   11    1   12    2    2    1       724
   11    1    9   12    1   22    1    1    1      1448
   11    1    9   13    1   25    2    1    0       670
   11    1    9   14    1   19    1    1    1      2172
   11    1   10    1    1    9    1    1    1      1091
   11    1   10    2    1   26    2    1    0      1080
   11    1   10    3    1   31    2    2    1     14565
   11    1   10    4    1   22    1    1    1      3311
   11    1   10    5    1   19    1    2    0      1292
   11    1   10    6    1    6    1    2    0      1649
   11    1   10    7    1   15    2    2    1      4248
   11    1   10    8    1    3    2    2    1      6830
   11    1   10    9    1    2    1    1    1      2333
   11    1   10   10    1   25    2    1    0       961
   11    1   10   11    1   28    2    2    1       771
   11    1   10   12    1   21    1    1    1      1317
   11    1   10   13    1    7    2    2    1       993
   11    1   10   14    1   12    2    2    1       715
   11    2    1    1    1   31    2    2    1      3205
   11    2    1    2    1   22    1    2    0      2757
   11    2    1    3    2   10    0    1    9      1895
   11    2    1    4    2    1    0    1    9      1229
   11    2    1    5    1   19    1    2    0      1997
   11    2    1    6    1   26    2    1    0      4685
   11    2    1    7    1   19    1    2    0      1107
   11    2    1    8    2   18    0    2    9      1783
   11    2    1    9    2   20    0    2    9       865
   11    2    1   10    1    6    1    2    0      1230
   11    2    1   11    2   24    0    2    9      2702
   11    2    1   12    1   25    2    1    0       962
   11    2    1   13    2    8    0    2    9      2237
   11    2    1   14    1   28    2    2    1       708
   11    2    1   15    2   24    0    2    9      4329
   11    2    1   16    1   28    2    2    1       860
   11    2    1   17    1   12    2    2    1      1324
   11    2    1   18    2   24    0    2    9       632
   11    2    1   19    1    9    1    1    1      2783
   11    2    1   20    2   14    0    1    9      1233
   11    2    1   21    1    7    2    1    0      1088
   11    2    1   22    1    3    2    2    1       917
   11    2    1   23    1   21    1    2    0      2881
   11    2    1   24    1   15    2    2    1      1646
   11    2    1   25    1   22    1    1    1      3805
   11    2    1   26    1   21    1    1    1      1126
   11    2    1   27    2   23    0    2    9      1769
   11    2    1   28    2   14    0    2    9      3203
   11    2    1   29    1   12    2    2    1      2724
   11    2    1   30    1    9    1    1    1       712
   11    2    1   31    2   14    0    2    9      2988
   11    2    1   32    1    2    1    2    0      1765
   11    2    1   33    2   14    0    1    9      2800
   11    2    1   34    1   25    2    1    0      1425
   11    2    1   35    2   24    0    2    9      1017
   11    2    1   36    2   17    0    1    9      1585
   11    2    1   37    1    7    2    1    0      2962
   11    2    1   38    2   29    0    1    9       908
   11    2    1   39    2   11    0    2    9      1114
   11    2    1   40    2    4    0    2    9       526
   11    2    1   41    1   26    2    1    0      5338
   11    2    1   42    2   27    0    1    9      4453
   11    2    1   43    2   30    0    1    9      2468
   11    2    1   44    1    6    1    1    1      1106
   11    2    1   45    1    3    2    2    1      4102
   11    2    1   46    2   16    0    2    9       947
   11    2    1   47    2   13    0    1    9      1326
   11    2    1   48    2    5    0    1    9      1546
   11    2    1   49    1   31    2    1    0      1933
   11    2    1   50    2   32    0    2    9       704
   11    2    1   51    1   15    2    2    1      8948
   11    2    1   52    1    2    1    1    1      6175
   11    2    2    1    2   23    0    2    9      1977
   11    2    2    2    1    7    2    2    1      3355
   11    2    2    3    2   20    0    2    9      6917
   11    2    2    4    2   29    0    2    9      4385
   11    2    2    5    2   24    0    2    9      4466
   11    2    2    6    2   13    0    1    9      1409
   11    2    2    7    1   15    2    2    1      1626
   11    2    2    8    1   31    2    2    1       938
   11    2    2    9    1    2    1    1    1      1621
   11    2    2   10    2   27    0    2    9      4709
   11    2    2   11    2   24    0    2    9       954
   11    2    2   12    2    4    0    1    9       884
   11    2    2   13    1   19    1    1    1      3409
   11    2    2   14    2   14    0    2    9      2953
   11    2    2   15    1    9    1    1    1      2677
   11    2    2   16    2   11    0    2    9      3787
   11    2    2   17    2   24    0    2    9     11044
   11    2    2   18    1    9    1    1    1      3403
   11    2    2   19    2   14    0    2    9      3748
   11    2    2   20    2   14    0    2    9       927
   11    2    2   21    1   22    1    2    0      1291
   11    2    2   22    1    6    1    1    1      1208
   11    2    2   23    2   32    0    2    9      2553
   11    2    2   24    1   25    2    1    0      3811
   11    2    2   25    2   10    0    2    9      2108
   11    2    2   26    1   26    2    2    1      9816
   11    2    2   27    1   15    2    2    1      1135
   11    2    2   28    2   14    0    2    9      1428
   11    2    2   29    1   19    1    1    1      1628
   11    2    2   30    1   21    1    1    1      5340
   11    2    2   31    2   24    0    2    9      1479
   11    2    2   32    1    3    2    1    0      1245
   11    2    2   33    1   26    2    2    1      5036
   11    2    2   34    1    6    1    1    1      3892
   11    2    2   35    2   17    0    1    9      2105
   11    2    2   36    1   12    2    2    1     54276
   11    2    2   37    2   30    0    2    9      4250
   11    2    2   38    2    8    0    2    9      2194
   11    2    2   39    1    7    2    1    0      2251
   11    2    2   40    2   16    0    2    9      1106
   11    2    2   41    2   18    0    1    9      5734
   11    2    2   42    2    1    0    1    9      2769
   11    2    2   43    1   25    2    1    0      1347
   11    2    2   44    1   28    2    2    1      2510
   11    2    2   45    1   12    2    2    1      1307
   11    2    2   46    1    3    2    1    0      1223
   11    2    2   47    1   28    2    2    1      1239
   11    2    2   48    1   21    1    1    1      2422
   11    2    2   49    1    2    1    1    1      2262
   11    2    2   50    2    5    0    2    9      1773
   11    2    2   51    1   22    1    2    0     15030
   11    2    2   52    1   31    2    2    1      9406
