   17    1    1    1    1    3    2    1    0     11979
   17    1    1    2    1   26    2    1    0      2910
   17    1    1    3    1   21    1    2    0      2051
   17    1    1    4    1   12    2    2    1      9722
   17    1    1    5    1    7    2    1    0       726
   17    1    1    6    1    2    1    1    1      4258
   17    1    1    7    1   19    1    1    1      2520
   17    1    1    8    1   15    2    2    1      1093
   17    1    1    9    1   28    2    2    1      1466
   17    1    1   10    1   31    2    2    1      1152
   17    1    1   11    1   22    1    1    1      1219
   17    1    1   12    1   25    2    2    1      1907
   17    1    1   13    1    9    1    2    0       759
   17    1    1   14    1    6    1    1    1      1698
   17    1    2    1    1    3    2    1    0      2381
   17    1    2    2    1   22    1    1    1      1222
   17    1    2    3    1    9    1    2    0      1046
   17    1    2    4    1   25    2    2    1      1093
   17    1    2    5    1    7    2    2    1      1691
   17    1    2    6    1   19    1    1    1       665
   17    1    2    7    1    6    1    2    0       911
   17    1    2    8    1   12    2    2    1      1027
   17    1    2    9    1   28    2    1    0      1403
   17    1    2   10    1   15    2    2    1       892
   17    1    2   11    1   31    2    2    1       969
   17    1    2   12    1   21    1    1    1       819
   17    1    2   13    1   26    2    2    1       995
   17    1    2   14    1    2    1    1    1       509
   17    1    3    1    1    7    2    2    1       780
   17    1    3    2    1   26    2    2    1      1053
   17    1    3    3    1   22    1    1    1       580
   17    1    3    4    1    6    1    1    1      1117
   17    1    3    5    1   31    2    2    1      1217
   17    1    3    6    1    9    1    1    1      3296
   17    1    3    7    1    3    2    1    0      1727
   17    1    3    8    1   28    2    2    1       850
   17    1    3    9    1   19    1    2    0      3393
   17    1    3   10    1    2    1    1    1       818
   17    1    3   11    1   25    2    2    1       994
   17    1    3   12    1   12    2    2    1       988
   17    1    3   13    1   21    1    1    1      1413
   17    1    3   14    1   15    2    2    1      1149
   17    1    4    1    1   15    2    2    1      3678
   17    1    4    2    1    9    1    2    0      1548
   17    1    4    3    1   21    1    1    1      6263
   17    1    4    4    1   25    2    2    1      1901
   17    1    4    5    1    3    2    1    0      1617
   17    1    4    6    1   28    2    2    1       746
   17    1    4    7    1   22    1    2    0      1021
   17    1    4    8    1    6    1    1    1      1149
   17    1    4    9    1   26    2    1    0      1072
   17    1    4   10    1   12    2    2    1      2445
   17    1    4   11    1   19    1    1    1      1069
   17    1    4   12    1    7    2    1    0      2179
   17    1    4   13    1   31    2    2    1      1717
   17    1    4   14    1    2    1    1    1       833
   17    1    5    1    1    9    1    1    1      1273
   17    1    5    2    1   28    2    2    1       823
   17    1    5    3    1    2    1    1    1       792
   17    1    5    4    1   22    1    1    1      2409
   17    1    5    5    1   21    1    1    1       713
   17    1    5    6    1   31    2    2    1       574
   17    1    5    7    1    6    1    1    1      1417
   17    1    5    8    1   12    2    2    1      1169
   17    1    5    9    1   26    2    2    1      1267
   17    1    5   10    1   19    1    2    0      4385
   17    1    5   11    1   15    2    2    1       810
   17    1    5   12    1    7    2    2    1       731
   17    1    5   13    1    3    2    1    0       814
   17    1    5   14    1   25    2    1    0      2487
   17    1    6    1    1    3    2    1    0      2448
   17    1    6    2    1   21    1    1    1      2982
   17    1    6    3    1    9    1    2    0      1616
   17    1    6    4    1   25    2    1    0      1464
   17    1    6    5    1    7    2    2    1      2982
   17    1    6    6    1   15    2    2    1       831
   17    1    6    7    1   26    2    1    0      1647
   17    1    6    8    1   22    1    1    1       997
   17    1    6    9    1   28    2    2    1      1102
   17    1    6   10    1   31    2    2    1       898
   17    1    6   11    1   19    1    1    1      1087
   17    1    6   12    1    6    1    1    1      1316
   17    1    6   13    1    2    1    1    1       688
   17    1    6   14    1   12    2    2    1       534
   17    1    7    1    1   22    1    1    1      1654
   17    1    7    2    1   26    2    2    1       852
   17    1    7    3    1    3    2    2    1      1283
   17    1    7    4    1   28    2    2    1       736
   17    1    7    5    1    2    1    1    1       772
   17    1    7    6    1   15    2    2    1       774
   17    1    7    7    1    7    2    2    1       840
   17    1    7    8    1    6    1    1    1      1047
   17    1    7    9    1   19    1    2    0       974
   17    1    7   10    1   12    2    2    1       560
   17    1    7   11    1   25    2    1    0      1787
   17    1    7   12    1    9    1    2    0      3356
   17    1    7   13    1   31    2    2    1       479
   17    1    7   14    1   21    1    1    1       653
   17    1    8    1    1    9    1    2    0      2139
   17    1    8    2    1    6    1    1    1      1262
   17    1    8    3    1   15    2    2    1       653
   17    1    8    4    1   26    2    2    1      1620
   17    1    8    5    1   22    1    1    1      1235
   17    1    8    6    1    3    2    2    1      1347
   17    1    8    7    1   21    1    1    1       925
   17    1    8    8    1   12    2    2    1       649
   17    1    8    9    1   28    2    2    1       784
   17    1    8   10    1   25    2    2    1      1729
   17    1    8   11    1    2    1    1    1       957
   17    1    8   12    1   31    2    2    1       855
   17    1    8   13    1   19    1    2    0       966
   17    1    8   14    1    7    2    2    1       904
   17    1    9    1    1   22    1    1    1      2414
   17    1    9    2    1   15    2    2    1       654
   17    1    9    3    1    2    1    1    1       933
   17    1    9    4    1   21    1    1    1       976
   17    1    9    5    1   19    1    1    1      2970
   17    1    9    6    1    7    2    2    1      1332
   17    1    9    7    1   12    2    2    1       800
   17    1    9    8    1   25    2    2    1      2737
   17    1    9    9    1    9    1    2    0      1188
   17    1    9   10    1   26    2    2    1      1086
   17    1    9   11    1    3    2    1    0      1763
   17    1    9   12    1   31    2    2    1       693
   17    1    9   13    1    6    1    2    0      1947
   17    1    9   14    1   28    2    2    1       565
   17    1   10    1    1   15    2    2    1       916
   17    1   10    2    1    2    1    1    1      1712
   17    1   10    3    1   26    2    2    1      4572
   17    1   10    4    1   31    2    2    1       838
   17    1   10    5    1   22    1    1    1      1302
   17    1   10    6    1   21    1    1    1      2594
   17    1   10    7    1   19    1    1    1      5052
   17    1   10    8    1   12    2    2    1       882
   17    1   10    9    1    6    1    1    1      2448
   17    1   10   10    1    3    2    1    0      1391
   17    1   10   11    1    7    2    2    1      1168
   17    1   10   12    1    9    1    2    0       914
   17    1   10   13    1   25    2    2    1      1158
   17    1   10   14    1   28    2    2    1      6249
   17    2    1    1    2    5    0    1    9      2026
   17    2    1    2    1    2    1    1    1      2905
   17    2    1    3    2   20    0    2    9       709
   17    2    1    4    2    1    0    1    9       858
   17    2    1    5    2   11    0    2    9      1817
   17    2    1    6    2    8    0    2    9       817
   17    2    1    7    2   24    0    2    9       849
   17    2    1    8    2   14    0    2    9       927
   17    2    1    9    1   31    2    2    1      1675
   17    2    1   10    2   18    0    1    9       601
   17    2    1   11    1   12    2    1    0      2978
   17    2    1   12    1    7    2    2    1      1084
   17    2    1   13    1    2    1    1    1      1282
   17    2    1   14    1    6    1    1    1      1935
   17    2    1   15    2   14    0    2    9      2051
   17    2    1   16    2   32    0    2    9       769
   17    2    1   17    2   13    0    1    9      1011
   17    2    1   18    1   22    1    1    1      2012
   17    2    1   19    1    7    2    2    1      2573
   17    2    1   20    1   25    2    1    0      1638
   17    2    1   21    1    9    1    1    1       758
   17    2    1   22    1   19    1    2    0      2025
   17    2    1   23    1   26    2    2    1       841
   17    2    1   24    2   17    0    1    9      3496
   17    2    1   25    1   12    2    2    1      1821
   17    2    1   26    1    9    1    2    0      3813
   17    2    1   27    2   14    0    2    9      1997
   17    2    1   28    2   24    0    2    9      1710
   17    2    1   29    2   14    0    2    9      1850
   17    2    1   30    1   22    1    1    1      1585
   17    2    1   31    2   23    0    2    9      1586
   17    2    1   32    1   19    1    1    1      3076
   17    2    1   33    1    3    2    2    1      2298
   17    2    1   34    1   15    2    2    1      1310
   17    2    1   35    1   31    2    2    1      1675
   17    2    1   36    2   10    0    1    9      1433
   17    2    1   37    2   27    0    2    9      1184
   17    2    1   38    2    4    0    2    9      2418
   17    2    1   39    2   24    0    2    9       498
   17    2    1   40    1   28    2    2    1      1295
   17    2    1   41    1   21    1    1    1       796
   17    2    1   42    2   24    0    2    9       477
   17    2    1   43    1    3    2    1    0      1355
   17    2    1   44    1    6    1    1    1       870
   17    2    1   45    2   16    0    2    9      1317
   17    2    1   46    2   30    0    1    9      1873
   17    2    1   47    2   29    0    1    9      1335
   17    2    1   48    1   26    2    1    0      1074
   17    2    1   49    1   21    1    1    1      3929
   17    2    1   50    1   28    2    2    1       525
   17    2    1   51    1   25    2    1    0       553
   17    2    1   52    1   15    2    2    1      6227
   17    2    2    1    1    3    2    1    0      1019
   17    2    2    2    2   10    0    2    9      3219
   17    2    2    3    1   22    1    1    1       979
   17    2    2    4    2   14    0    2    9       973
   17    2    2    5    1   15    2    2    1      1047
   17    2    2    6    1   12    2    2    1       574
   17    2    2    7    1   22    1    1    1       584
   17    2    2    8    2   29    0    2    9      1026
   17    2    2    9    2    4    0    2    9      1418
   17    2    2   10    2   13    0    1    9      2738
   17    2    2   11    2   11    0    2    9       598
   17    2    2   12    2   24    0    2    9       607
   17    2    2   13    1   31    2    2    1       552
   17    2    2   14    1    9    1    1    1       867
   17    2    2   15    2   14    0    2    9      1473
   17    2    2   16    1    2    1    1    1       983
   17    2    2   17    1    6    1    1    1       385
   17    2    2   18    2    1    0    1    9       659
   17    2    2   19    1   15    2    2    1      2666
   17    2    2   20    1   19    1    2    0       816
   17    2    2   21    1   31    2    2    1       673
   17    2    2   22    1    6    1    1    1       566
   17    2    2   23    2   20    0    2    9       704
   17    2    2   24    1    9    1    1    1      3621
   17    2    2   25    1    2    1    1    1       869
   17    2    2   26    1   19    1    1    1       563
   17    2    2   27    1    7    2    2    1      1341
   17    2    2   28    2   17    0    1    9       953
   17    2    2   29    2   27    0    2    9      3411
   17    2    2   30    1   21    1    1    1      1340
   17    2    2   31    1   12    2    2    1      2023
   17    2    2   32    1   25    2    1    0      2455
   17    2    2   33    1   26    2    2    1      1686
   17    2    2   34    1    3    2    1    0      1732
   17    2    2   35    2    8    0    2    9       799
   17    2    2   36    1   26    2    2    1      2336
   17    2    2   37    1    7    2    2    1      1091
   17    2    2   38    2   23    0    2    9      1304
   17    2    2   39    2    5    0    1    9       757
   17    2    2   40    1   25    2    1    0      1080
   17    2    2   41    1   28    2    2    1       653
   17    2    2   42    2   18    0    1    9      2836
   17    2    2   43    2   32    0    2    9       532
   17    2    2   44    2   14    0    2    9       799
   17    2    2   45    1   28    2    2    1      1056
   17    2    2   46    2   30    0    1    9       758
   17    2    2   47    2   24    0    2    9      1017
   17    2    2   48    2   16    0    2    9      1457
   17    2    2   49    2   24    0    2    9       520
   17    2    2   50    2   14    0    2    9      1060
   17    2    2   51    2   24    0    2    9       667
   17    2    2   52    1   21    1    1    1       577
