   49    1    1    1    1    6    1    1    1      3597
   49    1    1    2    1    9    1    1    1      1307
   49    1    1    3    1    7    2    1    0      1352
   49    1    1    4    1   21    1    1    1       642
   49    1    1    5    1   12    2    2    1       658
   49    1    1    6    1   22    1    1    1       905
   49    1    1    7    1    2    1    1    1      2341
   49    1    1    8    1   19    1    2    0       809
   49    1    1    9    1   25    2    1    0      1778
   49    1    1   10    1   15    2    2    1      2036
   49    1    1   11    1   26    2    1    0      1260
   49    1    1   12    1   28    2    2    1      1003
   49    1    1   13    1    3    2    2    1      1876
   49    1    1   14    1   31    2    1    0      2722
   49    2    1    1    2   14    0    1    9       929
   49    2    1    2    2   27    0    2    9      2388
   49    2    1    3    1   19    1    2    0      1837
   49    2    1    4    1   26    2    1    0       973
   49    2    1    5    2    1    0    1    9      1919
   49    2    1    6    1   15    2    2    1      2059
   49    2    1    7    1   21    1    2    0      1362
   49    2    1    8    2    8    0    2    9       718
   49    2    1    9    1    3    2    2    1      1458
   49    2    1   10    2   32    0    2    9      1360
   49    2    1   11    2   17    0    1    9      1211
   49    2    1   12    2   13    0    1    9       956
   49    2    1   13    1   21    1    1    1       623
   49    2    1   14    1    2    1    2    0      3295
   49    2    1   15    2   14    0    1    9       620
   49    2    1   16    1   26    2    1    0       533
   49    2    1   17    1   12    2    2    1      3104
   49    2    1   18    2   30    0    1    9      1517
   49    2    1   19    2   18    0    1    9      1097
   49    2    1   20    1    9    1    1    1       903
   49    2    1   21    1    2    1    2    0      1179
   49    2    1   22    2   29    0    1    9       574
   49    2    1   23    1   28    2    2    1       601
   49    2    1   24    2   24    0    2    9       705
   49    2    1   25    1    6    1    1    1       646
   49    2    1   26    1   28    2    2    1       558
   49    2    1   27    2    5    0    1    9       544
   49    2    1   28    2   14    0    1    9       572
   49    2    1   29    2   10    0    1    9       574
   49    2    1   30    1    7    2    1    0       937
   49    2    1   31    1   31    2    2    1       533
   49    2    1   32    1    3    2    2    1       817
   49    2    1   33    1   19    1    2    0      1130
   49    2    1   34    1    9    1    1    1       766
   49    2    1   35    1    7    2    2    1       728
   49    2    1   36    2   16    0    2    9       691
   49    2    1   37    1   31    2    2    1       833
   49    2    1   38    1    6    1    1    1       553
   49    2    1   39    1   15    2    2    1       939
   49    2    1   40    2   24    0    2    9       728
   49    2    1   41    2    4    0    2    9       500
   49    2    1   42    1   22    1    1    1       721
   49    2    1   43    2   20    0    2    9       590
   49    2    1   44    1   22    1    1    1       815
   49    2    1   45    2   24    0    2    9       616
   49    2    1   46    2   24    0    2    9       552
   49    2    1   47    1   25    2    1    0       596
   49    2    1   48    2   14    0    1    9       942
   49    2    1   49    1   12    2    2    1       714
   49    2    1   50    2   11    0    2    9       870
   49    2    1   51    2   23    0    2    9       621
   49    2    1   52    1   25    2    1    0      1134
