   43    1    1    1    1   26    2    1    0      4162
   43    1    1    2    1   28    2    1    0      2253
   43    1    1    3    1   19    1    2    0       933
   43    1    1    4    1    2    1    1    1      3616
   43    1    1    5    1    3    2    2    1      1144
   43    1    1    6    1    6    1    1    1       693
   43    1    1    7    1   15    2    2    1      1195
   43    1    1    8    1   12    2    2    1      1028
   43    1    1    9    1    7    2    2    1       996
   43    1    1   10    1   22    1    1    1       679
   43    1    1   11    1    9    1    1    1       812
   43    1    1   12    1   31    2    2    1       558
   43    1    1   13    1   21    1    1    1       505
   43    1    1   14    1   25    2    1    0       462
   43    2    1    1    2    1    0    1    9      1258
   43    2    1    2    1   31    2    2    1       815
   43    2    1    3    2   30    0    1    9      1456
   43    2    1    4    1    7    2    2    1       520
   43    2    1    5    2   24    0    2    9       484
   43    2    1    6    1    3    2    2    1       922
   43    2    1    7    1   26    2    1    0       839
   43    2    1    8    1   12    2    1    0       727
   43    2    1    9    1   12    2    2    1       707
   43    2    1   10    2   18    0    2    9      2000
   43    2    1   11    1    9    1    1    1       881
   43    2    1   12    2   14    0    1    9       687
   43    2    1   13    1   25    2    1    0      3068
   43    2    1   14    1    3    2    2    1      1394
   43    2    1   15    2   27    0    2    9       548
   43    2    1   16    2   16    0    2    9       992
   43    2    1   17    2    8    0    1    9       698
   43    2    1   18    2    5    0    2    9       687
   43    2    1   19    1    6    1    1    1       533
   43    2    1   20    2   14    0    1    9       800
   43    2    1   21    2    4    0    2    9       482
   43    2    1   22    1   21    1    1    1       479
   43    2    1   23    1   25    2    1    0       862
   43    2    1   24    2   14    0    1    9      1709
   43    2    1   25    2   23    0    2    9       563
   43    2    1   26    2   24    0    1    9      1414
   43    2    1   27    1   15    2    2    1       927
   43    2    1   28    2   29    0    1    9       572
   43    2    1   29    2   24    0    2    9       342
   43    2    1   30    1   19    1    2    0       714
   43    2    1   31    1   15    2    1    0       743
   43    2    1   32    2   14    0    1    9       483
   43    2    1   33    1    6    1    2    0       360
   43    2    1   34    1    2    1    1    1       260
   43    2    1   35    2   17    0    1    9       570
   43    2    1   36    1    7    2    2    1       709
   43    2    1   37    1   28    2    2    1      1283
   43    2    1   38    1   22    1    1    1       840
   43    2    1   39    1   31    2    1    0       648
   43    2    1   40    1    9    1    2    0       896
   43    2    1   41    2   11    0    2    9       548
   43    2    1   42    1   28    2    1    0       616
   43    2    1   43    2   24    0    2    9       505
   43    2    1   44    1   22    1    2    0       726
   43    2    1   45    1   19    1    1    1       459
   43    2    1   46    1   21    1    2    0       601
   43    2    1   47    1   26    2    2    1       427
   43    2    1   48    2   32    0    2    9       795
   43    2    1   49    2   13    0    1    9      1580
   43    2    1   50    2   20    0    2    9       663
   43    2    1   51    2   10    0    2    9       758
   43    2    1   52    1    2    1    2    0       586
