   30    1    1    1    1   23    4    3    0     20021
   30    1    1    2    1    2    1    3    0     16137
   30    1    1    3    1   31    4    2    0     19036
   30    1    1    4    1    7    2    2    1      1388
   30    1    1    5    1    3    2    1    0      1220
   30    1    1    6    1   12    2    3    0      5996
   30    1    1    7    1   25    3    1    0      2116
   30    1    1    8    1    6    1    2    0      3528
   30    1    1    9    1   15    2    4    0      3956
   30    1    1   10    1   18    3    3    1     10286
   30    1    1   11    1   19    4    4    1      3380
   30    1    1   12    1   28    4    3    0      5070
   30    1    1   13    1    9    1    4    0      7035
   30    1    1   14    1   22    3    3    1      7723
   30    1    2    1    1   28    4    2    0      9889
   30    1    2    2    1   31    4    2    0      5934
   30    1    2    3    1   19    4    3    0      9674
   30    1    2    4    1   12    2    4    0      2432
   30    1    2    5    1    7    2    2    1      2504
   30    1    2    6    1   25    3    4    0      2788
   30    1    2    7    1    2    1    1    1      9613
   30    1    2    8    1   23    4    4    1      7358
   30    1    2    9    1   22    3    3    1      3240
   30    1    2   10    1    6    1    2    0      5784
   30    1    2   11    1    3    2    2    1      1977
   30    1    2   12    1   15    2    1    0      4635
   30    1    2   13    1   18    3    3    1      6890
   30    1    2   14    1    9    1    3    0      3976
   30    1    3    1    1   31    4    4    1      2387
   30    1    3    2    1   25    3    3    1      1748
   30    1    3    3    1    6    1    1    1      3519
   30    1    3    4    1   15    2    2    1      1475
   30    1    3    5    1   22    3    3    1      1689
   30    1    3    6    1    3    2    2    1      1622
   30    1    3    7    1   19    4    4    1      1446
   30    1    3    8    1   23    4    4    1      1101
   30    1    3    9    1    9    1    1    1      1185
   30    1    3   10    1   28    4    4    1      1139
   30    1    3   11    1   18    3    3    1      1014
   30    1    3   12    1    7    2    2    1       910
   30    1    3   13    1   12    2    2    1       811
   30    1    3   14    1    2    1    1    1      1611
   30    1    4    1    1   28    4    4    1       899
   30    1    4    2    1   22    3    3    1       992
   30    1    4    3    1   18    3    3    1       553
   30    1    4    4    1    6    1    1    1       787
   30    1    4    5    1    2    1    1    1       485
   30    1    4    6    1   31    4    4    1       994
   30    1    4    7    1   19    4    4    1       523
   30    1    4    8    1    9    1    1    1       872
   30    1    4    9    1   23    4    4    1       997
   30    1    4   10    1   15    2    4    0       623
   30    1    4   11    1    3    2    2    1      1695
   30    1    4   12    1    7    2    2    1       572
   30    1    4   13    1   12    2    2    1       918
   30    1    4   14    1   25    3    3    1       899
   30    1    5    1    1    7    2    2    1      1610
   30    1    5    2    1   19    4    4    1       763
   30    1    5    3    1   15    2    2    1       669
   30    1    5    4    1   22    3    3    1       963
   30    1    5    5    1    9    1    1    1       717
   30    1    5    6    1   31    4    4    1       705
   30    1    5    7    1    2    1    1    1      1526
   30    1    5    8    1   23    4    4    1       826
   30    1    5    9    1   28    4    4    1       746
   30    1    5   10    1   12    2    2    1       589
   30    1    5   11    1   18    3    3    1      1446
   30    1    5   12    1    3    2    2    1      1085
   30    1    5   13    1   25    3    3    1      1074
   30    1    5   14    1    6    1    1    1      1240
   30    1    6    1    1    3    2    2    1      1292
   30    1    6    2    1    6    1    1    1       713
   30    1    6    3    1   23    4    4    1       749
   30    1    6    4    1    2    1    1    1       720
   30    1    6    5    1   31    4    4    1       708
   30    1    6    6    1   22    3    3    1       985
   30    1    6    7    1    7    2    2    1       643
   30    1    6    8    1   19    4    4    1       857
   30    1    6    9    1   15    2    2    1       952
   30    1    6   10    1    9    1    1    1       643
   30    1    6   11    1   25    3    3    1       874
   30    1    6   12    1   18    3    3    1       936
   30    1    6   13    1   12    2    2    1       643
   30    1    6   14    1   28    4    4    1       539
   30    1    7    1    1   12    2    2    1      1080
   30    1    7    2    1   31    4    3    0      1053
   30    1    7    3    1   28    4    4    1       796
   30    1    7    4    1   15    2    2    1       957
   30    1    7    5    1   18    3    3    1      1096
   30    1    7    6    1    7    2    2    1      1006
   30    1    7    7    1   25    3    3    1      2055
   30    1    7    8    1    6    1    1    1       854
   30    1    7    9    1   19    4    4    1       981
   30    1    7   10    1    3    2    2    1      1086
   30    1    7   11    1   23    4    4    1      1059
   30    1    7   12    1    2    1    1    1      1114
   30    1    7   13    1    9    1    1    1       670
   30    1    7   14    1   22    3    3    1       724
   30    1    8    1    1   23    4    4    1       784
   30    1    8    2    1   18    3    3    1       961
   30    1    8    3    1   31    4    4    1       908
   30    1    8    4    1    9    1    1    1       857
   30    1    8    5    1    6    1    1    1       968
   30    1    8    6    1    7    2    2    1       930
   30    1    8    7    1   19    4    4    1      1917
   30    1    8    8    1   28    4    4    1       673
   30    1    8    9    1    3    2    1    0      1623
   30    1    8   10    1   12    2    2    1      1007
   30    1    8   11    1    2    1    1    1       792
   30    1    8   12    1   22    3    3    1      1481
   30    1    8   13    1   25    3    3    1      1070
   30    1    8   14    1   15    2    2    1      1700
   30    1    9    1    1    7    2    2    1      1572
   30    1    9    2    1   19    4    4    1       758
   30    1    9    3    1   28    4    4    1       680
   30    1    9    4    1   22    3    3    1       702
   30    1    9    5    1   15    2    2    1       914
   30    1    9    6    1   18    3    3    1      1054
   30    1    9    7    1    2    1    1    1      1029
   30    1    9    8    1    3    2    2    1       653
   30    1    9    9    1    6    1    1    1       660
   30    1    9   10    1   12    2    2    1       714
   30    1    9   11    1   25    3    3    1       734
   30    1    9   12    1   23    4    4    1       754
   30    1    9   13    1    9    1    1    1       916
   30    1    9   14    1   31    4    4    1       816
   30    1   10    1    1    9    1    1    1       781
   30    1   10    2    1   15    2    2    1       782
   30    1   10    3    1   12    2    2    1       800
   30    1   10    4    1    2    1    1    1       976
   30    1   10    5    1   18    3    3    1       858
   30    1   10    6    1   23    4    4    1       922
   30    1   10    7    1   22    3    3    1       806
   30    1   10    8    1    7    2    2    1       790
   30    1   10    9    1   19    4    4    1       680
   30    1   10   10    1    3    2    2    1       797
   30    1   10   11    1   28    4    4    1       798
   30    1   10   12    1   31    4    3    0       718
   30    1   10   13    1    6    1    1    1      4314
   30    1   10   14    1   25    3    3    1      1086
   30    2    1    1    2   14    0    1    9      3857
   30    2    1    2    1   12    2    2    1      2518
   30    2    1    3    1   12    2    2    1      1538
   30    2    1    4    1   19    4    4    1      3797
   30    2    1    5    1   28    4    4    1       794
   30    2    1    6    2   11    0    2    9      2140
   30    2    1    7    1   19    4    4    1      4759
   30    2    1    8    2    8    0    2    9      1417
   30    2    1    9    2   10    0    2    9      1825
   30    2    1   10    2    1    0    1    9      2345
   30    2    1   11    1   23    4    4    1      4317
   30    2    1   12    1   31    4    4    1      1025
   30    2    1   13    2   14    0    4    9      8089
   30    2    1   14    2   24    0    4    9      1238
   30    2    1   15    1    7    2    2    1      1557
   30    2    1   16    2   30    0    3    9      1688
   30    2    1   17    2   30    0    3    9      1509
   30    2    1   18    2   14    0    1    9      2522
   30    2    1   19    2   14    0    1    9       774
   30    2    1   20    2   17    0    3    9      1528
   30    2    1   21    1    3    2    2    1      4924
   30    2    1   22    1   15    2    2    1      2696
   30    2    1   23    1   28    4    4    1      5181
   30    2    1   24    2   30    0    3    9      1615
   30    2    1   25    1    2    1    1    1      3647
   30    2    1   26    2   26    0    3    9      6141
   30    2    1   27    2   30    0    1    9      8872
   30    2    1   28    2   16    0    2    9      3222
   30    2    1   29    1    3    2    2    1      2918
   30    2    1   30    1   25    3    3    1      2162
   30    2    1   31    1    9    1    1    1      2013
   30    2    1   32    1   23    4    4    1      2589
   30    2    1   33    2   21    0    3    9      1799
   30    2    1   34    1    6    1    1    1      4799
   30    2    1   35    2   29    0    3    9      7088
   30    2    1   36    2    5    0    1    9      5701
   30    2    1   37    1   25    3    3    1      5618
   30    2    1   38    1   22    3    3    1      4450
   30    2    1   39    1    7    2    2    1      3872
   30    2    1   40    1   18    3    3    1      2406
   30    2    1   41    2   32    0    2    9      4951
   30    2    1   42    1    2    1    1    1     10322
   30    2    1   43    1   15    2    2    1      1750
   30    2    1   44    2   27    0    4    9      2049
   30    2    1   45    2   20    0    4    9      6223
   30    2    1   46    1   31    4    4    1      4615
   30    2    1   47    1   18    3    3    1      2335
   30    2    1   48    1   22    3    3    1      3650
   30    2    1   49    2    4    0    2    9      2225
   30    2    1   50    2   13    0    1    9      1033
   30    2    1   51    1    6    1    1    1      4464
   30    2    1   52    1    9    1    1    1      2734
   30    2    2    1    2   14    0    1    9      4369
   30    2    2    2    2   13    0    1    9      3460
   30    2    2    3    1    3    2    2    1      1418
   30    2    2    4    2   29    0    1    9      3570
   30    2    2    5    1   31    4    4    1      7444
   30    2    2    6    1    7    2    2    1      1948
   30    2    2    7    1    2    1    1    1      1358
   30    2    2    8    2    8    0    2    9      1257
   30    2    2    9    2   27    0    4    9      6871
   30    2    2   10    2   30    0    2    9      4277
   30    2    2   11    1    9    1    1    1      4171
   30    2    2   12    1   12    2    2    1      1862
   30    2    2   13    2   11    0    2    9      2268
   30    2    2   14    1    6    1    1    1      1746
   30    2    2   15    1   31    4    4    1      5805
   30    2    2   16    2   16    0    2    9      1798
   30    2    2   17    1   19    4    4    1      7710
   30    2    2   18    1   25    3    3    1      1179
   30    2    2   19    2   20    0    4    9      3133
   30    2    2   20    1   28    4    4    1      3456
   30    2    2   21    2   14    0    1    9      1207
   30    2    2   22    1    9    1    1    1      1703
   30    2    2   23    2    4    0    2    9      3876
   30    2    2   24    1   22    3    3    1      2538
   30    2    2   25    1   28    4    4    1      1253
   30    2    2   26    2   21    0    3    9      2100
   30    2    2   27    1    6    1    1    1      3313
   30    2    2   28    1   22    3    2    0      3869
   30    2    2   29    1    2    1    1    1      3555
   30    2    2   30    1   23    4    4    1      4885
   30    2    2   31    2   30    0    2    9     14738
   30    2    2   32    1   15    2    2    1      2950
   30    2    2   33    1   15    2    2    1      1777
   30    2    2   34    2   14    0    1    9      2842
   30    2    2   35    1   18    3    3    1      5913
   30    2    2   36    2   14    0    1    9      2413
   30    2    2   37    2   26    0    3    9      2557
   30    2    2   38    1    7    2    2    1      1688
   30    2    2   39    1   12    2    2    1      1301
   30    2    2   40    1   19    4    4    1      2178
   30    2    2   41    1   23    4    4    1       860
   30    2    2   42    1   25    3    3    1      1499
   30    2    2   43    2   32    0    4    9      2831
   30    2    2   44    2    5    0    1    9      9774
   30    2    2   45    2   10    0    1    9      1993
   30    2    2   46    2   30    0    3    9      4106
   30    2    2   47    2   24    0    4    9      2151
   30    2    2   48    1    3    2    2    1      2369
   30    2    2   49    1   18    3    3    1      3907
   30    2    2   50    2    1    0    1    9      5672
   30    2    2   51    2   17    0    3    9      1510
   30    2    2   52    2   30    0    4    9      1275
