   45    1    1    1    1    7    2    1    0     13189
   45    1    1    2    1   31    4    4    1      4787
   45    1    1    3    1    2    1    2    0      2612
   45    1    1    4    1   19    3    3    1      1732
   45    1    1    5    1    3    2    1    0      2608
   45    1    1    6    1   15    2    1    0      1906
   45    1    1    7    1   22    3    3    1      1935
   45    1    1    8    1    6    1    2    0      1987
   45    1    1    9    1   25    4    4    1      3324
   45    1    1   10    1   21    3    4    0      1752
   45    1    1   11    1    9    1    1    1      1691
   45    1    1   12    1   28    4    3    0      1610
   45    1    1   13    1   12    2    4    0      2451
   45    1    1   14    1   26    4    3    0      1338
   45    1    2    1    1    9    1    1    1      1813
   45    1    2    2    1   15    2    2    1      1357
   45    1    2    3    1   12    2    2    1      1225
   45    1    2    4    1   25    4    3    0      1064
   45    1    2    5    1   22    3    3    1      2023
   45    1    2    6    1    2    1    1    1      4216
   45    1    2    7    1    7    2    2    1       848
   45    1    2    8    1   26    4    4    1      4399
   45    1    2    9    1    3    2    1    0      2449
   45    1    2   10    1   21    3    4    0      3815
   45    1    2   11    1    6    1    1    1      2184
   45    1    2   12    1   31    4    4    1       931
   45    1    2   13    1   28    4    4    1       845
   45    1    2   14    1   19    3    3    1       973
   45    1    3    1    1    7    2    1    0      1605
   45    1    3    2    1   19    3    3    1      1869
   45    1    3    3    1   12    2    1    0      1155
   45    1    3    4    1    9    1    2    0       766
   45    1    3    5    1   22    3    3    1      3049
   45    1    3    6    1   31    4    4    1       960
   45    1    3    7    1   21    3    3    1       747
   45    1    3    8    1   28    4    4    1       959
   45    1    3    9    1    3    2    1    0      3594
   45    1    3   10    1   26    4    4    1      2292
   45    1    3   11    1    2    1    2    0      1930
   45    1    3   12    1   15    2    2    1      1270
   45    1    3   13    1   25    4    4    1      1859
   45    1    3   14    1    6    1    1    1      3339
   45    1    4    1    1   25    4    4    1      1771
   45    1    4    2    1    6    1    2    0      2356
   45    1    4    3    1    2    1    1    1      1520
   45    1    4    4    1   26    4    4    1       996
   45    1    4    5    1    3    2    1    0      1101
   45    1    4    6    1   19    3    3    1      1467
   45    1    4    7    1   12    2    1    0      1424
   45    1    4    8    1    9    1    2    0      1297
   45    1    4    9    1   21    3    3    1      2055
   45    1    4   10    1   22    3    3    1       630
   45    1    4   11    1    7    2    2    1      1294
   45    1    4   12    1   31    4    4    1       716
   45    1    4   13    1   28    4    4    1       943
   45    1    4   14    1   15    2    1    0      1227
   45    1    5    1    1    6    1    2    0      1776
   45    1    5    2    1   25    4    4    1       706
   45    1    5    3    1   21    3    3    1      1799
   45    1    5    4    1   31    4    4    1       817
   45    1    5    5    1   15    2    2    1      1553
   45    1    5    6    1   28    4    4    1       884
   45    1    5    7    1   12    2    2    1       706
   45    1    5    8    1   19    3    3    1       744
   45    1    5    9    1    7    2    1    0       779
   45    1    5   10    1   26    4    3    0      1301
   45    1    5   11    1    9    1    1    1      1050
   45    1    5   12    1    3    2    2    1      1921
   45    1    5   13    1    2    1    2    0       710
   45    1    5   14    1   22    3    3    1      2339
   45    1    6    1    1    7    2    2    1      5926
   45    1    6    2    1   22    3    3    1       954
   45    1    6    3    1   28    4    4    1      1029
   45    1    6    4    1    2    1    1    1      1196
   45    1    6    5    1   12    2    2    1       974
   45    1    6    6    1    6    1    1    1      1176
   45    1    6    7    1   26    4    4    1      1163
   45    1    6    8    1    9    1    1    1      2860
   45    1    6    9    1   25    4    4    1      1067
   45    1    6   10    1   15    2    2    1      1619
   45    1    6   11    1   31    4    4    1      2002
   45    1    6   12    1    3    2    2    1      3891
   45    1    6   13    1   19    3    3    1       697
   45    1    6   14    1   21    3    4    0       847
   45    1    7    1    1    3    2    2    1      3278
   45    1    7    2    1   25    4    3    0      1372
   45    1    7    3    1   28    4    4    1       894
   45    1    7    4    1    6    1    1    1      2381
   45    1    7    5    1   21    3    3    1      1133
   45    1    7    6    1   22    3    3    1       738
   45    1    7    7    1    7    2    2    1      1701
   45    1    7    8    1    2    1    1    1      1283
   45    1    7    9    1    9    1    1    1       689
   45    1    7   10    1   31    4    4    1       710
   45    1    7   11    1   12    2    2    1       955
   45    1    7   12    1   15    2    2    1       791
   45    1    7   13    1   26    4    3    0      1385
   45    1    7   14    1   19    3    3    1      2073
   45    1    8    1    1   25    4    4    1      2478
   45    1    8    2    1    9    1    1    1      1115
   45    1    8    3    1    3    2    2    1       880
   45    1    8    4    1    6    1    1    1      1230
   45    1    8    5    1   12    2    2    1       894
   45    1    8    6    1   28    4    4    1      1052
   45    1    8    7    1    2    1    1    1      1587
   45    1    8    8    1   15    2    2    1      3686
   45    1    8    9    1    7    2    2    1       963
   45    1    8   10    1   21    3    3    1      2156
   45    1    8   11    1   26    4    4    1      1352
   45    1    8   12    1   19    3    3    1       883
   45    1    8   13    1   31    4    4    1       593
   45    1    8   14    1   22    3    3    1      1546
   45    1    9    1    1   25    4    4    1      2046
   45    1    9    2    1    2    1    1    1      1389
   45    1    9    3    1    9    1    1    1      2007
   45    1    9    4    1   26    4    4    1      1399
   45    1    9    5    1   15    2    2    1      2048
   45    1    9    6    1   28    4    4    1      1920
   45    1    9    7    1   19    3    3    1       948
   45    1    9    8    1   21    3    3    1      1135
   45    1    9    9    1   12    2    2    1      1411
   45    1    9   10    1    7    2    2    1       701
   45    1    9   11    1   31    4    4    1      1298
   45    1    9   12    1    3    2    2    1      1664
   45    1    9   13    1    6    1    1    1      1117
   45    1    9   14    1   22    3    3    1      2866
   45    1   10    1    1   19    3    3    1      2594
   45    1   10    2    1   22    3    3    1      1420
   45    1   10    3    1   25    4    4    1       852
   45    1   10    4    1    2    1    1    1      1362
   45    1   10    5    1   15    2    2    1       652
   45    1   10    6    1   12    2    2    1       596
   45    1   10    7    1    3    2    2    1      1165
   45    1   10    8    1   31    4    4    1      1055
   45    1   10    9    1    7    2    2    1      3590
   45    1   10   10    1    9    1    1    1       984
   45    1   10   11    1   28    4    4    1      1074
   45    1   10   12    1   26    4    4    1       601
   45    1   10   13    1   21    3    3    1       626
   45    1   10   14    1    6    1    1    1      1147
   45    2    1    1    1    6    1    1    1      4137
   45    2    1    2    2   24    0    3    9      1859
   45    2    1    3    2   10    0    1    9      4890
   45    2    1    4    1   19    3    3    1      6120
   45    2    1    5    1   19    3    3    1      2452
   45    2    1    6    1    2    1    1    1      2914
   45    2    1    7    2   13    0    1    9      1439
   45    2    1    8    1   28    4    4    1      3335
   45    2    1    9    1   26    4    4    1       947
   45    2    1   10    2   24    0    3    9       926
   45    2    1   11    1   28    4    4    1      2650
   45    2    1   12    1   21    3    3    1      1425
   45    2    1   13    1   21    3    3    1      1289
   45    2    1   14    1   22    3    3    1      1831
   45    2    1   15    1    2    1    1    1      1551
   45    2    1   16    2    4    0    1    9      1618
   45    2    1   17    2    5    0    1    9      2819
   45    2    1   18    2   14    0    1    9      1475
   45    2    1   19    1   12    2    2    1      1528
   45    2    1   20    1   31    4    4    1      1789
   45    2    1   21    1    7    2    2    1      4422
   45    2    1   22    2   14    0    1    9      2007
   45    2    1   23    1    6    1    1    1      2616
   45    2    1   24    1   31    4    4    1      1392
   45    2    1   25    2   17    0    3    9      1499
   45    2    1   26    1    3    2    2    1      1136
   45    2    1   27    2   18    0    3    9      5347
   45    2    1   28    1   25    4    4    1      1342
   45    2    1   29    2   30    0    4    9       970
   45    2    1   30    1    7    2    2    1      1892
   45    2    1   31    2   16    0    2    9      1305
   45    2    1   32    2    1    0    1    9      1639
   45    2    1   33    2   27    0    4    9      1415
   45    2    1   34    2    8    0    2    9      1391
   45    2    1   35    1   26    4    4    1       761
   45    2    1   36    2   23    0    3    9      1084
   45    2    1   37    1   12    2    2    1      1041
   45    2    1   38    2   24    0    3    9      1481
   45    2    1   39    2   20    0    3    9       766
   45    2    1   40    1    9    1    1    1      2224
   45    2    1   41    1    9    1    1    1      1000
   45    2    1   42    1   15    2    2    1      1122
   45    2    1   43    2   24    0    3    9      1190
   45    2    1   44    1   25    4    4    1       664
   45    2    1   45    1   22    3    3    1       958
   45    2    1   46    2   11    0    2    9      1641
   45    2    1   47    2   29    0    4    9      1080
   45    2    1   48    2   32    0    4    9       861
   45    2    1   49    2   14    0    1    9      2493
   45    2    1   50    1   15    2    2    1      1051
   45    2    1   51    2   14    0    1    9       962
   45    2    1   52    1    3    2    2    1      1068
   45    2    2    1    2   13    0    1    9      1315
   45    2    2    2    2   27    0    4    9      3279
   45    2    2    3    2    8    0    2    9      1245
   45    2    2    4    1    2    1    1    1      1229
   45    2    2    5    2   14    0    1    9       893
   45    2    2    6    1   22    3    3    1      1659
   45    2    2    7    1   28    4    4    1       890
   45    2    2    8    1    9    1    1    1      1016
   45    2    2    9    2   24    0    3    9      1808
   45    2    2   10    1   22    3    3    1      1097
   45    2    2   11    2    1    0    1    9      1102
   45    2    2   12    2    4    0    2    9       787
   45    2    2   13    2   30    0    4    9      1029
   45    2    2   14    1    3    2    2    1      6829
   45    2    2   15    1    6    1    1    1       942
   45    2    2   16    1   31    4    4    1      1130
   45    2    2   17    1   19    3    3    1       814
   45    2    2   18    2   14    0    1    9      2910
   45    2    2   19    1    7    2    2    1       780
   45    2    2   20    1   31    4    4    1      2173
   45    2    2   21    2   23    0    3    9       792
   45    2    2   22    1   28    4    4    1      1242
   45    2    2   23    2    5    0    1    9       842
   45    2    2   24    2   16    0    2    9      1450
   45    2    2   25    2   17    0    3    9      1057
   45    2    2   26    2   29    0    4    9       840
   45    2    2   27    2   24    0    3    9       920
   45    2    2   28    1   21    3    3    1      1060
   45    2    2   29    2   11    0    2    9      1563
   45    2    2   30    1   26    4    4    1      1566
   45    2    2   31    1   15    2    2    1      1232
   45    2    2   32    2   18    0    3    9      1632
   45    2    2   33    1    6    1    1    1      1279
   45    2    2   34    1   19    3    3    1      1117
   45    2    2   35    2   10    0    1    9      1553
   45    2    2   36    1   26    4    4    1      1140
   45    2    2   37    2   14    0    1    9      1799
   45    2    2   38    1    2    1    1    1      1152
   45    2    2   39    1   25    4    4    1       851
   45    2    2   40    1   12    2    2    1      1186
   45    2    2   41    2   14    0    1    9      1332
   45    2    2   42    1    3    2    2    1       799
   45    2    2   43    1   25    4    4    1      1200
   45    2    2   44    1   15    2    2    1      1394
   45    2    2   45    1    9    1    1    1       731
   45    2    2   46    2   32    0    4    9       735
   45    2    2   47    1   21    3    3    1      1106
   45    2    2   48    2   24    0    3    9       759
   45    2    2   49    2   24    0    3    9       650
   45    2    2   50    1   12    2    2    1      5089
   45    2    2   51    2   20    0    3    9      1526
   45    2    2   52    1    7    2    2    1      4555
