    3    1    1    1    1    9    1    1    1     11473
    3    1    1    2    1    7    2    3    0      5579
    3    1    1    3    1   28    4    1    0      3749
    3    1    1    4    1   23    4    2    0      5703
    3    1    1    5    1   22    3    1    0      5772
    3    1    1    6    1    2    1    3    0      5470
    3    1    1    7    1   19    4    2    0      7516
    3    1    1    8    1    3    2    2    1      4632
    3    1    1    9    1   31    4    4    1      3951
    3    1    1   10    1    6    1    1    1      4578
    3    1    1   11    1   15    2    2    1      8603
    3    1    1   12    1   25    3    1    0      7332
    3    1    1   13    1   18    3    3    1      6007
    3    1    1   14    1   12    2    4    0      4472
    3    1    2    1    1    3    2    2    1      4864
    3    1    2    2    1    7    2    2    1      5550
    3    1    2    3    1   25    3    1    0      2401
    3    1    2    4    1   12    2    4    0      3113
    3    1    2    5    1    6    1    4    0      4629
    3    1    2    6    1   18    3    1    0      6501
    3    1    2    7    1   19    4    4    1      7146
    3    1    2    8    1   31    4    2    0      3309
    3    1    2    9    1   28    4    4    1      8321
    3    1    2   10    1   15    2    3    0      4933
    3    1    2   11    1   23    4    1    0      3576
    3    1    2   12    1   22    3    2    0      2434
    3    1    2   13    1    9    1    1    1      3754
    3    1    2   14    1    2    1    3    0      4756
    3    1    3    1    1    6    1    1    1      6593
    3    1    3    2    1   31    4    2    0      5659
    3    1    3    3    1   19    4    2    0      2050
    3    1    3    4    1   22    3    2    0      2584
    3    1    3    5    1   23    4    4    1      1242
    3    1    3    6    1   25    3    1    0      3257
    3    1    3    7    1   28    4    3    0      3007
    3    1    3    8    1    9    1    1    1      2704
    3    1    3    9    1    7    2    1    0      3317
    3    1    3   10    1    3    2    2    1      5177
    3    1    3   11    1    2    1    1    1      2667
    3    1    3   12    1   12    2    3    0      5696
    3    1    3   13    1   18    3    4    0      5493
    3    1    3   14    1   15    2    1    0      5426
    3    1    4    1    1    9    1    1    1      2673
    3    1    4    2    1   25    3    3    1      3239
    3    1    4    3    1    3    2    2    1      2567
    3    1    4    4    1   31    4    3    0      2480
    3    1    4    5    1    7    2    2    1      5238
    3    1    4    6    1   23    4    4    1      4501
    3    1    4    7    1    2    1    1    1      2994
    3    1    4    8    1   18    3    4    0      2459
    3    1    4    9    1   28    4    4    1      2770
    3    1    4   10    1   19    4    3    0      2739
    3    1    4   11    1   22    3    3    1      3536
    3    1    4   12    1   15    2    1    0      3059
    3    1    4   13    1   12    2    1    0      2482
    3    1    4   14    1    6    1    2    0      3687
    3    1    5    1    1    3    2    2    1      7699
    3    1    5    2    1   25    3    3    1      9888
    3    1    5    3    1   18    3    3    1      5013
    3    1    5    4    1    7    2    1    0     12926
    3    1    5    5    1    6    1    2    0      4514
    3    1    5    6    1   19    4    3    0      4102
    3    1    5    7    1    2    1    1    1      5755
    3    1    5    8    1   31    4    3    0      4933
    3    1    5    9    1   22    3    3    1      3033
    3    1    5   10    1   12    2    2    1      5424
    3    1    5   11    1    9    1    1    1      3368
    3    1    5   12    1   23    4    4    1      2210
    3    1    5   13    1   28    4    4    1      3387
    3    1    5   14    1   15    2    2    1      5956
    3    1    6    1    1    6    1    1    1      7908
    3    1    6    2    1   12    2    2    1      3129
    3    1    6    3    1   19    4    3    0      4652
    3    1    6    4    1    3    2    1    0      6827
    3    1    6    5    1   23    4    4    1      3940
    3    1    6    6    1    9    1    1    1      5383
    3    1    6    7    1   31    4    4    1      2336
    3    1    6    8    1    2    1    1    1      4548
    3    1    6    9    1    7    2    2    1      4990
    3    1    6   10    1   28    4    4    1      4408
    3    1    6   11    1   15    2    2    1      3944
    3    1    6   12    1   18    3    3    1      5820
    3    1    6   13    1   25    3    1    0      6724
    3    1    6   14    1   22    3    4    0      6015
    3    1    7    1    1    6    1    1    1      2465
    3    1    7    2    1   18    3    3    1      2815
    3    1    7    3    1    3    2    1    0      5647
    3    1    7    4    1   25    3    3    1      3590
    3    1    7    5    1   23    4    4    1      5543
    3    1    7    6    1    2    1    1    1      4314
    3    1    7    7    1    7    2    2    1      3166
    3    1    7    8    1    9    1    1    1      4848
    3    1    7    9    1   22    3    3    1      4111
    3    1    7   10    1   28    4    4    1      6043
    3    1    7   11    1   31    4    4    1      2795
    3    1    7   12    1   15    2    2    1      4108
    3    1    7   13    1   19    4    3    0      4792
    3    1    7   14    1   12    2    2    1      6370
    3    1    8    1    1   19    4    3    0      5345
    3    1    8    2    1   22    3    4    0      2244
    3    1    8    3    1   12    2    2    1      4292
    3    1    8    4    1   15    2    2    1      3145
    3    1    8    5    1   31    4    4    1      2716
    3    1    8    6    1   28    4    4    1      2928
    3    1    8    7    1   18    3    3    1      3468
    3    1    8    8    1   23    4    4    1      6066
    3    1    8    9    1    6    1    1    1      3504
    3    1    8   10    1    3    2    1    0      2837
    3    1    8   11    1    9    1    1    1      9500
    3    1    8   12    1   25    3    3    1      2625
    3    1    8   13    1    7    2    2    1      3753
    3    1    8   14    1    2    1    1    1      3556
    3    1    9    1    1    2    1    1    1      2421
    3    1    9    2    1   19    4    4    1      9173
    3    1    9    3    1    3    2    2    1     10535
    3    1    9    4    1   25    3    1    0      6723
    3    1    9    5    1   28    4    4    1      6911
    3    1    9    6    1   12    2    2    1      2715
    3    1    9    7    1    7    2    2    1      3663
    3    1    9    8    1   31    4    4    1      2893
    3    1    9    9    1   18    3    3    1      2331
    3    1    9   10    1   22    3    4    0      5294
    3    1    9   11    1   15    2    2    1      5923
    3    1    9   12    1   23    4    4    1      3208
    3    1    9   13    1    9    1    1    1      5208
    3    1    9   14    1    6    1    2    0      6713
    3    1   10    1    1   25    3    3    1      4364
    3    1   10    2    1    6    1    1    1      4222
    3    1   10    3    1    9    1    1    1      4246
    3    1   10    4    1   23    4    4    1      8541
    3    1   10    5    1   22    3    3    1      4888
    3    1   10    6    1   15    2    2    1      4197
    3    1   10    7    1   31    4    4    1      2302
    3    1   10    8    1    7    2    2    1      4371
    3    1   10    9    1   28    4    4    1      4501
    3    1   10   10    1   19    4    4    1      7809
    3    1   10   11    1    3    2    2    1      6362
    3    1   10   12    1    2    1    1    1      2381
    3    1   10   13    1   12    2    2    1      1807
    3    1   10   14    1   18    3    4    0      3815
    3    2    1    1    2   30    0    4    9      3555
    3    2    1    2    1   12    2    2    1      2452
    3    2    1    3    1    7    2    2    1      2579
    3    2    1    4    2   26    0    4    9      3197
    3    2    1    5    2    1    0    1    9      1838
    3    2    1    6    1   15    2    2    1      2629
    3    2    1    7    2   14    0    2    9      4205
    3    2    1    8    1   28    4    4    1      2726
    3    2    1    9    1   18    3    1    0      5130
    3    2    1   10    1    9    1    1    1      2397
    3    2    1   11    2   17    0    3    9      4174
    3    2    1   12    2   24    0    4    9      1880
    3    2    1   13    1    6    1    1    1      3117
    3    2    1   14    1   28    4    4    1      2417
    3    2    1   15    1    3    2    2    1      4289
    3    2    1   16    1   23    4    4    1      3414
    3    2    1   17    2   29    0    4    9      4334
    3    2    1   18    2   20    0    3    9      6433
    3    2    1   19    2   13    0    2    9      7185
    3    2    1   20    2   27    0    4    9      6786
    3    2    1   21    1    7    2    2    1      4163
    3    2    1   22    1   15    2    2    1      2413
    3    2    1   23    1   31    4    4    1      8173
    3    2    1   24    1    2    1    1    1      3751
    3    2    1   25    1   19    4    4    1      4402
    3    2    1   26    2    8    0    2    9      5635
    3    2    1   27    1   18    3    2    0      4882
    3    2    1   28    2   14    0    2    9      7167
    3    2    1   29    2   30    0    4    9      2225
    3    2    1   30    2   10    0    2    9      7945
    3    2    1   31    1   23    4    4    1      2605
    3    2    1   32    1   25    3    3    1      4645
    3    2    1   33    2    5    0    1    9      6748
    3    2    1   34    2   14    0    2    9      2047
    3    2    1   35    1   25    3    4    0      4334
    3    2    1   36    1    3    2    1    0      4273
    3    2    1   37    1   12    2    2    1      2055
    3    2    1   38    1    2    1    1    1      2358
    3    2    1   39    2   16    0    4    9      3064
    3    2    1   40    1   22    3    4    0      7022
    3    2    1   41    2   30    0    4    9      4614
    3    2    1   42    1   22    3    4    0      5054
    3    2    1   43    1   31    4    4    1      4213
    3    2    1   44    2   21    0    3    9      4045
    3    2    1   45    2    4    0    2    9      2940
    3    2    1   46    1    9    1    1    1      2487
    3    2    1   47    2   11    0    2    9      1749
    3    2    1   48    2   30    0    4    9      3583
    3    2    1   49    2   14    0    2    9      2737
    3    2    1   50    1   19    4    4    1      2916
    3    2    1   51    1    6    1    1    1      3008
    3    2    1   52    2   32    0    4    9      1417
    3    2    2    1    2   30    0    4    9      2641
    3    2    2    2    2   13    0    2    9      2472
    3    2    2    3    1    3    2    1    0      3206
    3    2    2    4    1   31    4    4    1      5543
    3    2    2    5    1   25    3    3    1     17898
    3    2    2    6    1   12    2    2    1      2015
    3    2    2    7    1    6    1    2    0      3967
    3    2    2    8    1   19    4    4    1      4609
    3    2    2    9    2    8    0    2    9      3017
    3    2    2   10    1    3    2    2    1      4017
    3    2    2   11    1   25    3    4    0      4065
    3    2    2   12    1   22    3    3    1      3423
    3    2    2   13    1   28    4    4    1      3223
    3    2    2   14    2   11    0    2    9      6119
    3    2    2   15    1   23    4    4    1      5555
    3    2    2   16    2   10    0    2    9      8294
    3    2    2   17    1    7    2    2    1      2475
    3    2    2   18    2   14    0    2    9      1449
    3    2    2   19    2   16    0    2    9      1152
    3    2    2   20    2   14    0    2    9      1938
    3    2    2   21    2   14    0    2    9      1446
    3    2    2   22    1   18    3    3    1      1693
    3    2    2   23    1    6    1    1    1      1962
    3    2    2   24    2   27    0    4    9      2573
    3    2    2   25    1   28    4    4    1      1559
    3    2    2   26    1   12    2    2    1      2201
    3    2    2   27    2   26    0    4    9      4530
    3    2    2   28    1    7    2    2    1      3341
    3    2    2   29    1    9    1    1    1      3577
    3    2    2   30    2   30    0    4    9      2987
    3    2    2   31    1    2    1    1    1      3076
    3    2    2   32    1    2    1    1    1      5482
    3    2    2   33    1   15    2    2    1      6655
    3    2    2   34    2   32    0    4    9      1750
    3    2    2   35    2    5    0    1    9      3873
    3    2    2   36    1   18    3    3    1      2295
    3    2    2   37    2   14    0    2    9      2828
    3    2    2   38    2   21    0    3    9      2572
    3    2    2   39    1   31    4    4    1      2822
    3    2    2   40    1   15    2    2    1      2694
    3    2    2   41    2   24    0    4    9      5723
    3    2    2   42    2   30    0    4    9      2087
    3    2    2   43    1    9    1    1    1      3269
    3    2    2   44    2    1    0    1    9      2179
    3    2    2   45    2   30    0    4    9      2621
    3    2    2   46    1   22    3    4    0      6468
    3    2    2   47    1   19    4    4    1      4355
    3    2    2   48    2   20    0    4    9      2166
    3    2    2   49    1   23    4    4    1      3312
    3    2    2   50    2   29    0    4    9      3788
    3    2    2   51    2   17    0    3    9      2310
    3    2    2   52    2    4    0    2    9      2906
