   59    1    1    1    1   19    1    1    1      3870
   59    1    1    2    1   21    1    2    0      1656
   59    1    1    3    1   25    2    1    0      2654
   59    1    1    4    1    3    2    1    0      3805
   59    1    1    5    1   12    2    1    0      3886
   59    1    1    6    1    6    1    2    0      1661
   59    1    1    7    1   15    2    2    1      1268
   59    1    1    8    1   22    1    1    1      1489
   59    1    1    9    1   28    2    2    1      1286
   59    1    1   10    1    7    2    2    1      1876
   59    1    1   11    1    2    1    2    0      1354
   59    1    1   12    1   26    2    2    1      2046
   59    1    1   13    1    9    1    1    1      1501
   59    1    1   14    1   31    2    2    1      1218
   59    1    2    1    1   26    2    2    1      2730
   59    1    2    2    1    6    1    2    0      1182
   59    1    2    3    1    7    2    1    0      1735
   59    1    2    4    1   15    2    1    0      1658
   59    1    2    5    1   28    2    1    0      2417
   59    1    2    6    1   25    2    2    1      1689
   59    1    2    7    1   12    2    1    0      1078
   59    1    2    8    1    3    2    2    1      5892
   59    1    2    9    1   21    1    1    1      2697
   59    1    2   10    1    9    1    2    0      1182
   59    1    2   11    1   22    1    2    0      1095
   59    1    2   12    1    2    1    1    1      1701
   59    1    2   13    1   19    1    1    1      1025
   59    1    2   14    1   31    2    2    1       906
   59    1    3    1    1   26    2    2    1      3255
   59    1    3    2    1    9    1    1    1      3733
   59    1    3    3    1   31    2    2    1      1393
   59    1    3    4    1   19    1    1    1      1194
   59    1    3    5    1    2    1    1    1       843
   59    1    3    6    1   28    2    2    1      1643
   59    1    3    7    1    7    2    2    1       923
   59    1    3    8    1   15    2    2    1       807
   59    1    3    9    1    6    1    2    0       936
   59    1    3   10    1   22    1    1    1      1035
   59    1    3   11    1    3    2    1    0      1282
   59    1    3   12    1   25    2    1    0      1095
   59    1    3   13    1   12    2    2    1      3029
   59    1    3   14    1   21    1    1    1       797
   59    1    4    1    1    2    1    1    1      2231
   59    1    4    2    1   28    2    2    1       942
   59    1    4    3    1    6    1    1    1      1259
   59    1    4    4    1   31    2    2    1       745
   59    1    4    5    1   26    2    2    1       796
   59    1    4    6    1    3    2    1    0       717
   59    1    4    7    1   19    1    2    0      1353
   59    1    4    8    1    9    1    1    1      1196
   59    1    4    9    1   25    2    1    0       557
   59    1    4   10    1   21    1    1    1      2017
   59    1    4   11    1   15    2    2    1      1058
   59    1    4   12    1   12    2    2    1       872
   59    1    4   13    1    7    2    1    0       870
   59    1    4   14    1   22    1    1    1      1373
   59    1    5    1    1   19    1    1    1      3111
   59    1    5    2    1    9    1    2    0      2193
   59    1    5    3    1    2    1    1    1      1266
   59    1    5    4    1   15    2    2    1      1313
   59    1    5    5    1   28    2    1    0      1405
   59    1    5    6    1   25    2    1    0      1727
   59    1    5    7    1    3    2    1    0      2180
   59    1    5    8    1    7    2    2    1      1333
   59    1    5    9    1   12    2    2    1       673
   59    1    5   10    1   22    1    1    1       967
   59    1    5   11    1   21    1    1    1      1985
   59    1    5   12    1   26    2    2    1      1476
   59    1    5   13    1   31    2    2    1       682
   59    1    5   14    1    6    1    1    1       960
   59    1    6    1    1    3    2    2    1      3354
   59    1    6    2    1   22    1    1    1      2005
   59    1    6    3    1   31    2    2    1      1510
   59    1    6    4    1   21    1    1    1      3627
   59    1    6    5    1   26    2    2    1       651
   59    1    6    6    1   12    2    2    1      1123
   59    1    6    7    1   19    1    1    1      1368
   59    1    6    8    1    6    1    1    1      3459
   59    1    6    9    1   25    2    2    1      1418
   59    1    6   10    1    7    2    1    0      1106
   59    1    6   11    1    9    1    2    0      3230
   59    1    6   12    1   15    2    2    1       838
   59    1    6   13    1   28    2    2    1       662
   59    1    6   14    1    2    1    1    1      1053
   59    1    7    1    1    2    1    1    1      2591
   59    1    7    2    1    9    1    1    1       984
   59    1    7    3    1   19    1    1    1       754
   59    1    7    4    1    3    2    2    1      1269
   59    1    7    5    1   25    2    1    0      1411
   59    1    7    6    1   28    2    2    1       981
   59    1    7    7    1   31    2    2    1       734
   59    1    7    8    1   15    2    2    1       722
   59    1    7    9    1    7    2    2    1      1143
   59    1    7   10    1   21    1    1    1      1051
   59    1    7   11    1   26    2    2    1      1218
   59    1    7   12    1   22    1    1    1       915
   59    1    7   13    1    6    1    2    0       832
   59    1    7   14    1   12    2    2    1      1160
   59    1    8    1    1   12    2    2    1      1355
   59    1    8    2    1   15    2    2    1       774
   59    1    8    3    1   19    1    1    1       953
   59    1    8    4    1    6    1    1    1      1220
   59    1    8    5    1   31    2    2    1       868
   59    1    8    6    1   28    2    2    1       754
   59    1    8    7    1    7    2    2    1      1429
   59    1    8    8    1   22    1    2    0      1069
   59    1    8    9    1    2    1    1    1      2172
   59    1    8   10    1    3    2    1    0      1254
   59    1    8   11    1    9    1    1    1      1022
   59    1    8   12    1   25    2    1    0      1158
   59    1    8   13    1   21    1    1    1       978
   59    1    8   14    1   26    2    2    1      1660
   59    1    9    1    1    7    2    2    1      1155
   59    1    9    2    1   28    2    2    1       917
   59    1    9    3    1   26    2    2    1       945
   59    1    9    4    1   22    1    1    1      1357
   59    1    9    5    1   31    2    2    1       584
   59    1    9    6    1   21    1    1    1      1009
   59    1    9    7    1    9    1    1    1      1275
   59    1    9    8    1   12    2    2    1      1002
   59    1    9    9    1    3    2    2    1       787
   59    1    9   10    1   19    1    2    0      1796
   59    1    9   11    1   25    2    1    0      1045
   59    1    9   12    1    6    1    1    1      1508
   59    1    9   13    1   15    2    2    1       826
   59    1    9   14    1    2    1    2    0      1082
   59    1   10    1    1   22    1    1    1      1830
   59    1   10    2    1    6    1    1    1      1693
   59    1   10    3    1    7    2    2    1      2939
   59    1   10    4    1   12    2    2    1      1783
   59    1   10    5    1    9    1    1    1      1873
   59    1   10    6    1   15    2    2    1       776
   59    1   10    7    1   31    2    2    1      1066
   59    1   10    8    1   19    1    1    1      1520
   59    1   10    9    1   28    2    2    1      1077
   59    1   10   10    1   21    1    1    1      1195
   59    1   10   11    1   25    2    1    0      1597
   59    1   10   12    1    3    2    1    0      1319
   59    1   10   13    1   26    2    2    1      1195
   59    1   10   14    1    2    1    1    1      2812
   59    2    1    1    1    3    2    2    1      3100
   59    2    1    2    2    1    0    1    9      1184
   59    2    1    3    2   20    0    2    9      3281
   59    2    1    4    1    2    1    2    0      1791
   59    2    1    5    2   24    0    2    9      3464
   59    2    1    6    2   17    0    1    9       846
   59    2    1    7    1   26    2    2    1      4365
   59    2    1    8    2   13    0    1    9       735
   59    2    1    9    1    7    2    2    1       819
   59    2    1   10    2   32    0    2    9      1459
   59    2    1   11    2   16    0    2    9      1481
   59    2    1   12    1   28    2    2    1      1327
   59    2    1   13    2   29    0    1    9      1212
   59    2    1   14    2    8    0    2    9      1261
   59    2    1   15    2   14    0    2    9      1228
   59    2    1   16    2   24    0    2    9      1020
   59    2    1   17    1    6    1    2    0       741
   59    2    1   18    2   30    0    2    9       872
   59    2    1   19    2   11    0    2    9       806
   59    2    1   20    1   22    1    1    1      1304
   59    2    1   21    2   14    0    2    9       917
   59    2    1   22    1   25    2    1    0      1266
   59    2    1   23    1   12    2    2    1       928
   59    2    1   24    2   24    0    2    9       924
   59    2    1   25    1    9    1    1    1       857
   59    2    1   26    1    3    2    1    0      1240
   59    2    1   27    2   23    0    2    9       983
   59    2    1   28    1   26    2    2    1      1345
   59    2    1   29    1    7    2    2    1      1100
   59    2    1   30    2    4    0    2    9       785
   59    2    1   31    1    6    1    1    1      1219
   59    2    1   32    2   14    0    1    9      1603
   59    2    1   33    1   28    2    2    1       948
   59    2    1   34    2   24    0    2    9       767
   59    2    1   35    1   21    1    1    1      1090
   59    2    1   36    1   19    1    1    1       599
   59    2    1   37    2   14    0    2    9       992
   59    2    1   38    1   25    2    1    0      1274
   59    2    1   39    2   10    0    2    9      1065
   59    2    1   40    1   15    2    2    1      1583
   59    2    1   41    1   15    2    2    1       544
   59    2    1   42    1    9    1    1    1       860
   59    2    1   43    1   19    1    1    1       635
   59    2    1   44    2   18    0    1    9       978
   59    2    1   45    1   22    1    2    0       573
   59    2    1   46    1   31    2    2    1       855
   59    2    1   47    1   21    1    1    1       758
   59    2    1   48    1    2    1    1    1       680
   59    2    1   49    2    5    0    1    9       735
   59    2    1   50    1   12    2    2    1       979
   59    2    1   51    1   31    2    2    1      1501
   59    2    1   52    2   27    0    1    9      1457
   59    2    2    1    2   24    0    2    9       776
   59    2    2    2    1   21    1    1    1       970
   59    2    2    3    1   19    1    1    1       869
   59    2    2    4    2   10    0    2    9      1396
   59    2    2    5    1    7    2    2    1       893
   59    2    2    6    2   32    0    1    9      1387
   59    2    2    7    2   11    0    1    9      1317
   59    2    2    8    1   28    2    2    1       914
   59    2    2    9    1    2    1    2    0       990
   59    2    2   10    1    6    1    1    1      1511
   59    2    2   11    2   24    0    2    9      1341
   59    2    2   12    1   15    2    2    1      1112
   59    2    2   13    1   31    2    2    1       814
   59    2    2   14    2   27    0    1    9      1166
   59    2    2   15    1    9    1    1    1      1184
   59    2    2   16    2    1    0    1    9       771
   59    2    2   17    1   12    2    2    1      1109
   59    2    2   18    2   14    0    2    9      1194
   59    2    2   19    2    4    0    1    9       811
   59    2    2   20    1    9    1    1    1       636
   59    2    2   21    1   28    2    2    1       836
   59    2    2   22    1   26    2    2    1       915
   59    2    2   23    2   24    0    2    9       703
   59    2    2   24    1    6    1    1    1      2149
   59    2    2   25    1   21    1    1    1       848
   59    2    2   26    1    2    1    1    1      1055
   59    2    2   27    2    5    0    1    9       917
   59    2    2   28    2   14    0    2    9       802
   59    2    2   29    1   25    2    1    0      1283
   59    2    2   30    2   14    0    2    9      1120
   59    2    2   31    2   13    0    1    9       822
   59    2    2   32    2   16    0    1    9      1654
   59    2    2   33    1    3    2    1    0       724
   59    2    2   34    1    3    2    1    0       584
   59    2    2   35    1   15    2    2    1      1714
   59    2    2   36    2   18    0    2    9       846
   59    2    2   37    2   24    0    2    9      2989
   59    2    2   38    1    7    2    2    1      1191
   59    2    2   39    1   25    2    1    0      1368
   59    2    2   40    2   29    0    1    9       835
   59    2    2   41    1   26    2    2    1      1139
   59    2    2   42    2    8    0    2    9      1175
   59    2    2   43    1   31    2    2    1      1449
   59    2    2   44    2   23    0    2    9       977
   59    2    2   45    1   22    1    1    1      1595
   59    2    2   46    1   19    1    1    1       765
   59    2    2   47    2   17    0    1    9       639
   59    2    2   48    2   30    0    2    9      2006
   59    2    2   49    2   20    0    1    9      1304
   59    2    2   50    1   22    1    1    1      1189
   59    2    2   51    1   12    2    2    1      1063
   59    2    2   52    2   14    0    2    9      1054
