   32    1    1    1    1   12    2    1    0      2962
   32    1    1    2    1    9    1    2    0       942
   32    1    1    3    1    7    2    2    1      2226
   32    1    1    4    1   26    2    1    0       730
   32    1    1    5    1    2    1    2    0      2389
   32    1    1    6    1   31    2    2    1      1614
   32    1    1    7    1   21    1    1    1      1134
   32    1    1    8    1   28    2    2    1      1458
   32    1    1    9    1   22    1    1    1      1336
   32    1    1   10    1   25    2    1    0      1108
   32    1    1   11    1    6    1    1    1      3296
   32    1    1   12    1   19    1    1    1      2301
   32    1    1   13    1    3    2    1    0      1489
   32    1    1   14    1   15    2    2    1      1183
   32    1    2    1    1    6    1    1    1      1769
   32    1    2    2    1   22    1    1    1      1332
   32    1    2    3    1   21    1    1    1      1439
   32    1    2    4    1    2    1    2    0      1382
   32    1    2    5    1   28    2    2    1       968
   32    1    2    6    1   26    2    2    1      1714
   32    1    2    7    1   25    2    2    1      1134
   32    1    2    8    1   31    2    2    1      1041
   32    1    2    9    1   15    2    2    1      1065
   32    1    2   10    1    9    1    2    0      1215
   32    1    2   11    1    7    2    1    0      1127
   32    1    2   12    1   12    2    2    1      1347
   32    1    2   13    1    3    2    1    0      2317
   32    1    2   14    1   19    1    2    0      2409
   32    1    3    1    1   25    2    2    1      1293
   32    1    3    2    1   26    2    2    1      1211
   32    1    3    3    1   21    1    1    1      1851
   32    1    3    4    1   31    2    2    1      1826
   32    1    3    5    1    6    1    1    1      1850
   32    1    3    6    1   28    2    2    1      2465
   32    1    3    7    1    2    1    1    1      2255
   32    1    3    8    1   12    2    2    1      1221
   32    1    3    9    1   19    1    1    1      1413
   32    1    3   10    1   22    1    1    1      1117
   32    1    3   11    1   15    2    2    1      1137
   32    1    3   12    1    7    2    1    0      1124
   32    1    3   13    1    9    1    2    0      1505
   32    1    3   14    1    3    2    1    0      1262
   32    1    4    1    1   26    2    2    1      1612
   32    1    4    2    1    7    2    1    0      1932
   32    1    4    3    1   31    2    2    1      2936
   32    1    4    4    1   25    2    1    0      2291
   32    1    4    5    1   12    2    2    1      1984
   32    1    4    6    1   15    2    2    1      1346
   32    1    4    7    1   21    1    1    1      2253
   32    1    4    8    1    2    1    1    1       964
   32    1    4    9    1   19    1    1    1      1230
   32    1    4   10    1   28    2    2    1      1565
   32    1    4   11    1    3    2    1    0      1151
   32    1    4   12    1   22    1    1    1      3033
   32    1    4   13    1    9    1    2    0      2385
   32    1    4   14    1    6    1    1    1      1226
   32    1    5    1    1   12    2    2    1      1543
   32    1    5    2    1   31    2    2    1       875
   32    1    5    3    1   15    2    2    1       857
   32    1    5    4    1   26    2    2    1      2423
   32    1    5    5    1   22    1    1    1      1224
   32    1    5    6    1   25    2    2    1      1399
   32    1    5    7    1    6    1    1    1      1904
   32    1    5    8    1   19    1    1    1      1797
   32    1    5    9    1    2    1    1    1      1165
   32    1    5   10    1   21    1    1    1      1247
   32    1    5   11    1    7    2    2    1      1262
   32    1    5   12    1    3    2    1    0      1340
   32    1    5   13    1    9    1    1    1      2128
   32    1    5   14    1   28    2    2    1       972
   32    1    6    1    1   12    2    2    1       823
   32    1    6    2    1   21    1    1    1      1159
   32    1    6    3    1   22    1    1    1      1113
   32    1    6    4    1    6    1    1    1      2365
   32    1    6    5    1    7    2    2    1      1823
   32    1    6    6    1   19    1    1    1      1063
   32    1    6    7    1    9    1    1    1      1389
   32    1    6    8    1   25    2    1    0      1223
   32    1    6    9    1   26    2    2    1      1535
   32    1    6   10    1    3    2    1    0      1074
   32    1    6   11    1   28    2    2    1       576
   32    1    6   12    1   15    2    2    1       971
   32    1    6   13    1    2    1    1    1      1764
   32    1    6   14    1   31    2    2    1      1038
   32    1    7    1    1    3    2    2    1      1114
   32    1    7    2    1    9    1    1    1       910
   32    1    7    3    1   19    1    2    0      1195
   32    1    7    4    1    6    1    1    1      2004
   32    1    7    5    1    7    2    2    1      1221
   32    1    7    6    1   26    2    2    1      1733
   32    1    7    7    1   21    1    1    1      1936
   32    1    7    8    1   28    2    2    1      1188
   32    1    7    9    1   12    2    2    1       757
   32    1    7   10    1   15    2    2    1       872
   32    1    7   11    1    2    1    1    1      1606
   32    1    7   12    1   22    1    1    1      1991
   32    1    7   13    1   25    2    1    0      2584
   32    1    7   14    1   31    2    2    1      2090
   32    1    8    1    1   12    2    2    1       717
   32    1    8    2    1    3    2    2    1      2384
   32    1    8    3    1    2    1    1    1      1106
   32    1    8    4    1   28    2    2    1       791
   32    1    8    5    1    6    1    1    1      7032
   32    1    8    6    1   21    1    1    1      2911
   32    1    8    7    1   26    2    2    1      3548
   32    1    8    8    1   19    1    2    0      1215
   32    1    8    9    1   15    2    2    1      1111
   32    1    8   10    1   25    2    1    0      3387
   32    1    8   11    1    9    1    2    0       461
   32    1    8   12    1    7    2    2    1      1747
   32    1    8   13    1   22    1    2    0      1774
   32    1    8   14    1   31    2    2    1      1536
   32    1    9    1    1   15    2    2    1       597
   32    1    9    2    1    2    1    1    1      1086
   32    1    9    3    1   28    2    2    1       659
   32    1    9    4    1   26    2    2    1      1850
   32    1    9    5    1   19    1    2    0      1345
   32    1    9    6    1    9    1    2    0      1348
   32    1    9    7    1   25    2    1    0       679
   32    1    9    8    1   21    1    1    1      1445
   32    1    9    9    1    3    2    1    0      1276
   32    1    9   10    1    7    2    2    1       594
   32    1    9   11    1   12    2    2    1       539
   32    1    9   12    1    6    1    2    0       774
   32    1    9   13    1   22    1    2    0      1136
   32    1    9   14    1   31    2    2    1       604
   32    1   10    1    1   25    2    1    0      1800
   32    1   10    2    1   12    2    2    1       712
   32    1   10    3    1   28    2    2    1       461
   32    1   10    4    1    6    1    1    1      1180
   32    1   10    5    1   21    1    1    1      1101
   32    1   10    6    1   22    1    1    1      1426
   32    1   10    7    1    3    2    2    1      1306
   32    1   10    8    1   26    2    2    1      3558
   32    1   10    9    1   19    1    2    0      1577
   32    1   10   10    1   15    2    2    1      1219
   32    1   10   11    1    7    2    2    1      3171
   32    1   10   12    1    9    1    1    1      1877
   32    1   10   13    1   31    2    2    1       795
   32    1   10   14    1    2    1    1    1      1484
   32    2    1    1    2   32    0    2    9      1252
   32    2    1    2    1   31    2    2    1      1346
   32    2    1    3    1    9    1    1    1      1261
   32    2    1    4    2   24    0    1    9      7947
   32    2    1    5    2   11    0    2    9      1118
   32    2    1    6    2   20    0    1    9      3010
   32    2    1    7    1   25    2    1    0       907
   32    2    1    8    2    8    0    2    9      4055
   32    2    1    9    2   14    0    2    9      5414
   32    2    1   10    2   27    0    2    9       878
   32    2    1   11    1   12    2    2    1      1148
   32    2    1   12    2   16    0    2    9       815
   32    2    1   13    1   21    1    1    1       863
   32    2    1   14    1    3    2    1    0      2493
   32    2    1   15    1    3    2    2    1      1163
   32    2    1   16    2   29    0    1    9      1517
   32    2    1   17    2   24    0    2    9      1681
   32    2    1   18    1    7    2    1    0      2238
   32    2    1   19    2   13    0    1    9      1350
   32    2    1   20    1   28    2    2    1       913
   32    2    1   21    1    2    1    1    1      1277
   32    2    1   22    2   24    0    2    9      6571
   32    2    1   23    2    1    0    1    9       981
   32    2    1   24    2   23    0    1    9      1774
   32    2    1   25    1    9    1    1    1      1816
   32    2    1   26    1   31    2    2    1      2144
   32    2    1   27    1   12    2    2    1      1084
   32    2    1   28    1   26    2    2    1      1665
   32    2    1   29    1    6    1    1    1      1983
   32    2    1   30    1   19    1    1    1      2640
   32    2    1   31    2   14    0    2    9      2312
   32    2    1   32    2   18    0    1    9       940
   32    2    1   33    1   19    1    1    1      1096
   32    2    1   34    1   25    2    1    0      1085
   32    2    1   35    2   24    0    2    9      1026
   32    2    1   36    2    5    0    1    9      1946
   32    2    1   37    1   15    2    2    1      1165
   32    2    1   38    2   14    0    2    9      2367
   32    2    1   39    1    2    1    1    1       913
   32    2    1   40    2   14    0    2    9      4141
   32    2    1   41    1   26    2    1    0      1592
   32    2    1   42    2   17    0    1    9      1306
   32    2    1   43    1   22    1    1    1       774
   32    2    1   44    1   21    1    1    1       552
   32    2    1   45    2    4    0    2    9      3411
   32    2    1   46    1    6    1    1    1       811
   32    2    1   47    2   30    0    2    9      1900
   32    2    1   48    1   22    1    1    1      1089
   32    2    1   49    1    7    2    2    1      5062
   32    2    1   50    1   15    2    2    1       829
   32    2    1   51    2   10    0    1    9      2157
   32    2    1   52    1   28    2    2    1       983
   32    2    2    1    2   11    0    2    9       817
   32    2    2    2    1   21    1    1    1      1009
   32    2    2    3    1    2    1    1    1       745
   32    2    2    4    1   15    2    2    1       877
   32    2    2    5    2   27    0    2    9       795
   32    2    2    6    2   30    0    2    9      2140
   32    2    2    7    2   10    0    1    9      2231
   32    2    2    8    1    9    1    1    1      1295
   32    2    2    9    1    6    1    1    1       812
   32    2    2   10    2   14    0    2    9       749
   32    2    2   11    1   31    2    2    1       959
   32    2    2   12    1   19    1    1    1      1786
   32    2    2   13    1    2    1    1    1      1395
   32    2    2   14    1   25    2    1    0      2572
   32    2    2   15    2   24    0    2    9      1495
   32    2    2   16    1   12    2    2    1       972
   32    2    2   17    2   13    0    1    9      1574
   32    2    2   18    2   23    0    1    9      2424
   32    2    2   19    2   24    0    2    9      1304
   32    2    2   20    2    8    0    2    9      1220
   32    2    2   21    2   16    0    2    9      1732
   32    2    2   22    2   32    0    2    9       960
   32    2    2   23    1   22    1    1    1       970
   32    2    2   24    1   31    2    1    0       980
   32    2    2   25    1   12    2    2    1       782
   32    2    2   26    2   24    0    2    9       655
   32    2    2   27    1   15    2    2    1       950
   32    2    2   28    1   28    2    2    1       640
   32    2    2   29    1    3    2    1    0      1976
   32    2    2   30    2   18    0    1    9       906
   32    2    2   31    2   14    0    2    9      2214
   32    2    2   32    2   29    0    1    9      1150
   32    2    2   33    1   26    2    2    1      4097
   32    2    2   34    2    4    0    2    9      1630
   32    2    2   35    1    6    1    1    1      1501
   32    2    2   36    1   21    1    1    1      1170
   32    2    2   37    1   26    2    1    0      3284
   32    2    2   38    2    1    0    1    9       673
   32    2    2   39    2   14    0    2    9      1495
   32    2    2   40    2   20    0    2    9      1484
   32    2    2   41    2    5    0    1    9      1058
   32    2    2   42    2   17    0    1    9       584
   32    2    2   43    1   22    1    1    1      1457
   32    2    2   44    1   28    2    2    1       904
   32    2    2   45    1    7    2    2    1      1845
   32    2    2   46    2   24    0    2    9      2044
   32    2    2   47    1    9    1    1    1      1916
   32    2    2   48    2   14    0    2    9      1471
   32    2    2   49    1   19    1    1    1      2405
   32    2    2   50    1   25    2    1    0      1734
   32    2    2   51    1    7    2    2    1      1457
   32    2    2   52    1    3    2    1    0      2296
