   53    1    1    1    1    9    1    1    1      5457
   53    1    1    2    1    3    2    2    1      2683
   53    1    1    3    1   25    2    1    0      2255
   53    1    1    4    1   22    1    1    1      1455
   53    1    1    5    1   21    1    2    0      1973
   53    1    1    6    1   19    1    2    0      4704
   53    1    1    7    1    7    2    2    1      1742
   53    1    1    8    1    6    1    1    1      1609
   53    1    1    9    1   31    2    2    1      1577
   53    1    1   10    1   15    2    2    1      2668
   53    1    1   11    1   12    2    2    1      1650
   53    1    1   12    1   26    2    2    1       802
   53    1    1   13    1   28    2    2    1       963
   53    1    1   14    1    2    1    1    1       910
   53    1    2    1    1   28    2    2    1       988
   53    1    2    2    1   21    1    1    1      1173
   53    1    2    3    1   19    1    1    1      1159
   53    1    2    4    1   22    1    1    1      1723
   53    1    2    5    1   25    2    2    1      1335
   53    1    2    6    1    6    1    1    1      1075
   53    1    2    7    1   12    2    2    1       778
   53    1    2    8    1   15    2    2    1       972
   53    1    2    9    1    3    2    1    0       790
   53    1    2   10    1    7    2    2    1      1056
   53    1    2   11    1    2    1    2    0       776
   53    1    2   12    1   31    2    2    1      1187
   53    1    2   13    1    9    1    2    0       932
   53    1    2   14    1   26    2    2    1      1352
   53    1    3    1    1   12    2    2    1      1178
   53    1    3    2    1   31    2    2    1       684
   53    1    3    3    1    3    2    1    0       896
   53    1    3    4    1   21    1    1    1       774
   53    1    3    5    1   19    1    1    1      1352
   53    1    3    6    1   26    2    2    1       964
   53    1    3    7    1    9    1    1    1      1342
   53    1    3    8    1   22    1    1    1      1082
   53    1    3    9    1   25    2    2    1       992
   53    1    3   10    1    7    2    2    1       970
   53    1    3   11    1   15    2    2    1      1205
   53    1    3   12    1    6    1    1    1      1430
   53    1    3   13    1   28    2    2    1      1133
   53    1    3   14    1    2    1    1    1      1937
   53    1    4    1    1   28    2    2    1       874
   53    1    4    2    1    9    1    2    0      1064
   53    1    4    3    1    2    1    1    1      1206
   53    1    4    4    1   22    1    1    1      1208
   53    1    4    5    1   26    2    1    0      1321
   53    1    4    6    1    6    1    1    1      1198
   53    1    4    7    1   25    2    2    1       782
   53    1    4    8    1   12    2    2    1       784
   53    1    4    9    1   19    1    2    0      1218
   53    1    4   10    1   15    2    2    1      1003
   53    1    4   11    1   21    1    2    0      1268
   53    1    4   12    1    7    2    1    0      4331
   53    1    4   13    1   31    2    2    1       806
   53    1    4   14    1    3    2    1    0       791
   53    1    5    1    1   19    1    2    0      2206
   53    1    5    2    1    3    2    1    0       623
   53    1    5    3    1   15    2    2    1       831
   53    1    5    4    1   25    2    1    0      1455
   53    1    5    5    1    7    2    2    1      1375
   53    1    5    6    1   31    2    2    1      1001
   53    1    5    7    1   21    1    1    1       786
   53    1    5    8    1   28    2    2    1      2117
   53    1    5    9    1    9    1    1    1       881
   53    1    5   10    1    6    1    1    1      1023
   53    1    5   11    1   26    2    2    1      1415
   53    1    5   12    1   12    2    2    1       688
   53    1    5   13    1    2    1    1    1       630
   53    1    5   14    1   22    1    1    1      1230
   53    1    6    1    1    3    2    2    1       912
   53    1    6    2    1   31    2    2    1       685
   53    1    6    3    1    6    1    1    1       658
   53    1    6    4    1   19    1    1    1       825
   53    1    6    5    1   12    2    2    1      1354
   53    1    6    6    1    2    1    1    1       789
   53    1    6    7    1    9    1    1    1      3031
   53    1    6    8    1   26    2    1    0      1855
   53    1    6    9    1   22    1    2    0       910
   53    1    6   10    1   25    2    2    1      1060
   53    1    6   11    1   15    2    2    1      1019
   53    1    6   12    1   28    2    2    1       836
   53    1    6   13    1    7    2    2    1       820
   53    1    6   14    1   21    1    1    1      1156
   53    1    7    1    1    7    2    2    1      1813
   53    1    7    2    1    3    2    1    0      1276
   53    1    7    3    1   28    2    2    1      2979
   53    1    7    4    1    6    1    1    1       926
   53    1    7    5    1    9    1    1    1       969
   53    1    7    6    1   19    1    2    0       707
   53    1    7    7    1    2    1    1    1       832
   53    1    7    8    1   21    1    1    1       545
   53    1    7    9    1   31    2    2    1      1659
   53    1    7   10    1   12    2    2    1      2491
   53    1    7   11    1   15    2    2    1      1049
   53    1    7   12    1   26    2    2    1      2224
   53    1    7   13    1   22    1    1    1       985
   53    1    7   14    1   25    2    2    1      1234
   53    1    8    1    1    9    1    1    1      1429
   53    1    8    2    1   31    2    2    1       925
   53    1    8    3    1   26    2    2    1      1177
   53    1    8    4    1   19    1    2    0       875
   53    1    8    5    1    6    1    1    1      1794
   53    1    8    6    1   15    2    2    1      2667
   53    1    8    7    1   25    2    1    0      1105
   53    1    8    8    1   22    1    2    0       687
   53    1    8    9    1    3    2    2    1       828
   53    1    8   10    1   28    2    2    1      1964
   53    1    8   11    1    7    2    1    0      3246
   53    1    8   12    1   12    2    2    1       677
   53    1    8   13    1    2    1    1    1      1307
   53    1    8   14    1   21    1    1    1      1416
   53    1    9    1    1   26    2    2    1       630
   53    1    9    2    1    3    2    1    0       829
   53    1    9    3    1   12    2    2    1      4933
   53    1    9    4    1   15    2    2    1      3088
   53    1    9    5    1   28    2    2    1      3046
   53    1    9    6    1   25    2    1    0      3773
   53    1    9    7    1    9    1    2    0       559
   53    1    9    8    1    7    2    2    1      6434
   53    1    9    9    1    6    1    1    1      1505
   53    1    9   10    1   31    2    2    1      1862
   53    1    9   11    1   19    1    2    0      1628
   53    1    9   12    1    2    1    1    1      1237
   53    1    9   13    1   21    1    1    1       805
   53    1    9   14    1   22    1    1    1       710
   53    1   10    1    1   31    2    2    1      1001
   53    1   10    2    1   26    2    2    1       802
   53    1   10    3    1   22    1    2    0      1058
   53    1   10    4    1   28    2    2    1       657
   53    1   10    5    1   15    2    2    1       951
   53    1   10    6    1   12    2    2    1       610
   53    1   10    7    1   19    1    1    1      1275
   53    1   10    8    1    2    1    1    1       985
   53    1   10    9    1    9    1    1    1      1138
   53    1   10   10    1    6    1    1    1       949
   53    1   10   11    1   25    2    1    0       672
   53    1   10   12    1    7    2    2    1       703
   53    1   10   13    1   21    1    1    1       723
   53    1   10   14    1    3    2    2    1       743
   53    2    1    1    1    2    1    1    1      1046
   53    2    1    2    1    2    1    1    1       748
   53    2    1    3    1    7    2    2    1       655
   53    2    1    4    2   20    0    2    9       678
   53    2    1    5    1    7    2    1    0      2396
   53    2    1    6    2   16    0    2    9       429
   53    2    1    7    2    8    0    2    9       781
   53    2    1    8    2   24    0    2    9      1934
   53    2    1    9    2    5    0    1    9      1234
   53    2    1   10    1    6    1    1    1       882
   53    2    1   11    2   18    0    1    9       975
   53    2    1   12    2   11    0    1    9      1434
   53    2    1   13    2   23    0    1    9       897
   53    2    1   14    1    6    1    2    0       590
   53    2    1   15    2   24    0    2    9      1159
   53    2    1   16    1   15    2    2    1      1626
   53    2    1   17    1   19    1    2    0      1163
   53    2    1   18    2    4    0    2    9       685
   53    2    1   19    2   17    0    1    9      1538
   53    2    1   20    2   14    0    2    9      1734
   53    2    1   21    2   24    0    2    9       673
   53    2    1   22    1   21    1    1    1      1224
   53    2    1   23    2   32    0    2    9       888
   53    2    1   24    1   26    2    1    0      3382
   53    2    1   25    1   21    1    2    0      1056
   53    2    1   26    1   25    2    1    0       983
   53    2    1   27    2   29    0    2    9       688
   53    2    1   28    1    9    1    2    0       454
   53    2    1   29    2   27    0    2    9      1493
   53    2    1   30    2   14    0    2    9      1146
   53    2    1   31    1   22    1    1    1      1341
   53    2    1   32    1   25    2    2    1      1449
   53    2    1   33    2    1    0    1    9       943
   53    2    1   34    2   24    0    2    9       907
   53    2    1   35    1   19    1    1    1      1481
   53    2    1   36    2   14    0    2    9      1662
   53    2    1   37    1   31    2    2    1       877
   53    2    1   38    1   28    2    2    1      1627
   53    2    1   39    2   30    0    2    9      1547
   53    2    1   40    2   13    0    1    9       686
   53    2    1   41    1   31    2    2    1      1203
   53    2    1   42    1   12    2    2    1      1651
   53    2    1   43    1   12    2    2    1       674
   53    2    1   44    1   22    1    1    1      1288
   53    2    1   45    1   28    2    2    1       870
   53    2    1   46    1    9    1    1    1       772
   53    2    1   47    1   26    2    1    0       438
   53    2    1   48    1    3    2    2    1       693
   53    2    1   49    1    3    2    2    1      2970
   53    2    1   50    2   14    0    1    9      1413
   53    2    1   51    2   10    0    2    9      2237
   53    2    1   52    1   15    2    2    1       996
   53    2    2    1    1   25    2    1    0       733
   53    2    2    2    2   10    0    1    9      1024
   53    2    2    3    2   14    0    2    9       840
   53    2    2    4    1   26    2    1    0      1303
   53    2    2    5    2   23    0    2    9       933
   53    2    2    6    2    8    0    2    9      1489
   53    2    2    7    1   22    1    1    1      2663
   53    2    2    8    1   31    2    2    1      1100
   53    2    2    9    2   11    0    2    9      3123
   53    2    2   10    2   14    0    1    9      2695
   53    2    2   11    2   29    0    1    9      1116
   53    2    2   12    1    3    2    2    1       593
   53    2    2   13    2   27    0    2    9       938
   53    2    2   14    2   30    0    1    9       822
   53    2    2   15    1   15    2    2    1       774
   53    2    2   16    1   28    2    2    1       617
   53    2    2   17    2    4    0    2    9       865
   53    2    2   18    1    6    1    1    1       959
   53    2    2   19    2   14    0    2    9       841
   53    2    2   20    1   22    1    1    1       824
   53    2    2   21    1   31    2    2    1      1064
   53    2    2   22    2   17    0    1    9       798
   53    2    2   23    1    2    1    1    1       656
   53    2    2   24    2   24    0    2    9       982
   53    2    2   25    2   13    0    2    9      1584
   53    2    2   26    2   14    0    2    9       753
   53    2    2   27    2   20    0    2    9       804
   53    2    2   28    2   24    0    2    9       741
   53    2    2   29    1    9    1    1    1       729
   53    2    2   30    1    7    2    2    1      1389
   53    2    2   31    1    7    2    2    1       855
   53    2    2   32    2   24    0    2    9       885
   53    2    2   33    1   19    1    2    0       835
   53    2    2   34    2   16    0    2    9      2690
   53    2    2   35    2   24    0    2    9       600
   53    2    2   36    1   12    2    2    1      1520
   53    2    2   37    1   21    1    1    1      4292
   53    2    2   38    1   15    2    2    1      1002
   53    2    2   39    1   28    2    2    1       610
   53    2    2   40    2   32    0    2    9       987
   53    2    2   41    1    9    1    1    1       820
   53    2    2   42    1    6    1    2    0       948
   53    2    2   43    2    5    0    2    9       879
   53    2    2   44    2   18    0    2    9      1277
   53    2    2   45    1   25    2    2    1       827
   53    2    2   46    1   26    2    2    1      1035
   53    2    2   47    1   19    1    2    0       595
   53    2    2   48    1   12    2    2    1       749
   53    2    2   49    1   21    1    2    0      1088
   53    2    2   50    1    3    2    1    0       886
   53    2    2   51    1    2    1    1    1      1171
   53    2    2   52    2    1    0    1    9       645
