   46    1    1    1    1   26    2    1    0      7154
   46    1    1    2    1   21    1    1    1      2899
   46    1    1    3    1    2    1    2    0      1392
   46    1    1    4    1   12    2    2    1      4882
   46    1    1    5    1   19    1    1    1      1439
   46    1    1    6    1   22    1    1    1       983
   46    1    1    7    1    3    2    2    1       689
   46    1    1    8    1    7    2    2    1       566
   46    1    1    9    1   15    2    2    1       592
   46    1    1   10    1    9    1    2    0       617
   46    1    1   11    1   31    2    1    0      2122
   46    1    1   12    1   28    2    2    1       782
   46    1    1   13    1   25    2    2    1      1343
   46    1    1   14    1    6    1    1    1       747
   46    1    2    1    1    2    1    1    1      1179
   46    1    2    2    1    9    1    1    1       717
   46    1    2    3    1    6    1    1    1       706
   46    1    2    4    1   19    1    2    0       551
   46    1    2    5    1   28    2    2    1      1481
   46    1    2    6    1   31    2    2    1      1551
   46    1    2    7    1   22    1    1    1       962
   46    1    2    8    1   15    2    2    1      1165
   46    1    2    9    1   26    2    2    1      1311
   46    1    2   10    1   21    1    1    1       876
   46    1    2   11    1   12    2    2    1       667
   46    1    2   12    1    3    2    1    0       753
   46    1    2   13    1    7    2    1    0      1531
   46    1    2   14    1   25    2    1    0       951
   46    1    3    1    1   26    2    1    0       914
   46    1    3    2    1    2    1    2    0      3254
   46    1    3    3    1   22    1    2    0      1245
   46    1    3    4    1   21    1    1    1      1028
   46    1    3    5    1   19    1    2    0       732
   46    1    3    6    1   15    2    2    1       983
   46    1    3    7    1    6    1    1    1       946
   46    1    3    8    1    9    1    2    0       685
   46    1    3    9    1    7    2    1    0      1514
   46    1    3   10    1   12    2    2    1      4951
   46    1    3   11    1    3    2    1    0      1362
   46    1    3   12    1   25    2    1    0       852
   46    1    3   13    1   31    2    2    1       603
   46    1    3   14    1   28    2    2    1       596
   46    1    4    1    1   21    1    1    1      1235
   46    1    4    2    1   15    2    2    1      3074
   46    1    4    3    1    9    1    1    1      1528
   46    1    4    4    1    2    1    1    1       780
   46    1    4    5    1   12    2    2    1       670
   46    1    4    6    1   25    2    1    0       659
   46    1    4    7    1   19    1    1    1      1459
   46    1    4    8    1   28    2    2    1      1481
   46    1    4    9    1    3    2    1    0       751
   46    1    4   10    1    7    2    1    0      1626
   46    1    4   11    1   26    2    2    1       546
   46    1    4   12    1   31    2    2    1       574
   46    1    4   13    1    6    1    1    1       584
   46    1    4   14    1   22    1    1    1       833
   46    1    5    1    1    7    2    1    0      2822
   46    1    5    2    1   12    2    2    1      1662
   46    1    5    3    1   15    2    2    1      1485
   46    1    5    4    1   28    2    2    1       706
   46    1    5    5    1   31    2    2    1       919
   46    1    5    6    1   22    1    1    1       803
   46    1    5    7    1    3    2    2    1       548
   46    1    5    8    1    2    1    1    1       655
   46    1    5    9    1   21    1    1    1       758
   46    1    5   10    1   26    2    1    0       617
   46    1    5   11    1   19    1    2    0       745
   46    1    5   12    1   25    2    1    0       501
   46    1    5   13    1    6    1    1    1       715
   46    1    5   14    1    9    1    1    1       591
   46    1    6    1    1   25    2    1    0      1192
   46    1    6    2    1   28    2    1    0      1826
   46    1    6    3    1   19    1    1    1      1138
   46    1    6    4    1    6    1    1    1      1078
   46    1    6    5    1   15    2    2    1      1340
   46    1    6    6    1   26    2    1    0      1049
   46    1    6    7    1   22    1    1    1      1768
   46    1    6    8    1    2    1    1    1      1011
   46    1    6    9    1   31    2    2    1       636
   46    1    6   10    1    3    2    1    0       708
   46    1    6   11    1    7    2    1    0      1425
   46    1    6   12    1    9    1    1    1       834
   46    1    6   13    1   12    2    2    1       722
   46    1    6   14    1   21    1    1    1       758
   46    1    7    1    1   12    2    2    1      1347
   46    1    7    2    1   21    1    1    1      2094
   46    1    7    3    1   22    1    1    1      1100
   46    1    7    4    1   15    2    2    1      3312
   46    1    7    5    1   25    2    1    0      3374
   46    1    7    6    1    9    1    2    0      1376
   46    1    7    7    1    3    2    1    0      1635
   46    1    7    8    1    6    1    1    1       795
   46    1    7    9    1   31    2    2    1      1117
   46    1    7   10    1   19    1    1    1      1025
   46    1    7   11    1    2    1    1    1       825
   46    1    7   12    1   28    2    2    1      1033
   46    1    7   13    1   26    2    1    0       736
   46    1    7   14    1    7    2    1    0       716
   46    1    8    1    1   25    2    1    0       705
   46    1    8    2    1    9    1    2    0       798
   46    1    8    3    1   26    2    2    1      1031
   46    1    8    4    1    3    2    1    0       559
   46    1    8    5    1   12    2    1    0      1346
   46    1    8    6    1    7    2    2    1      1093
   46    1    8    7    1   22    1    2    0       891
   46    1    8    8    1    6    1    1    1       593
   46    1    8    9    1   19    1    1    1       874
   46    1    8   10    1    2    1    1    1      2857
   46    1    8   11    1   28    2    2    1       904
   46    1    8   12    1   15    2    1    0       773
   46    1    8   13    1   31    2    2    1       671
   46    1    8   14    1   21    1    1    1       742
   46    1    9    1    1    7    2    1    0      1625
   46    1    9    2    1   31    2    1    0      1489
   46    1    9    3    1    3    2    1    0      1199
   46    1    9    4    1   12    2    2    1       584
   46    1    9    5    1    9    1    2    0       610
   46    1    9    6    1   22    1    1    1       819
   46    1    9    7    1   15    2    2    1       563
   46    1    9    8    1    6    1    1    1       445
   46    1    9    9    1    2    1    1    1       461
   46    1    9   10    1   19    1    2    0       508
   46    1    9   11    1   25    2    2    1      1505
   46    1    9   12    1   28    2    2    1      2790
   46    1    9   13    1   21    1    1    1       968
   46    1    9   14    1   26    2    2    1       962
   46    1   10    1    1   22    1    1    1      1382
   46    1   10    2    1   15    2    2    1      1791
   46    1   10    3    1   25    2    1    0      1033
   46    1   10    4    1   21    1    1    1       633
   46    1   10    5    1   19    1    1    1       689
   46    1   10    6    1    3    2    1    0       599
   46    1   10    7    1   12    2    2    1      2759
   46    1   10    8    1    7    2    1    0       939
   46    1   10    9    1    2    1    1    1       814
   46    1   10   10    1    6    1    1    1      2814
   46    1   10   11    1   26    2    1    0      1263
   46    1   10   12    1    9    1    1    1      2725
   46    1   10   13    1   28    2    2    1       682
   46    1   10   14    1   31    2    2    1       752
   46    2    1    1    2    4    0    1    9      4671
   46    2    1    2    1    6    1    1    1      2195
   46    2    1    3    1   21    1    1    1      3390
   46    2    1    4    2   14    0    2    9      2791
   46    2    1    5    2   32    0    2    9       825
   46    2    1    6    2   11    0    2    9      4346
   46    2    1    7    1   28    2    2    1      2557
   46    2    1    8    1   28    2    2    1       809
   46    2    1    9    2    1    0    1    9      1322
   46    2    1   10    2   13    0    1    9      2279
   46    2    1   11    1    9    1    2    0       414
   46    2    1   12    2   16    0    2    9      1742
   46    2    1   13    2   24    0    2    9      1290
   46    2    1   14    2   23    0    1    9       488
   46    2    1   15    1    7    2    1    0      2533
   46    2    1   16    2   27    0    2    9      1745
   46    2    1   17    1   26    2    2    1      1132
   46    2    1   18    1    6    1    1    1      2032
   46    2    1   19    1   22    1    1    1      1040
   46    2    1   20    1    2    1    1    1       824
   46    2    1   21    1   25    2    1    0       824
   46    2    1   22    1   19    1    2    0       840
   46    2    1   23    2   17    0    1    9       568
   46    2    1   24    2   14    0    2    9       915
   46    2    1   25    1    2    1    1    1       479
   46    2    1   26    1   31    2    1    0       734
   46    2    1   27    1   26    2    1    0      1041
   46    2    1   28    2   24    0    2    9      1482
   46    2    1   29    1   31    2    2    1      1471
   46    2    1   30    1    9    1    2    0      4053
   46    2    1   31    2   10    0    1    9       965
   46    2    1   32    2   30    0    2    9      2319
   46    2    1   33    1   12    2    2    1      1396
   46    2    1   34    2    5    0    1    9      1757
   46    2    1   35    2   24    0    2    9       952
   46    2    1   36    2   20    0    2    9      1203
   46    2    1   37    2    8    0    2    9       997
   46    2    1   38    2   29    0    1    9      1790
   46    2    1   39    1   21    1    1    1       743
   46    2    1   40    1   15    2    2    1      1034
   46    2    1   41    2   14    0    1    9       994
   46    2    1   42    1    7    2    2    1       860
   46    2    1   43    2   14    0    1    9      1435
   46    2    1   44    1   22    1    1    1       802
   46    2    1   45    1   19    1    2    0       980
   46    2    1   46    1   12    2    2    1       798
   46    2    1   47    1    3    2    2    1      1104
   46    2    1   48    2   18    0    1    9      1205
   46    2    1   49    1    3    2    2    1      1237
   46    2    1   50    2   24    0    2    9      1093
   46    2    1   51    1   15    2    2    1       939
   46    2    1   52    1   25    2    1    0       807
   46    2    2    1    2   24    0    2    9      1320
   46    2    2    2    1   26    2    1    0      5156
   46    2    2    3    1   31    2    2    1       887
   46    2    2    4    1   15    2    2    1      2917
   46    2    2    5    1    3    2    2    1      2657
   46    2    2    6    2   11    0    2    9      2009
   46    2    2    7    1   25    2    1    0       618
   46    2    2    8    2   24    0    2    9       610
   46    2    2    9    2   17    0    1    9      2107
   46    2    2   10    1    7    2    2    1       888
   46    2    2   11    2   24    0    2    9      1525
   46    2    2   12    2   18    0    1    9      4506
   46    2    2   13    2   23    0    1    9      1095
   46    2    2   14    1    3    2    1    0      2381
   46    2    2   15    2   14    0    2    9      3822
   46    2    2   16    1   31    2    2    1      2166
   46    2    2   17    1   21    1    2    0      2273
   46    2    2   18    1   25    2    2    1      4695
   46    2    2   19    1   19    1    1    1      1756
   46    2    2   20    2   14    0    2    9      2376
   46    2    2   21    1   21    1    2    0       715
   46    2    2   22    1    9    1    1    1      1902
   46    2    2   23    2   16    0    2    9       725
   46    2    2   24    2   30    0    1    9       889
   46    2    2   25    1   22    1    1    1      1223
   46    2    2   26    1    7    2    2    1      1094
   46    2    2   27    2   13    0    1    9       717
   46    2    2   28    1    2    1    1    1      1457
   46    2    2   29    1   28    2    2    1       841
   46    2    2   30    2   14    0    1    9      1817
   46    2    2   31    1    2    1    1    1      1521
   46    2    2   32    2   29    0    1    9      1238
   46    2    2   33    2   10    0    1    9      2694
   46    2    2   34    2    4    0    2    9      1068
   46    2    2   35    2    1    0    1    9       626
   46    2    2   36    2   14    0    1    9      1882
   46    2    2   37    1    6    1    1    1       977
   46    2    2   38    2   24    0    2    9       715
   46    2    2   39    1   12    2    2    1       800
   46    2    2   40    2    5    0    2    9       577
   46    2    2   41    2   32    0    2    9      1243
   46    2    2   42    1   22    1    1    1       875
   46    2    2   43    1    9    1    1    1       857
   46    2    2   44    1   12    2    2    1       616
   46    2    2   45    1   19    1    2    0      1153
   46    2    2   46    1   28    2    2    1      1732
   46    2    2   47    2   27    0    2    9      1952
   46    2    2   48    2    8    0    2    9       867
   46    2    2   49    2   20    0    2    9      1233
   46    2    2   50    1    6    1    1    1       528
   46    2    2   51    1   15    2    2    1       813
   46    2    2   52    1   26    2    1    0       605
