    6    1    1    1    1   28    4    4    1      5217
    6    1    1    2    1   18    3    2    0      4410
    6    1    1    3    1   25    3    2    0      7378
    6    1    1    4    1   15    2    1    0      2036
    6    1    1    5    1    3    2    2    1      4764
    6    1    1    6    1   22    3    3    1      2366
    6    1    1    7    1   31    4    2    0      1424
    6    1    1    8    1   12    2    4    0      4784
    6    1    1    9    1    2    1    2    0      3913
    6    1    1   10    1   19    4    3    0      6133
    6    1    1   11    1   23    4    2    0      5288
    6    1    1   12    1    9    1    1    1      4109
    6    1    1   13    1    7    2    3    0      2922
    6    1    1   14    1    6    1    2    0      1694
    6    1    2    1    1   12    2    4    0      4996
    6    1    2    2    1   18    3    1    0      2965
    6    1    2    3    1    6    1    2    0      3799
    6    1    2    4    1    3    2    3    0      5271
    6    1    2    5    1   22    3    1    0      2797
    6    1    2    6    1   28    4    2    0      4838
    6    1    2    7    1   19    4    3    0      7389
    6    1    2    8    1   25    3    1    0      1871
    6    1    2    9    1    2    1    2    0      1388
    6    1    2   10    1    7    2    4    0      3758
    6    1    2   11    1   31    4    2    0      7808
    6    1    2   12    1   23    4    2    0      4577
    6    1    2   13    1    9    1    3    0     13971
    6    1    2   14    1   15    2    4    0      2493
    6    1    3    1    1   31    4    4    1      4196
    6    1    3    2    1    3    2    2    1      7581
    6    1    3    3    1   22    3    4    0      2654
    6    1    3    4    1   18    3    3    1      2317
    6    1    3    5    1   15    2    2    1      2209
    6    1    3    6    1    7    2    1    0      1049
    6    1    3    7    1   25    3    3    1      1272
    6    1    3    8    1    2    1    1    1      1638
    6    1    3    9    1   19    4    4    1      1237
    6    1    3   10    1    9    1    1    1      1285
    6    1    3   11    1   28    4    4    1       946
    6    1    3   12    1   12    2    2    1       973
    6    1    3   13    1    6    1    1    1       983
    6    1    3   14    1   23    4    2    0      4096
    6    1    4    1    1    9    1    1    1      3123
    6    1    4    2    1   12    2    2    1       775
    6    1    4    3    1    3    2    2    1      1097
    6    1    4    4    1   15    2    2    1      1470
    6    1    4    5    1   18    3    3    1      1140
    6    1    4    6    1   19    4    4    1       887
    6    1    4    7    1    7    2    2    1       997
    6    1    4    8    1   31    4    2    0      1165
    6    1    4    9    1    6    1    1    1      1463
    6    1    4   10    1   25    3    3    1      5149
    6    1    4   11    1   22    3    3    1       880
    6    1    4   12    1   28    4    4    1       781
    6    1    4   13    1   23    4    4    1      1119
    6    1    4   14    1    2    1    1    1      1250
    6    1    5    1    1    3    2    2    1      1230
    6    1    5    2    1    2    1    1    1      1757
    6    1    5    3    1   15    2    2    1       712
    6    1    5    4    1    7    2    2    1       749
    6    1    5    5    1   31    4    4    1      1423
    6    1    5    6    1   18    3    3    1       823
    6    1    5    7    1   19    4    4    1       743
    6    1    5    8    1   12    2    2    1       826
    6    1    5    9    1   23    4    4    1      1803
    6    1    5   10    1   25    3    1    0       691
    6    1    5   11    1    9    1    1    1      1312
    6    1    5   12    1    6    1    2    0       685
    6    1    5   13    1   22    3    3    1       826
    6    1    5   14    1   28    4    4    1       826
    6    1    6    1    1   31    4    4    1      2579
    6    1    6    2    1   23    4    4    1      2189
    6    1    6    3    1   28    4    4    1      1334
    6    1    6    4    1    2    1    1    1      1138
    6    1    6    5    1   19    4    4    1       933
    6    1    6    6    1   22    3    3    1       880
    6    1    6    7    1    9    1    1    1       846
    6    1    6    8    1    3    2    2    1       893
    6    1    6    9    1   15    2    2    1      1546
    6    1    6   10    1   12    2    2    1       925
    6    1    6   11    1   25    3    3    1      1881
    6    1    6   12    1    7    2    2    1      1310
    6    1    6   13    1    6    1    1    1       859
    6    1    6   14    1   18    3    3    1      1018
    6    1    7    1    1   22    3    3    1      1982
    6    1    7    2    1   19    4    4    1       704
    6    1    7    3    1   28    4    4    1       692
    6    1    7    4    1    6    1    1    1       730
    6    1    7    5    1   23    4    4    1       781
    6    1    7    6    1    7    2    2    1       766
    6    1    7    7    1    2    1    1    1       833
    6    1    7    8    1   12    2    2    1       624
    6    1    7    9    1    3    2    2    1       760
    6    1    7   10    1   18    3    3    1      1179
    6    1    7   11    1   15    2    2    1      1181
    6    1    7   12    1    9    1    1    1       654
    6    1    7   13    1   25    3    3    1       629
    6    1    7   14    1   31    4    4    1       717
    6    1    8    1    1   19    4    4    1      1807
    6    1    8    2    1   22    3    3    1       584
    6    1    8    3    1    6    1    1    1       577
    6    1    8    4    1    9    1    1    1       683
    6    1    8    5    1   18    3    3    1       785
    6    1    8    6    1   31    4    4    1       690
    6    1    8    7    1   15    2    2    1       696
    6    1    8    8    1   12    2    2    1       605
    6    1    8    9    1    3    2    2    1       742
    6    1    8   10    1    2    1    1    1       873
    6    1    8   11    1   23    4    4    1      2727
    6    1    8   12    1    7    2    2    1       827
    6    1    8   13    1   28    4    4    1      1131
    6    1    8   14    1   25    3    3    1      2190
    6    2    1    1    2   10    0    1    9      2380
    6    2    1    2    1   12    2    2    1      1677
    6    2    1    3    2    4    0    2    9       859
    6    2    1    4    1    9    1    1    1      1402
    6    2    1    5    1    3    2    2    1      1442
    6    2    1    6    2   30    0    3    9      1178
    6    2    1    7    2    5    0    1    9      1788
    6    2    1    8    2   30    0    3    9       869
    6    2    1    9    1   19    4    4    1      1699
    6    2    1   10    1   15    2    2    1      2448
    6    2    1   11    2   14    0    1    9      1214
    6    2    1   12    2   29    0    3    9      1502
    6    2    1   13    2   13    0    1    9       659
    6    2    1   14    2   26    0    3    9      1178
    6    2    1   15    2   30    0    3    9       651
    6    2    1   16    1   28    4    4    1       754
    6    2    1   17    1    6    1    2    0       981
    6    2    1   18    1    3    2    2    1      5646
    6    2    1   19    2   11    0    2    9      3645
    6    2    1   20    1   23    4    4    1      2332
    6    2    1   21    1   31    4    4    1      1200
    6    2    1   22    1   22    3    3    1      1104
    6    2    1   23    1    2    1    1    1       805
    6    2    1   24    1   18    3    3    1       949
    6    2    1   25    1   25    3    1    0       576
    6    2    1   26    2   16    0    2    9      1434
    6    2    1   27    1   12    2    2    1       769
    6    2    1   28    1   25    3    3    1      1107
    6    2    1   29    1   19    4    4    1       824
    6    2    1   30    1   23    4    4    1       696
    6    2    1   31    1    7    2    2    1       733
    6    2    1   32    2   20    0    4    9       768
    6    2    1   33    2   27    0    4    9       930
    6    2    1   34    2    8    0    2    9       877
    6    2    1   35    1   22    3    3    1      1083
    6    2    1   36    1    9    1    1    1       593
    6    2    1   37    2   24    0    4    9       682
    6    2    1   38    2   21    0    3    9       735
    6    2    1   39    2   14    0    1    9      1603
    6    2    1   40    1    7    2    2    1      1891
    6    2    1   41    2   14    0    1    9      1225
    6    2    1   42    2   17    0    3    9       537
    6    2    1   43    1   31    4    4    1       868
    6    2    1   44    1   18    3    3    1       946
    6    2    1   45    2    1    0    1    9       669
    6    2    1   46    1    2    1    1    1       659
    6    2    1   47    1    6    1    1    1       842
    6    2    1   48    1   28    4    4    1       665
    6    2    1   49    1   15    2    2    1      2175
    6    2    1   50    2   30    0    3    9       921
    6    2    1   51    2   32    0    4    9       725
    6    2    1   52    2   14    0    1    9       921
    6    2    2    1    2   13    0    1    9       581
    6    2    2    2    1   28    4    4    1       863
    6    2    2    3    1   18    3    3    1      1181
    6    2    2    4    1   15    2    2    1       751
    6    2    2    5    2   21    0    1    9      1041
    6    2    2    6    2   14    0    1    9       808
    6    2    2    7    2   30    0    3    9      1225
    6    2    2    8    2   14    0    1    9      1081
    6    2    2    9    2   32    0    4    9       638
    6    2    2   10    1   23    4    3    0       726
    6    2    2   11    1    2    1    1    1       842
    6    2    2   12    1   31    4    4    1      1529
    6    2    2   13    2   30    0    3    9      1005
    6    2    2   14    1   22    3    3    1       598
    6    2    2   15    2   20    0    4    9      2702
    6    2    2   16    1   22    3    3    1      1619
    6    2    2   17    1   12    2    2    1      1075
    6    2    2   18    2   30    0    3    9      2201
    6    2    2   19    1    9    1    1    1       658
    6    2    2   20    2   11    0    2    9       680
    6    2    2   21    2    1    0    1    9       830
    6    2    2   22    2    4    0    2    9       749
    6    2    2   23    1    3    2    2    1       832
    6    2    2   24    2   17    0    3    9       815
    6    2    2   25    1   25    3    3    1       639
    6    2    2   26    2   10    0    1    9      2086
    6    2    2   27    2    8    0    2    9      1060
    6    2    2   28    2   29    0    3    9      1066
    6    2    2   29    1    6    1    1    1       656
    6    2    2   30    2   24    0    4    9       631
    6    2    2   31    1   19    4    4    1       750
    6    2    2   32    2   16    0    2    9       993
    6    2    2   33    2   14    0    1    9       666
    6    2    2   34    2   30    0    3    9       640
    6    2    2   35    1    3    2    2    1       759
    6    2    2   36    1   19    4    4    1      1242
    6    2    2   37    1   18    3    3    1       937
    6    2    2   38    1    6    1    1    1       821
    6    2    2   39    2   14    0    1    9      4565
    6    2    2   40    1    7    2    2    1       799
    6    2    2   41    1    2    1    1    1       671
    6    2    2   42    1   31    4    4    1       997
    6    2    2   43    1   25    3    3    1      1054
    6    2    2   44    2   26    0    3    9       789
    6    2    2   45    1    9    1    1    1       518
    6    2    2   46    2    5    0    1    9       433
    6    2    2   47    1   23    4    4    1       705
    6    2    2   48    1   15    2    2    1       805
    6    2    2   49    1    7    2    2    1       710
    6    2    2   50    1   12    2    2    1      1051
    6    2    2   51    2   27    0    4    9       961
    6    2    2   52    1   28    4    4    1       636
