    9    1    1    1    1   22    3    2    0     26609
    9    1    1    2    1   31    4    4    1      2619
    9    1    1    3    1   25    4    2    0      3187
    9    1    1    4    1   21    3    4    0      1277
    9    1    1    5    1   15    2    3    0      5091
    9    1    1    6    1   26    4    3    0      4912
    9    1    1    7    1   12    2    3    0      5173
    9    1    1    8    1    6    1    1    1      2063
    9    1    1    9    1   19    3    1    0      1101
    9    1    1   10    1    2    1    2    0      2793
    9    1    1   11    1   28    4    4    1      4179
    9    1    1   12    1    7    2    2    1      1789
    9    1    1   13    1    3    2    2    1      2406
    9    1    1   14    1    9    1    3    0      1575
    9    1    2    1    1   12    2    2    1      4697
    9    1    2    2    1   25    4    3    0      4141
    9    1    2    3    1    3    2    1    0      4416
    9    1    2    4    1   19    3    2    0      1641
    9    1    2    5    1    9    1    1    1      5968
    9    1    2    6    1   26    4    2    0      1074
    9    1    2    7    1   15    2    4    0      1104
    9    1    2    8    1   22    3    2    0      5756
    9    1    2    9    1    2    1    2    0      2239
    9    1    2   10    1    7    2    3    0      3503
    9    1    2   11    1    6    1    4    0      3867
    9    1    2   12    1   21    3    2    0      4137
    9    1    2   13    1   31    4    4    1      2028
    9    1    2   14    1   28    4    4    1      1420
    9    1    3    1    1   25    4    4    1      1883
    9    1    3    2    1    6    1    3    0      1248
    9    1    3    3    1   22    3    3    1      1463
    9    1    3    4    1   12    2    4    0      1309
    9    1    3    5    1   26    4    3    0      1842
    9    1    3    6    1   15    2    4    0       945
    9    1    3    7    1    7    2    2    1      3188
    9    1    3    8    1    3    2    1    0      1798
    9    1    3    9    1   31    4    4    1      1206
    9    1    3   10    1    2    1    2    0      1623
    9    1    3   11    1    9    1    3    0      1407
    9    1    3   12    1   21    3    2    0      7775
    9    1    3   13    1   19    3    1    0      1281
    9    1    3   14    1   28    4    4    1      1174
    9    1    4    1    1   22    3    4    0      2627
    9    1    4    2    1    9    1    1    1      2787
    9    1    4    3    1   31    4    4    1       964
    9    1    4    4    1   19    3    2    0      2030
    9    1    4    5    1   28    4    4    1      1942
    9    1    4    6    1   15    2    2    1      1657
    9    1    4    7    1    6    1    3    0      7911
    9    1    4    8    1    3    2    1    0      1156
    9    1    4    9    1   26    4    4    1      1247
    9    1    4   10    1   12    2    3    0      2125
    9    1    4   11    1   25    4    4    1      1106
    9    1    4   12    1    2    1    3    0      1894
    9    1    4   13    1   21    3    3    1       884
    9    1    4   14    1    7    2    2    1      1649
    9    1    5    1    1    9    1    2    0      1970
    9    1    5    2    1   31    4    4    1      1131
    9    1    5    3    1    2    1    1    1      3055
    9    1    5    4    1   26    4    4    1      1221
    9    1    5    5    1   21    3    3    1      1957
    9    1    5    6    1   12    2    2    1       904
    9    1    5    7    1    7    2    2    1      1173
    9    1    5    8    1   28    4    4    1      1351
    9    1    5    9    1   15    2    2    1      3617
    9    1    5   10    1    3    2    1    0       705
    9    1    5   11    1   25    4    4    1       798
    9    1    5   12    1   22    3    4    0      3935
    9    1    5   13    1   19    3    3    1       938
    9    1    5   14    1    6    1    2    0      1141
    9    1    6    1    1   26    4    4    1       919
    9    1    6    2    1   25    4    4    1       899
    9    1    6    3    1    9    1    2    0       880
    9    1    6    4    1   28    4    4    1       709
    9    1    6    5    1    3    2    2    1      1594
    9    1    6    6    1   19    3    3    1       891
    9    1    6    7    1   12    2    1    0       936
    9    1    6    8    1   15    2    1    0      1804
    9    1    6    9    1    2    1    2    0      1373
    9    1    6   10    1   21    3    3    1      1023
    9    1    6   11    1    6    1    2    0      1062
    9    1    6   12    1   22    3    3    1       789
    9    1    6   13    1    7    2    2    1      1351
    9    1    6   14    1   31    4    4    1       737
    9    1    7    1    1   19    3    3    1      2736
    9    1    7    2    1    2    1    1    1       867
    9    1    7    3    1    7    2    2    1      1969
    9    1    7    4    1   25    4    4    1       691
    9    1    7    5    1    9    1    1    1      3256
    9    1    7    6    1   21    3    3    1      3431
    9    1    7    7    1   15    2    2    1      1230
    9    1    7    8    1    6    1    1    1      1054
    9    1    7    9    1    3    2    2    1      1220
    9    1    7   10    1   26    4    4    1      2404
    9    1    7   11    1   12    2    2    1      1285
    9    1    7   12    1   31    4    4    1      1186
    9    1    7   13    1   22    3    3    1       724
    9    1    7   14    1   28    4    4    1      1304
    9    1    8    1    1   26    4    4    1      1829
    9    1    8    2    1   25    4    3    0      1085
    9    1    8    3    1   19    3    3    1       810
    9    1    8    4    1   28    4    4    1       651
    9    1    8    5    1   21    3    3    1      1761
    9    1    8    6    1   12    2    2    1      2940
    9    1    8    7    1   22    3    3    1      1960
    9    1    8    8    1    6    1    1    1      1194
    9    1    8    9    1   31    4    4    1      1019
    9    1    8   10    1    3    2    2    1      1060
    9    1    8   11    1    7    2    2    1      1226
    9    1    8   12    1    9    1    1    1       732
    9    1    8   13    1    2    1    1    1      1919
    9    1    8   14    1   15    2    2    1      1123
    9    1    9    1    1   21    3    3    1      4762
    9    1    9    2    1   25    4    4    1       717
    9    1    9    3    1    2    1    1    1      1169
    9    1    9    4    1    3    2    2    1      1587
    9    1    9    5    1    7    2    2    1      1092
    9    1    9    6    1   28    4    4    1       938
    9    1    9    7    1   31    4    4    1      1509
    9    1    9    8    1   15    2    2    1      1066
    9    1    9    9    1   12    2    2    1      1072
    9    1    9   10    1   19    3    3    1      1269
    9    1    9   11    1   26    4    4    1      1299
    9    1    9   12    1    6    1    1    1      1200
    9    1    9   13    1    9    1    1    1       737
    9    1    9   14    1   22    3    3    1      1140
    9    1   10    1    1   31    4    4    1       863
    9    1   10    2    1    9    1    1    1       813
    9    1   10    3    1   19    3    3    1      1597
    9    1   10    4    1   21    3    4    0       542
    9    1   10    5    1   22    3    3    1      1425
    9    1   10    6    1   25    4    4    1       857
    9    1   10    7    1    2    1    1    1      1144
    9    1   10    8    1    7    2    2    1       668
    9    1   10    9    1   15    2    2    1       817
    9    1   10   10    1    3    2    2    1      1233
    9    1   10   11    1   26    4    4    1       865
    9    1   10   12    1   28    4    4    1       799
    9    1   10   13    1   12    2    2    1      1215
    9    1   10   14    1    6    1    1    1       911
    9    2    1    1    1   28    4    4    1      1531
    9    2    1    2    2    1    0    1    9      1694
    9    2    1    3    1   26    4    4    1      2091
    9    2    1    4    1   31    4    4    1      2120
    9    2    1    5    2   30    0    4    9      1221
    9    2    1    6    2    5    0    1    9       773
    9    2    1    7    2   11    0    2    9       950
    9    2    1    8    2   27    0    4    9      1458
    9    2    1    9    1   22    3    3    1      2888
    9    2    1   10    1    9    1    1    1      2006
    9    2    1   11    2   18    0    3    9       934
    9    2    1   12    1   21    3    3    1      4546
    9    2    1   13    2   29    0    3    9       573
    9    2    1   14    1    3    2    2    1       887
    9    2    1   15    1   21    3    3    1      1412
    9    2    1   16    1   19    3    3    1      1245
    9    2    1   17    2   14    0    1    9      1692
    9    2    1   18    2   24    0    3    9      1994
    9    2    1   19    1    6    1    1    1      1115
    9    2    1   20    1   25    4    4    1      2127
    9    2    1   21    1   26    4    4    1      1532
    9    2    1   22    1   22    3    3    1      2607
    9    2    1   23    2   24    0    3    9      1560
    9    2    1   24    1    9    1    1    1       634
    9    2    1   25    2   14    0    1    9      2610
    9    2    1   26    1   31    4    4    1      1163
    9    2    1   27    1   25    4    4    1      1517
    9    2    1   28    1   15    2    2    1      2737
    9    2    1   29    1    7    2    2    1       932
    9    2    1   30    1   12    2    2    1       736
    9    2    1   31    2   23    0    3    9      1139
    9    2    1   32    2    8    0    2    9      1062
    9    2    1   33    1    7    2    2    1      1101
    9    2    1   34    2   14    0    1    9       738
    9    2    1   35    2   13    0    2    9      2614
    9    2    1   36    2   16    0    2    9       798
    9    2    1   37    1    3    2    1    0       910
    9    2    1   38    2   24    0    3    9      2507
    9    2    1   39    1    2    1    1    1      2535
    9    2    1   40    1    2    1    1    1      1540
    9    2    1   41    2   10    0    1    9      1751
    9    2    1   42    2   24    0    3    9      1394
    9    2    1   43    2   17    0    3    9      1467
    9    2    1   44    1    6    1    1    1      1777
    9    2    1   45    2    4    0    2    9      1995
    9    2    1   46    2   20    0    3    9      4237
    9    2    1   47    1   15    2    2    1      1076
    9    2    1   48    2   32    0    4    9      1098
    9    2    1   49    1   28    4    4    1       767
    9    2    1   50    2   14    0    1    9       977
    9    2    1   51    1   12    2    2    1      1147
    9    2    1   52    1   19    3    3    1       926
    9    2    2    1    1   12    2    2    1      2746
    9    2    2    2    1    7    2    1    0       877
    9    2    2    3    2   18    0    3    9      1115
    9    2    2    4    2   10    0    1    9       959
    9    2    2    5    1   12    2    2    1      1305
    9    2    2    6    1   25    4    3    0      1334
    9    2    2    7    1   31    4    4    1      3394
    9    2    2    8    1    9    1    1    1       843
    9    2    2    9    2   16    0    2    9      1275
    9    2    2   10    1   22    3    3    1      1209
    9    2    2   11    2    8    0    2    9       777
    9    2    2   12    1   19    3    3    1       667
    9    2    2   13    2   13    0    1    9       673
    9    2    2   14    2    5    0    1    9       407
    9    2    2   15    2   24    0    3    9      1864
    9    2    2   16    1   28    4    4    1       958
    9    2    2   17    2   14    0    1    9       904
    9    2    2   18    1   26    4    4    1      4165
    9    2    2   19    1   26    4    4    1      1327
    9    2    2   20    2   14    0    1    9       795
    9    2    2   21    1   19    3    3    1      1165
    9    2    2   22    1    2    1    1    1       815
    9    2    2   23    1    9    1    1    1       575
    9    2    2   24    2   20    0    3    9      1289
    9    2    2   25    2    1    0    1    9       551
    9    2    2   26    1    3    2    2    1       929
    9    2    2   27    1   15    2    2    1       557
    9    2    2   28    1    2    1    1    1      1336
    9    2    2   29    2   29    0    4    9      1204
    9    2    2   30    1    6    1    1    1      1509
    9    2    2   31    2   24    0    3    9      1401
    9    2    2   32    1   21    3    3    1      1362
    9    2    2   33    2   27    0    4    9      1453
    9    2    2   34    2   17    0    3    9       867
    9    2    2   35    2   11    0    2    9       690
    9    2    2   36    2   23    0    3    9       871
    9    2    2   37    2   24    0    4    9       789
    9    2    2   38    1   15    2    2    1       982
    9    2    2   39    1   31    4    4    1       656
    9    2    2   40    1   25    4    4    1       934
    9    2    2   41    2   30    0    4    9       626
    9    2    2   42    1   22    3    3    1      1482
    9    2    2   43    2    4    0    2    9      1007
    9    2    2   44    1   28    4    4    1       600
    9    2    2   45    1    3    2    2    1      2673
    9    2    2   46    2   14    0    1    9      1463
    9    2    2   47    2   14    0    1    9       765
    9    2    2   48    1    6    1    1    1      1743
    9    2    2   49    2   32    0    4    9      1274
    9    2    2   50    1   21    3    3    1      1016
    9    2    2   51    1    7    2    2    1      1232
    9    2    2   52    2   24    0    3    9      1008
