   20    1    1    1    1    9    1    1    1      3454
   20    1    1    2    1    6    1    1    1      6009
   20    1    1    3    1   15    2    1    0      4473
   20    1    1    4    1   28    4    4    1      8319
   20    1    1    5    1   25    3    4    0      4466
   20    1    1    6    1   18    3    2    0      4248
   20    1    1    7    1   23    4    4    1      4374
   20    1    1    8    1   19    4    4    1      1096
   20    1    1    9    1   31    4    4    1       573
   20    1    1   10    1   12    2    1    0      1655
   20    1    1   11    1    2    1    3    0      2189
   20    1    1   12    1   22    3    1    0       735
   20    1    1   13    1    7    2    1    0      7354
   20    1    1   14    1    3    2    2    1      7004
   20    1    2    1    1    6    1    1    1      9266
   20    1    2    2    1   28    4    4    1      2192
   20    1    2    3    1    2    1    2    0      1993
   20    1    2    4    1    9    1    3    0      5250
   20    1    2    5    1   18    3    1    0      4809
   20    1    2    6    1    3    2    1    0       930
   20    1    2    7    1   12    2    4    0      1061
   20    1    2    8    1   25    3    2    0      5219
   20    1    2    9    1   22    3    3    1      6859
   20    1    2   10    1   31    4    3    0      1242
   20    1    2   11    1    7    2    1    0      2273
   20    1    2   12    1   19    4    3    0      3215
   20    1    2   13    1   23    4    4    1      3591
   20    1    2   14    1   15    2    2    1      2248
   20    1    3    1    1   19    4    2    0      7309
   20    1    3    2    1   22    3    3    1      1442
   20    1    3    3    1    6    1    1    1      1161
   20    1    3    4    1    9    1    2    0      4572
   20    1    3    5    1   12    2    1    0      5358
   20    1    3    6    1    3    2    1    0      3360
   20    1    3    7    1   25    3    4    0      3203
   20    1    3    8    1    7    2    2    1      1403
   20    1    3    9    1   15    2    2    1       756
   20    1    3   10    1   18    3    3    1      1367
   20    1    3   11    1    2    1    3    0       656
   20    1    3   12    1   23    4    4    1      1055
   20    1    3   13    1   31    4    4    1      1190
   20    1    3   14    1   28    4    4    1      1015
   20    1    4    1    1   22    3    3    1      1249
   20    1    4    2    1    2    1    2    0      1616
   20    1    4    3    1   25    3    3    1      1672
   20    1    4    4    1    6    1    1    1       934
   20    1    4    5    1   31    4    4    1      1393
   20    1    4    6    1   23    4    4    1       683
   20    1    4    7    1   18    3    3    1       784
   20    1    4    8    1   19    4    4    1       673
   20    1    4    9    1   28    4    4    1       791
   20    1    4   10    1   15    2    2    1      1145
   20    1    4   11    1    3    2    2    1       508
   20    1    4   12    1   12    2    2    1       600
   20    1    4   13    1    9    1    1    1       657
   20    1    4   14    1    7    2    2    1       840
   20    1    5    1    1   28    4    4    1       915
   20    1    5    2    1    2    1    1    1      1262
   20    1    5    3    1   15    2    2    1      1037
   20    1    5    4    1    6    1    1    1       789
   20    1    5    5    1   12    2    2    1       742
   20    1    5    6    1   19    4    4    1      1369
   20    1    5    7    1    9    1    1    1      1460
   20    1    5    8    1    7    2    2    1       795
   20    1    5    9    1   23    4    4    1      1692
   20    1    5   10    1   18    3    3    1      2729
   20    1    5   11    1   31    4    4    1      2365
   20    1    5   12    1   22    3    3    1      1791
   20    1    5   13    1   25    3    3    1      1000
   20    1    5   14    1    3    2    2    1      1041
   20    1    6    1    1   12    2    2    1      2105
   20    1    6    2    1   31    4    4    1      1701
   20    1    6    3    1   25    3    3    1      1314
   20    1    6    4    1   22    3    3    1       782
   20    1    6    5    1    2    1    1    1      1103
   20    1    6    6    1   18    3    3    1      1236
   20    1    6    7    1    7    2    2    1       899
   20    1    6    8    1    9    1    1    1       864
   20    1    6    9    1   28    4    4    1       766
   20    1    6   10    1   19    4    4    1       911
   20    1    6   11    1    3    2    2    1      1053
   20    1    6   12    1   23    4    4    1       916
   20    1    6   13    1   15    2    2    1       607
   20    1    6   14    1    6    1    1    1       649
   20    1    7    1    1   12    2    2    1      4636
   20    1    7    2    1   19    4    4    1      1572
   20    1    7    3    1    3    2    2    1       998
   20    1    7    4    1   15    2    2    1       830
   20    1    7    5    1    6    1    1    1       718
   20    1    7    6    1    7    2    2    1       642
   20    1    7    7    1   22    3    3    1      1385
   20    1    7    8    1   31    4    4    1      1298
   20    1    7    9    1   23    4    4    1       687
   20    1    7   10    1   25    3    3    1       724
   20    1    7   11    1   28    4    4    1       776
   20    1    7   12    1   18    3    3    1       729
   20    1    7   13    1    9    1    1    1       765
   20    1    7   14    1    2    1    1    1       705
   20    2    1    1    2   14    0    1    9      4878
   20    2    1    2    2    1    0    1    9      1946
   20    2    1    3    1    9    1    1    1      3853
   20    2    1    4    2   14    0    1    9      4355
   20    2    1    5    2   26    0    3    9      1142
   20    2    1    6    1    6    1    3    0      1145
   20    2    1    7    1   22    3    3    1      1741
   20    2    1    8    2   30    0    3    9      1432
   20    2    1    9    1    3    2    2    1      1679
   20    2    1   10    1    2    1    1    1      2540
   20    2    1   11    2   29    0    3    9      7432
   20    2    1   12    2   20    0    4    9       879
   20    2    1   13    1   12    2    2    1      1661
   20    2    1   14    2    5    0    1    9       715
   20    2    1   15    1   15    2    2    1       847
   20    2    1   16    2   32    0    4    9       670
   20    2    1   17    2   10    0    1    9      1540
   20    2    1   18    1   19    4    4    1      1272
   20    2    1   19    1   31    4    4    1      2213
   20    2    1   20    1   31    4    4    1       989
   20    2    1   21    2   16    0    2    9       822
   20    2    1   22    2   30    0    3    9      1095
   20    2    1   23    1    2    1    1    1       796
   20    2    1   24    1    6    1    1    1       477
   20    2    1   25    2   11    0    2    9      1659
   20    2    1   26    2   30    0    3    9       746
   20    2    1   27    1   15    2    4    0       717
   20    2    1   28    1   18    3    3    1      1265
   20    2    1   29    1   23    4    4    1       639
   20    2    1   30    1   25    3    3    1       694
   20    2    1   31    2    4    0    2    9       667
   20    2    1   32    2   21    0    3    9      1409
   20    2    1   33    1   22    3    3    1      1098
   20    2    1   34    1   23    4    4    1      1759
   20    2    1   35    1    9    1    1    1       617
   20    2    1   36    2   17    0    3    9      1121
   20    2    1   37    1   12    2    2    1      3813
   20    2    1   38    1   28    4    4    1      3837
   20    2    1   39    1    7    2    2    1      1716
   20    2    1   40    2    8    0    2    9       944
   20    2    1   41    2   14    0    1    9     13243
   20    2    1   42    2   14    0    1    9      1259
   20    2    1   43    1    7    2    2    1      1273
   20    2    1   44    2   24    0    4    9       663
   20    2    1   45    1   25    3    3    1       845
   20    2    1   46    2   30    0    3    9       413
   20    2    1   47    1   19    4    4    1       605
   20    2    1   48    1   28    4    4    1      2230
   20    2    1   49    1   18    3    3    1       509
   20    2    1   50    1    3    2    4    0       602
   20    2    1   51    2   27    0    4    9       738
   20    2    1   52    2   13    0    1    9       597
   20    2    2    1    1    2    1    1    1       734
   20    2    2    2    2   24    0    4    9       849
   20    2    2    3    2   14    0    1    9       864
   20    2    2    4    2   20    0    4    9       510
   20    2    2    5    1   28    4    4    1       507
   20    2    2    6    2   14    0    1    9       711
   20    2    2    7    1    9    1    1    1       508
   20    2    2    8    2   32    0    4    9      1000
   20    2    2    9    1   12    2    2    1       993
   20    2    2   10    1   22    3    3    1       730
   20    2    2   11    2   30    0    3    9       606
   20    2    2   12    1   18    3    3    1      1110
   20    2    2   13    1    3    2    2    1       651
   20    2    2   14    1   15    2    2    1      1586
   20    2    2   15    2   11    0    2    9       627
   20    2    2   16    1    2    1    1    1      4027
   20    2    2   17    2   29    0    3    9      4827
   20    2    2   18    1   19    4    4    1      1499
   20    2    2   19    2   10    0    1    9      2223
   20    2    2   20    1   31    4    4    1      4103
   20    2    2   21    1   23    4    4    1       836
   20    2    2   22    1   12    2    2    1      1731
   20    2    2   23    1   28    4    4    1      1231
   20    2    2   24    1   25    3    3    1      3166
   20    2    2   25    1   31    4    4    1       624
   20    2    2   26    2    5    0    1    9       552
   20    2    2   27    1    6    1    1    1       802
   20    2    2   28    2   13    0    1    9       803
   20    2    2   29    1    3    2    2    1       931
   20    2    2   30    1   18    3    3    1       991
   20    2    2   31    2   26    0    3    9       424
   20    2    2   32    1    7    2    4    0       504
   20    2    2   33    1    6    1    3    0       900
   20    2    2   34    1    7    2    2    1      3473
   20    2    2   35    2   14    0    1    9       647
   20    2    2   36    1    9    1    1    1       462
   20    2    2   37    2    8    0    2    9      1036
   20    2    2   38    1   22    3    3    1      5315
   20    2    2   39    2    1    0    1    9      1168
   20    2    2   40    2   27    0    4    9      4417
   20    2    2   41    1   19    4    4    1      1681
   20    2    2   42    2   21    0    1    9      3566
   20    2    2   43    2   14    0    1    9      6528
   20    2    2   44    1   15    2    2    1      1980
   20    2    2   45    2   30    0    3    9       750
   20    2    2   46    1   23    4    4    1      1568
   20    2    2   47    1   25    3    3    1      1682
   20    2    2   48    2   16    0    2    9       816
   20    2    2   49    2    4    0    2    9      1583
   20    2    2   50    2   30    0    3    9      2129
   20    2    2   51    2   17    0    3    9       669
   20    2    2   52    2   30    0    3    9       595
