   25    1    1    1    1    3    2    3    0     10726
   25    1    1    2    1   21    3    1    0      3518
   25    1    1    3    1    6    1    1    1      2826
   25    1    1    4    1    2    1    4    0      1387
   25    1    1    5    1    7    2    2    1      5253
   25    1    1    6    1   31    4    2    0      8748
   25    1    1    7    1   12    2    4    0      4288
   25    1    1    8    1   28    4    3    0      5047
   25    1    1    9    1   25    4    1    0      6142
   25    1    1   10    1   15    2    4    0      2979
   25    1    1   11    1   26    4    3    0      4326
   25    1    1   12    1   19    3    1    0      4882
   25    1    1   13    1    9    1    2    0      3857
   25    1    1   14    1   22    3    2    0      1776
   25    1    2    1    1   19    3    2    0      4789
   25    1    2    2    1   15    2    1    0      2383
   25    1    2    3    1    7    2    3    0      5881
   25    1    2    4    1   26    4    2    0      1608
   25    1    2    5    1    6    1    4    0      5793
   25    1    2    6    1   31    4    3    0       283
   25    1    2    7    1   12    2    4    0       313
   25    1    2    8    1   28    4    2    0       502
   25    1    2    9    1    9    1    1    1      1811
   25    1    2   10    1   22    3    2    0      1012
   25    1    2   11    1   21    3    3    1       293
   25    1    2   12    1   25    4    4    1       443
   25    1    2   13    1    3    2    1    0       426
   25    1    2   14    1    2    1    2    0       267
   25    1    3    1    1   19    3    1    0      2094
   25    1    3    2    1   22    3    2    0       292
   25    1    3    3    1    9    1    3    0       906
   25    1    3    4    1   21    3    4    0       231
   25    1    3    5    1   15    2    2    1      1670
   25    1    3    6    1   31    4    1    0       301
   25    1    3    7    1   26    4    3    0       242
   25    1    3    8    1    7    2    4    0       281
   25    1    3    9    1   25    4    1    0      1415
   25    1    3   10    1    3    2    3    0      1312
   25    1    3   11    1    2    1    4    0       277
   25    1    3   12    1   12    2    3    0      1283
   25    1    3   13    1    6    1    2    0      2273
   25    1    3   14    1   28    4    4    1       608
   25    1    4    1    1   15    2    1    0      2179
   25    1    4    2    1   19    3    2    0       406
   25    1    4    3    1    3    2    3    0       319
   25    1    4    4    1    7    2    4    0       251
   25    1    4    5    1    2    1    1    1       739
   25    1    4    6    1   22    3    2    0       318
   25    1    4    7    1   21    3    3    1       299
   25    1    4    8    1   31    4    4    1       743
   25    1    4    9    1    9    1    1    1       467
   25    1    4   10    1   12    2    2    1       554
   25    1    4   11    1    6    1    3    0       364
   25    1    4   12    1   25    4    4    1       479
   25    1    4   13    1   28    4    1    0       885
   25    1    4   14    1   26    4    2    0       291
   25    1    5    1    1    3    2    3    0      1919
   25    1    5    2    1    9    1    4    0       283
   25    1    5    3    1    7    2    1    0       289
   25    1    5    4    1    6    1    2    0       295
   25    1    5    5    1   19    3    3    1       276
   25    1    5    6    1   22    3    2    0       755
   25    1    5    7    1    2    1    3    0       366
   25    1    5    8    1   15    2    1    0      1056
   25    1    5    9    1   12    2    4    0       647
   25    1    5   10    1   28    4    1    0       854
   25    1    5   11    1   21    3    1    0      1477
   25    1    5   12    1   25    4    3    0      1244
   25    1    5   13    1   26    4    4    1       532
   25    1    5   14    1   31    4    1    0       295
   25    1    6    1    1   28    4    1    0      3717
   25    1    6    2    1    6    1    2    0       290
   25    1    6    3    1   19    3    3    1      1040
   25    1    6    4    1   25    4    4    1       631
   25    1    6    5    1    2    1    2    0      1424
   25    1    6    6    1   21    3    2    0       584
   25    1    6    7    1   22    3    3    1      1018
   25    1    6    8    1    9    1    4    0       467
   25    1    6    9    1   15    2    1    0       841
   25    1    6   10    1   12    2    4    0       281
   25    1    6   11    1   31    4    4    1       231
   25    1    6   12    1    3    2    4    0       446
   25    1    6   13    1   26    4    1    0       894
   25    1    6   14    1    7    2    2    1       324
   25    1    7    1    1    7    2    1    0      1672
   25    1    7    2    1   21    3    4    0       279
   25    1    7    3    1    9    1    1    1      1309
   25    1    7    4    1   19    3    3    1      1434
   25    1    7    5    1    3    2    2    1       970
   25    1    7    6    1   31    4    4    1       492
   25    1    7    7    1   12    2    1    0      1946
   25    1    7    8    1   28    4    4    1       406
   25    1    7    9    1   25    4    1    0      1591
   25    1    7   10    1   26    4    2    0       281
   25    1    7   11    1   22    3    2    0       286
   25    1    7   12    1    2    1    1    1       572
   25    1    7   13    1   15    2    2    1      2159
   25    1    7   14    1    6    1    4    0      1002
   25    1    8    1    1    3    2    3    0      1768
   25    1    8    2    1   26    4    4    1       235
   25    1    8    3    1   22    3    4    0      1002
   25    1    8    4    1    2    1    1    1       235
   25    1    8    5    1   25    4    2    0      1219
   25    1    8    6    1    6    1    2    0       395
   25    1    8    7    1   19    3    1    0      2621
   25    1    8    8    1    7    2    3    0      6077
   25    1    8    9    1    9    1    4    0       869
   25    1    8   10    1   12    2    2    1       963
   25    1    8   11    1   28    4    4    1      1206
   25    1    8   12    1   21    3    3    1      1518
   25    1    8   13    1   15    2    2    1      1147
   25    1    8   14    1   31    4    3    0      1518
   25    1    9    1    1   28    4    4    1      1630
   25    1    9    2    1   21    3    3    1       662
   25    1    9    3    1   15    2    2    1      1149
   25    1    9    4    1    9    1    1    1       728
   25    1    9    5    1   26    4    2    0      3684
   25    1    9    6    1   12    2    4    0      1250
   25    1    9    7    1    3    2    2    1      1569
   25    1    9    8    1   25    4    1    0      1044
   25    1    9    9    1   22    3    2    0      2372
   25    1    9   10    1   19    3    4    0      1254
   25    1    9   11    1    6    1    3    0      2157
   25    1    9   12    1   31    4    2    0      2785
   25    1    9   13    1    2    1    4    0      1227
   25    1    9   14    1    7    2    3    0      1011
   25    1   10    1    1    9    1    1    1      1379
   25    1   10    2    1   19    3    2    0      2429
   25    1   10    3    1   15    2    4    0      1070
   25    1   10    4    1   28    4    3    0       397
   25    1   10    5    1   31    4    1    0       806
   25    1   10    6    1   21    3    4    0      4431
   25    1   10    7    1   26    4    3    0      1056
   25    1   10    8    1    2    1    1    1       327
   25    1   10    9    1   12    2    3    0      2011
   25    1   10   10    1    3    2    2    1     16740
   25    1   10   11    1    7    2    2    1       842
   25    1   10   12    1   25    4    4    1      2442
   25    1   10   13    1    6    1    1    1      1921
   25    1   10   14    1   22    3    2    0      1246
   25    2    1    1    1   25    4    3    0      4048
   25    2    1    2    1   26    4    3    0      1919
   25    2    1    3    1   19    3    3    1       532
   25    2    1    4    1   31    4    3    0       696
   25    2    1    5    1    9    1    1    1      1637
   25    2    1    6    1   22    3    1    0       813
   25    2    1    7    1   28    4    3    0       910
   25    2    1    8    1   19    3    4    0       307
   25    2    1    9    2   24    0    1    9      1216
   25    2    1   10    1   26    4    2    0       344
   25    2    1   11    1    2    1    3    0       684
   25    2    1   12    1   31    4    4    1       298
   25    2    1   13    2   30    0    1    9      1014
   25    2    1   14    2   10    0    2    9       295
   25    2    1   15    2   14    0    3    9      1244
   25    2    1   16    1    3    2    4    0       268
   25    2    1   17    2   14    0    1    9       306
   25    2    1   18    1    6    1    2    0       111
   25    2    1   19    2   17    0    3    9       220
   25    2    1   20    2    5    0    4    9       268
   25    2    1   21    2   29    0    1    9       250
   25    2    1   22    1   22    3    2    0       321
   25    2    1   23    1    3    2    3    0       214
   25    2    1   24    1    2    1    4    0         6
   25    2    1   25    1   12    2    1    0       847
   25    2    1   26    1   28    4    2    0         0
   25    2    1   27    2    8    0    3    9        23
   25    2    1   28    2   20    0    4    9       263
   25    2    1   29    1    6    1    4    0       270
   25    2    1   30    2   16    0    3    9       597
   25    2    1   31    1   15    2    2    1       230
   25    2    1   32    1   12    2    1    0       238
   25    2    1   33    2   13    0    1    9       189
   25    2    1   34    2   32    0    2    9       231
   25    2    1   35    1    7    2    3    0       383
   25    2    1   36    2   14    0    4    9       288
   25    2    1   37    1   15    2    4    0       246
   25    2    1   38    2   24    0    3    9        69
   25    2    1   39    1   21    3    2    0       203
   25    2    1   40    1    9    1    1    1       284
   25    2    1   41    1   25    4    1    0       282
   25    2    1   42    2   24    0    2    9        71
   25    2    1   43    1   21    3    3    1       286
   25    2    1   44    2   14    0    4    9       291
   25    2    1   45    2    1    0    1    9       569
   25    2    1   46    2    4    0    2    9       595
   25    2    1   47    2   24    0    3    9       261
   25    2    1   48    2   23    0    4    9       260
   25    2    1   49    2   27    0    1    9       155
   25    2    1   50    1    7    2    2    1       181
   25    2    1   51    2   11    0    3    9         0
   25    2    1   52    2   18    0    4    9         0
   25    2    2    1    2   24    0    1    9       418
   25    2    2    2    1   26    4    2    0       330
   25    2    2    3    2   23    0    3    9        94
   25    2    2    4    2    5    0    4    9       428
   25    2    2    5    1   28    4    4    1       260
   25    2    2    6    2    8    0    3    9       243
   25    2    2    7    2   14    0    2    9        51
   25    2    2    8    1   19    3    1    0       850
   25    2    2    9    1   19    3    1    0     73639
   25    2    2   10    1   15    2    2    1       393
   25    2    2   11    1   15    2    3    0      1427
   25    2    2   12    2   11    0    4    9       659
   25    2    2   13    1   25    4    1    0      4242
   25    2    2   14    1   21    3    2    0         0
   25    2    2   15    2   24    0    3    9       347
   25    2    2   16    2   14    0    4    9      1086
   25    2    2   17    1   22    3    1    0      4044
   25    2    2   18    1    6    1    3    0      4508
   25    2    2   19    1    2    1    4    0       313
   25    2    2   20    2   24    0    1    9       342
   25    2    2   21    2   27    0    2    9       314
   25    2    2   22    1   28    4    3    0       742
   25    2    2   23    1   25    4    4    1       289
   25    2    2   24    1   12    2    1    0       320
   25    2    2   25    2   30    0    2    9       276
   25    2    2   26    2   24    0    3    9       274
   25    2    2   27    1    2    1    4    0       440
   25    2    2   28    2   17    0    1    9       336
   25    2    2   29    2   29    0    2    9       220
   25    2    2   30    1   31    4    3    0       300
   25    2    2   31    1    9    1    4    0       329
   25    2    2   32    2   14    0    1    9       277
   25    2    2   33    1    3    2    2    1         0
   25    2    2   34    1    7    2    3    0         0
   25    2    2   35    1    9    1    4    0       253
   25    2    2   36    2   14    0    1    9       324
   25    2    2   37    1   26    4    2    0       248
   25    2    2   38    2   32    0    3    9       272
   25    2    2   39    2    4    0    4    9       222
   25    2    2   40    2   13    0    1    9       158
   25    2    2   41    1   22    3    2    0       633
   25    2    2   42    1    3    2    3    0       233
   25    2    2   43    2   16    0    4    9       304
   25    2    2   44    2   20    0    4    9      1077
   25    2    2   45    1   12    2    4    0       700
   25    2    2   46    2   18    0    3    9      2497
   25    2    2   47    1   31    4    4    1      1246
   25    2    2   48    1    6    1    1    1      1126
   25    2    2   49    2    1    0    1    9       634
   25    2    2   50    2   10    0    1    9       594
   25    2    2   51    1   21    3    1    0       659
   25    2    2   52    1    7    2    2    1       675
