   22    1    1    1    1   26    4    1    0      4109
   22    1    1    2    1   25    4    2    0      3110
   22    1    1    3    1   31    4    2    0      1427
   22    1    1    4    1   19    3    4    0      1843
   22    1    1    5    1    5    1    4    0      1955
   22    1    1    6    1   15    2    2    1      1310
   22    1    1    7    1   22    3    3    1      2043
   22    1    1    8    1   10    2    1    0      1497
   22    1    1    9    1   21    3    2    0     14855
   22    1    1   10    1    6    1    3    0      2094
   22    1    1   11    1   12    2    3    0      1811
   22    1    1   12    1    3    1    3    0      4692
   22    1    1   13    1   28    4    4    1      1602
   22    1    1   14    1    9    2    1    0      1475
   22    1    2    1    1   19    3    3    1      1993
   22    1    2    2    1    5    1    1    1      1178
   22    1    2    3    1   26    4    2    0      1293
   22    1    2    4    1    9    2    2    1      2210
   22    1    2    5    1   15    2    1    0      1131
   22    1    2    6    1   31    4    1    0       903
   22    1    2    7    1    3    1    2    0      1164
   22    1    2    8    1   28    4    4    1      1142
   22    1    2    9    1   22    3    2    0      1049
   22    1    2   10    1   25    4    1    0       920
   22    1    2   11    1    6    1    3    0       285
   22    1    2   12    1   10    2    2    1       379
   22    1    2   13    1   12    2    4    0      1117
   22    1    2   14    1   21    3    1    0      1177
   22    1    3    1    1   15    2    2    1      1677
   22    1    3    2    1   28    4    2    0       764
   22    1    3    3    1   12    2    4    0      1077
   22    1    3    4    1   25    4    1    0      1205
   22    1    3    5    1    3    1    1    1      1085
   22    1    3    6    1   10    2    2    1      1139
   22    1    3    7    1   26    4    4    1      1351
   22    1    3    8    1    6    1    2    0      1010
   22    1    3    9    1    5    1    2    0      1123
   22    1    3   10    1    9    2    4    0       942
   22    1    3   11    1   19    3    3    1       979
   22    1    3   12    1   31    4    4    1      1485
   22    1    3   13    1   21    3    2    0      1026
   22    1    3   14    1   22    3    3    1      1202
   22    1    4    1    1   15    2    4    0      1126
   22    1    4    2    1   31    4    4    1       802
   22    1    4    3    1    3    1    2    0      1107
   22    1    4    4    1    6    1    3    0       480
   22    1    4    5    1   21    3    4    0      7861
   22    1    4    6    1    9    2    1    0      1204
   22    1    4    7    1   28    4    4    1      1149
   22    1    4    8    1   25    4    4    1      1823
   22    1    4    9    1   26    4    2    0      1191
   22    1    4   10    1   10    2    3    0       513
   22    1    4   11    1   19    3    2    0       421
   22    1    4   12    1    5    1    4    0       494
   22    1    4   13    1   22    3    1    0       579
   22    1    4   14    1   12    2    3    0       677
   22    1    5    1    1    3    1    2    0      1325
   22    1    5    2    1    9    2    4    0       562
   22    1    5    3    1    5    1    2    0       293
   22    1    5    4    1   19    3    3    1       259
   22    1    5    5    1   21    3    2    0       826
   22    1    5    6    1   28    4    4    1       803
   22    1    5    7    1   15    2    4    0       468
   22    1    5    8    1   22    3    1    0       986
   22    1    5    9    1   31    4    2    0       347
   22    1    5   10    1    6    1    4    0       902
   22    1    5   11    1   25    4    1    0       763
   22    1    5   12    1   12    2    3    0       246
   22    1    5   13    1   26    4    4    1       789
   22    1    5   14    1   10    2    2    1       327
   22    1    6    1    1   22    3    3    1      1881
   22    1    6    2    1    6    1    3    0       383
   22    1    6    3    1   25    4    2    0       456
   22    1    6    4    1   28    4    2    0      2656
   22    1    6    5    1    3    1    2    0      1215
   22    1    6    6    1   10    2    2    1       616
   22    1    6    7    1    5    1    1    1       736
   22    1    6    8    1    9    2    1    0       980
   22    1    6    9    1   26    4    1    0       902
   22    1    6   10    1   31    4    4    1       395
   22    1    6   11    1   19    3    3    1       749
   22    1    6   12    1   15    2    2    1       496
   22    1    6   13    1   12    2    3    0       989
   22    1    6   14    1   21    3    4    0       703
   22    1    7    1    1   28    4    2    0       873
   22    1    7    2    1   19    3    3    1       288
   22    1    7    3    1   25    4    4    1      3622
   22    1    7    4    1   26    4    2    0      2630
   22    1    7    5    1    3    1    1    1      3430
   22    1    7    6    1   22    3    3    1      1966
   22    1    7    7    1   10    2    1    0       977
   22    1    7    8    1   21    3    2    0      2019
   22    1    7    9    1   31    4    3    0      1020
   22    1    7   10    1    9    2    4    0       364
   22    1    7   11    1    6    1    2    0       983
   22    1    7   12    1   12    2    2    1       937
   22    1    7   13    1    5    1    2    0       741
   22    1    7   14    1   15    2    2    1      1665
   22    1    8    1    1   15    2    1    0      1536
   22    1    8    2    1   31    4    3    0       811
   22    1    8    3    1   26    4    3    0       964
   22    1    8    4    1   19    3    3    1      1927
   22    1    8    5    1   12    2    2    1      1547
   22    1    8    6    1   21    3    3    1      1103
   22    1    8    7    1   28    4    4    1      1028
   22    1    8    8    1   22    3    3    1       844
   22    1    8    9    1   10    2    2    1      1613
   22    1    8   10    1    9    2    2    1       781
   22    1    8   11    1    5    1    1    1       959
   22    1    8   12    1    6    1    1    1       907
   22    1    8   13    1    3    1    1    1      1064
   22    1    8   14    1   25    4    4    1      1295
   22    1    9    1    1    9    2    2    1      3367
   22    1    9    2    1    5    1    1    1      1009
   22    1    9    3    1    3    1    1    1      1466
   22    1    9    4    1   22    3    3    1      1905
   22    1    9    5    1   10    2    2    1      2902
   22    1    9    6    1    6    1    1    1      1603
   22    1    9    7    1   28    4    3    0      1765
   22    1    9    8    1   19    3    3    1      1015
   22    1    9    9    1   31    4    4    1       832
   22    1    9   10    1   26    4    4    1      1472
   22    1    9   11    1   12    2    2    1      2646
   22    1    9   12    1   25    4    4    1      2029
   22    1    9   13    1   21    3    3    1      1901
   22    1    9   14    1   15    2    2    1      2034
   22    1   10    1    1   28    4    2    0      6886
   22    1   10    2    1   25    4    4    1      2028
   22    1   10    3    1   22    3    3    1      1180
   22    1   10    4    1   31    4    4    1       702
   22    1   10    5    1   19    3    3    1       932
   22    1   10    6    1    3    1    1    1      1472
   22    1   10    7    1    5    1    1    1      1558
   22    1   10    8    1   21    3    3    1      1385
   22    1   10    9    1   26    4    4    1      1795
   22    1   10   10    1   10    2    2    1      1725
   22    1   10   11    1    6    1    1    1      1418
   22    1   10   12    1   15    2    2    1      2882
   22    1   10   13    1   12    2    2    1       928
   22    1   10   14    1    9    2    2    1       653
   22    2    1    1    1   26    4    4    1      5831
   22    2    1    2    2   29    0    4    9       862
   22    2    1    3    1    6    1    1    1      2684
   22    2    1    4    2   24    0    3    9      1298
   22    2    1    5    2   16    0    2    9      2318
   22    2    1    6    1    5    1    1    1      2403
   22    2    1    7    2   32    0    4    9       980
   22    2    1    8    2   11    0    2    9      2110
   22    2    1    9    1   12    2    2    1      1371
   22    2    1   10    1   25    4    4    1      2213
   22    2    1   11    1   28    4    4    1       926
   22    2    1   12    1    3    1    1    1       987
   22    2    1   13    1   10    2    2    1      1380
   22    2    1   14    1    5    1    1    1      2557
   22    2    1   15    1    3    1    1    1      1113
   22    2    1   16    2    1    0    1    9       621
   22    2    1   17    2   24    0    3    9      1813
   22    2    1   18    2   30    0    4    9       846
   22    2    1   19    1   10    2    2    1      1469
   22    2    1   20    1   22    3    3    1      2900
   22    2    1   21    2   13    0    2    9      1233
   22    2    1   22    1    6    1    1    1      1248
   22    2    1   23    1   15    2    2    1      1663
   22    2    1   24    1   26    4    4    1      1437
   22    2    1   25    1   22    3    3    1       933
   22    2    1   26    1   19    3    3    1      1041
   22    2    1   27    2   20    0    3    9       617
   22    2    1   28    2    8    0    1    9      2321
   22    2    1   29    2   14    0    2    9      1253
   22    2    1   30    1    9    2    2    1      1892
   22    2    1   31    1    9    2    2    1      1050
   22    2    1   32    2   24    0    3    9      1250
   22    2    1   33    1   31    4    4    1      1009
   22    2    1   34    2    8    0    1    9      1866
   22    2    1   35    2   24    0    3    9      1329
   22    2    1   36    1   15    2    2    1     10718
   22    2    1   37    2   17    0    3    9      1186
   22    2    1   38    1   31    4    4    1      1012
   22    2    1   39    1   28    4    3    0      1133
   22    2    1   40    2    8    0    1    9      4769
   22    2    1   41    1   25    4    4    1      1379
   22    2    1   42    1   21    3    3    1      1261
   22    2    1   43    1   12    2    2    1      3371
   22    2    1   44    1   19    3    3    1      2455
   22    2    1   45    2    8    0    1    9      2758
   22    2    1   46    2   18    0    3    9      1657
   22    2    1   47    2    4    0    1    9       808
   22    2    1   48    2   23    0    3    9      1273
   22    2    1   49    2    2    0    1    9       951
   22    2    1   50    2    7    0    1    9      1699
   22    2    1   51    1   21    3    3    1      1104
   22    2    1   52    2   27    0    4    9      2278
   22    2    2    1    2   24    0    3    9       876
   22    2    2    2    2    8    0    1    9      2346
   22    2    2    3    1   21    3    3    1      2717
   22    2    2    4    1   15    2    2    1      1842
   22    2    2    5    1   28    4    4    1      2249
   22    2    2    6    1   22    3    3    1      1681
   22    2    2    7    2    8    0    1    9      1551
   22    2    2    8    1   28    4    4    1      6722
   22    2    2    9    2    2    0    1    9      1845
   22    2    2   10    2   30    0    4    9      1389
   22    2    2   11    1   19    3    3    1       855
   22    2    2   12    1   25    4    4    1      1798
   22    2    2   13    1   22    3    3    1      6367
   22    2    2   14    1   19    3    3    1       881
   22    2    2   15    1    5    1    1    1      1662
   22    2    2   16    1   25    4    4    1      2397
   22    2    2   17    2   27    0    4    9      1005
   22    2    2   18    2   18    0    3    9      1111
   22    2    2   19    1   21    3    3    1       955
   22    2    2   20    1   12    2    2    1      1223
   22    2    2   21    2    8    0    1    9      1463
   22    2    2   22    2   24    0    3    9      1662
   22    2    2   23    2   17    0    3    9      3005
   22    2    2   24    2   23    0    3    9      1109
   22    2    2   25    1   26    4    4    1      1083
   22    2    2   26    2   24    0    3    9      1088
   22    2    2   27    1   12    2    2    1      1573
   22    2    2   28    1    6    1    1    1      1161
   22    2    2   29    2    8    0    1    9      1276
   22    2    2   30    1    5    1    1    1      1179
   22    2    2   31    2   14    0    2    9      1085
   22    2    2   32    2   24    0    3    9      1299
   22    2    2   33    1   15    2    4    0      1072
   22    2    2   34    2    7    0    1    9      2229
   22    2    2   35    2   20    0    3    9      1165
   22    2    2   36    1    3    1    1    1      1553
   22    2    2   37    2   29    0    4    9      2067
   22    2    2   38    1   31    4    4    1       657
   22    2    2   39    1   10    2    2    1      1368
   22    2    2   40    1    3    1    1    1      1217
   22    2    2   41    1   31    4    4    1      1266
   22    2    2   42    1   26    4    4    1      1343
   22    2    2   43    1    9    2    2    1      5419
   22    2    2   44    2   16    0    2    9       900
   22    2    2   45    2   11    0    2    9       736
   22    2    2   46    1    9    2    2    1       500
   22    2    2   47    1   10    2    2    1       626
   22    2    2   48    2   32    0    4    9      1098
   22    2    2   49    2   13    0    2    9       894
   22    2    2   50    1    6    1    2    0      2044
   22    2    2   51    2    1    0    1    9       844
   22    2    2   52    2    4    0    1    9       460
