   25    1    1    1    1    2    1    2    0      4048
   25    1    1    2    1    3    2    1    0      2011
   25    1    1    3    1   15    2    1    0      1667
   25    1    1    4    1    9    1    1    1      1945
   25    1    1    5    1   31    2    2    1      2861
   25    1    1    6    1   19    1    1    1      1676
   25    1    1    7    1   12    2    2    1      2025
   25    1    1    8    1    6    1    1    1      1017
   25    1    1    9    1   28    2    2    1      1105
   25    1    1   10    1   21    1    1    1      1078
   25    1    1   11    1   26    2    1    0      1420
   25    1    1   12    1   22    1    1    1      1900
   25    1    1   13    1    7    2    2    1      1361
   25    1    1   14    1   25    2    1    0       828
   25    1    2    1    1   31    2    2    1      2540
   25    1    2    2    1    7    2    2    1      2263
   25    1    2    3    1   21    1    1    1      1036
   25    1    2    4    1   15    2    1    0      3427
   25    1    2    5    1    9    1    1    1      1699
   25    1    2    6    1   12    2    1    0      2128
   25    1    2    7    1    2    1    1    1       932
   25    1    2    8    1   22    1    2    0      1471
   25    1    2    9    1    6    1    1    1      1405
   25    1    2   10    1    3    2    1    0      4694
   25    1    2   11    1   28    2    2    1       916
   25    1    2   12    1   25    2    1    0       880
   25    1    2   13    1   19    1    2    0      1685
   25    1    2   14    1   26    2    1    0      3675
   25    1    3    1    1   12    2    2    1      2960
   25    1    3    2    1    9    1    1    1      1131
   25    1    3    3    1   25    2    1    0       814
   25    1    3    4    1    6    1    1    1      1878
   25    1    3    5    1   28    2    2    1      1004
   25    1    3    6    1   31    2    2    1      1029
   25    1    3    7    1   22    1    2    0      1596
   25    1    3    8    1    2    1    1    1       997
   25    1    3    9    1   19    1    2    0      1166
   25    1    3   10    1    3    2    1    0      1720
   25    1    3   11    1   15    2    2    1      1276
   25    1    3   12    1    7    2    2    1       890
   25    1    3   13    1   26    2    1    0       727
   25    1    3   14    1   21    1    1    1       803
   25    1    4    1    1   25    2    1    0      1580
   25    1    4    2    1   28    2    2    1       998
   25    1    4    3    1    6    1    1    1       734
   25    1    4    4    1    3    2    1    0       962
   25    1    4    5    1   15    2    2    1      1780
   25    1    4    6    1   21    1    1    1      1086
   25    1    4    7    1   31    2    2    1      4563
   25    1    4    8    1   12    2    2    1       973
   25    1    4    9    1    7    2    2    1      1543
   25    1    4   10    1    2    1    1    1      1003
   25    1    4   11    1   26    2    2    1      2820
   25    1    4   12    1   22    1    1    1      1029
   25    1    4   13    1    9    1    1    1      1149
   25    1    4   14    1   19    1    2    0      1408
   25    1    5    1    1   21    1    1    1      2454
   25    1    5    2    1    2    1    1    1      1253
   25    1    5    3    1   25    2    2    1      2357
   25    1    5    4    1    7    2    2    1      1144
   25    1    5    5    1    6    1    1    1      2508
   25    1    5    6    1   22    1    1    1      1225
   25    1    5    7    1   12    2    2    1       938
   25    1    5    8    1   31    2    1    0      1270
   25    1    5    9    1    3    2    2    1      2748
   25    1    5   10    1   28    2    2    1       992
   25    1    5   11    1   15    2    2    1      2169
   25    1    5   12    1   26    2    1    0      1043
   25    1    5   13    1   19    1    2    0       787
   25    1    5   14    1    9    1    1    1      1148
   25    1    6    1    1   22    1    1    1      1868
   25    1    6    2    1    9    1    1    1       786
   25    1    6    3    1   19    1    2    0      1907
   25    1    6    4    1    6    1    1    1      4688
   25    1    6    5    1    3    2    2    1      1397
   25    1    6    6    1   28    2    2    1      1662
   25    1    6    7    1   25    2    2    1      2605
   25    1    6    8    1   21    1    1    1      2022
   25    1    6    9    1   15    2    1    0      2039
   25    1    6   10    1    7    2    2    1       782
   25    1    6   11    1   12    2    2    1       752
   25    1    6   12    1   26    2    1    0      1299
   25    1    6   13    1    2    1    1    1      1288
   25    1    6   14    1   31    2    2    1       870
   25    1    7    1    1    2    1    1    1      4886
   25    1    7    2    1    7    2    2    1      1507
   25    1    7    3    1    9    1    1    1      3064
   25    1    7    4    1   26    2    1    0      1422
   25    1    7    5    1    3    2    2    1      2622
   25    1    7    6    1   28    2    1    0       711
   25    1    7    7    1   15    2    2    1       900
   25    1    7    8    1   22    1    1    1       994
   25    1    7    9    1   21    1    1    1       764
   25    1    7   10    1   25    2    1    0       558
   25    1    7   11    1    6    1    2    0       801
   25    1    7   12    1   19    1    1    1       795
   25    1    7   13    1   31    2    2    1       861
   25    1    7   14    1   12    2    1    0       731
   25    1    8    1    1   12    2    2    1      3798
   25    1    8    2    1    2    1    1    1       783
   25    1    8    3    1    6    1    1    1       705
   25    1    8    4    1   21    1    1    1       918
   25    1    8    5    1   15    2    2    1       850
   25    1    8    6    1   31    2    2    1      1296
   25    1    8    7    1   26    2    2    1      2333
   25    1    8    8    1    9    1    1    1       800
   25    1    8    9    1   28    2    2    1       802
   25    1    8   10    1   19    1    2    0      2706
   25    1    8   11    1   22    1    2    0      1119
   25    1    8   12    1   25    2    1    0      1788
   25    1    8   13    1    7    2    2    1       974
   25    1    8   14    1    3    2    1    0      1736
   25    1    9    1    1   22    1    1    1      2408
   25    1    9    2    1   12    2    2    1       617
   25    1    9    3    1    7    2    2    1       769
   25    1    9    4    1    6    1    1    1       755
   25    1    9    5    1   15    2    2    1      5287
   25    1    9    6    1   19    1    1    1       692
   25    1    9    7    1    2    1    1    1      1194
   25    1    9    8    1   21    1    1    1      1164
   25    1    9    9    1   25    2    1    0       575
   25    1    9   10    1    9    1    1    1       913
   25    1    9   11    1   28    2    2    1      1358
   25    1    9   12    1   26    2    1    0       729
   25    1    9   13    1    3    2    2    1       549
   25    1    9   14    1   31    2    1    0       737
   25    1   10    1    1   31    2    2    1       867
   25    1   10    2    1   15    2    2    1      1937
   25    1   10    3    1   25    2    1    0       661
   25    1   10    4    1   26    2    1    0      1348
   25    1   10    5    1    2    1    1    1       519
   25    1   10    6    1   12    2    2    1       772
   25    1   10    7    1    6    1    1    1       454
   25    1   10    8    1    7    2    2    1       517
   25    1   10    9    1    9    1    1    1       562
   25    1   10   10    1   19    1    2    0       781
   25    1   10   11    1   21    1    1    1       519
   25    1   10   12    1   22    1    1    1       564
   25    1   10   13    1    3    2    2    1       830
   25    1   10   14    1   28    2    2    1       702
   25    2    1    1    2   24    0    2    9      2796
   25    2    1    2    1   26    2    1    0       812
   25    2    1    3    1   22    1    2    0      1629
   25    2    1    4    1    2    1    1    1       701
   25    2    1    5    1    6    1    1    1       513
   25    2    1    6    2   24    0    2    9      1261
   25    2    1    7    1   28    2    2    1       636
   25    2    1    8    1    7    2    1    0       516
   25    2    1    9    1    2    1    1    1       641
   25    2    1   10    2   14    0    2    9      3048
   25    2    1   11    2    5    0    1    9       639
   25    2    1   12    1   22    1    2    0       631
   25    2    1   13    2   30    0    2    9       703
   25    2    1   14    2   11    0    2    9       516
   25    2    1   15    1    7    2    1    0       736
   25    2    1   16    1   25    2    1    0      2243
   25    2    1   17    1    9    1    2    0      2763
   25    2    1   18    2    1    0    1    9      1213
   25    2    1   19    1   28    2    2    1       734
   25    2    1   20    1   12    2    2    1      1234
   25    2    1   21    2   20    0    2    9      2033
   25    2    1   22    1    9    1    1    1       737
   25    2    1   23    2   18    0    1    9       981
   25    2    1   24    2   13    0    2    9      1679
   25    2    1   25    1   19    1    2    0       557
   25    2    1   26    2   27    0    1    9       793
   25    2    1   27    1   12    2    2    1       587
   25    2    1   28    2   16    0    2    9       709
   25    2    1   29    1   21    1    1    1      1626
   25    2    1   30    2    8    0    2    9      1450
   25    2    1   31    1    3    2    1    0       720
   25    2    1   32    2   24    0    2    9       757
   25    2    1   33    1   21    1    1    1       696
   25    2    1   34    2   29    0    1    9       701
   25    2    1   35    1   15    2    2    1       770
   25    2    1   36    2   23    0    2    9       708
   25    2    1   37    2   14    0    1    9       809
   25    2    1   38    2   14    0    1    9      1066
   25    2    1   39    1   19    1    2    0       992
   25    2    1   40    2    4    0    2    9      1802
   25    2    1   41    1   31    2    1    0      1010
   25    2    1   42    1    6    1    2    0       571
   25    2    1   43    1   26    2    1    0       741
   25    2    1   44    2   32    0    2    9       794
   25    2    1   45    1   15    2    1    0       907
   25    2    1   46    2   10    0    1    9       744
   25    2    1   47    2   17    0    1    9       843
   25    2    1   48    1    3    2    2    1       906
   25    2    1   49    1   25    2    1    0       951
   25    2    1   50    2   14    0    1    9      1250
   25    2    1   51    2   24    0    2    9      3105
   25    2    1   52    1   31    2    2    1      2423
   25    2    2    1    2   14    0    1    9       887
   25    2    2    2    2   18    0    2    9       676
   25    2    2    3    2   14    0    2    9       603
   25    2    2    4    2    5    0    1    9      2580
   25    2    2    5    2    1    0    1    9      1326
   25    2    2    6    1    6    1    1    1      1499
   25    2    2    7    2   13    0    1    9      5392
   25    2    2    8    1   26    2    2    1      1914
   25    2    2    9    1   19    1    2    0      1183
   25    2    2   10    1    7    2    2    1      1169
   25    2    2   11    1   19    1    1    1       595
   25    2    2   12    1   21    1    2    0       429
   25    2    2   13    2   30    0    2    9       925
   25    2    2   14    2   17    0    1    9       729
   25    2    2   15    1   12    2    2    1       701
   25    2    2   16    2   24    0    1    9       562
   25    2    2   17    2   11    0    2    9       605
   25    2    2   18    2   20    0    1    9       807
   25    2    2   19    1    3    2    1    0       696
   25    2    2   20    1   26    2    2    1       477
   25    2    2   21    2   24    0    2    9       747
   25    2    2   22    1   12    2    1    0       447
   25    2    2   23    2   16    0    2    9       749
   25    2    2   24    2   32    0    2    9      1617
   25    2    2   25    1   28    2    2    1       849
   25    2    2   26    2   29    0    1    9       688
   25    2    2   27    1   22    1    2    0       597
   25    2    2   28    1    2    1    1    1       717
   25    2    2   29    2   24    0    2    9      1409
   25    2    2   30    1   25    2    1    0       634
   25    2    2   31    1    6    1    2    0       657
   25    2    2   32    2    4    0    2    9      2168
   25    2    2   33    1    7    2    1    0       482
   25    2    2   34    1   28    2    2    1       576
   25    2    2   35    2   14    0    1    9       843
   25    2    2   36    1   31    2    2    1       635
   25    2    2   37    1    2    1    2    0       610
   25    2    2   38    1   21    1    1    1       828
   25    2    2   39    1   15    2    2    1       652
   25    2    2   40    2    8    0    2    9       691
   25    2    2   41    1   31    2    2    1      1081
   25    2    2   42    2   24    0    1    9      2190
   25    2    2   43    1   15    2    2    1       776
   25    2    2   44    1   22    1    1    1      1642
   25    2    2   45    1    9    1    1    1       778
   25    2    2   46    2   14    0    1    9      2364
   25    2    2   47    1   25    2    1    0       718
   25    2    2   48    2   10    0    2    9       674
   25    2    2   49    1    9    1    1    1       649
   25    2    2   50    2   23    0    2    9       655
   25    2    2   51    1    3    2    1    0       471
   25    2    2   52    2   27    0    2    9      1269
