   50    1    1    1    1   26    4    2    0      9792
   50    1    1    2    1    7    2    1    0      8482
   50    1    1    3    1   12    2    2    1      5863
   50    1    1    4    1   25    4    3    0      4589
   50    1    1    5    1   31    4    4    1      4990
   50    1    1    6    1   22    3    4    0      2632
   50    1    1    7    1   15    2    2    1      3606
   50    1    1    8    1   21    3    4    0      4951
   50    1    1    9    1    3    2    2    1      2345
   50    1    1   10    1    2    1    2    0      2828
   50    1    1   11    1    9    1    2    0      4053
   50    1    1   12    1   28    4    4    1      2363
   50    1    1   13    1   19    3    3    1      2941
   50    1    1   14    1    6    1    2    0      2056
   50    1    2    1    1    3    2    1    0      2627
   50    1    2    2    1   31    4    3    0      2323
   50    1    2    3    1   26    4    3    0      1887
   50    1    2    4    1   12    2    2    1      2701
   50    1    2    5    1   22    3    4    0      1217
   50    1    2    6    1    9    1    2    0      1129
   50    1    2    7    1   15    2    2    1      1029
   50    1    2    8    1   19    3    4    0      4685
   50    1    2    9    1    6    1    2    0      2490
   50    1    2   10    1   21    3    3    1      3695
   50    1    2   11    1    7    2    2    1      2301
   50    1    2   12    1   28    4    3    0      1953
   50    1    2   13    1   25    4    3    0      1420
   50    1    2   14    1    2    1    2    0      1004
   50    1    3    1    1   26    4    4    1      6945
   50    1    3    2    1   31    4    4    1       925
   50    1    3    3    1   12    2    2    1      3033
   50    1    3    4    1    2    1    1    1      2400
   50    1    3    5    1   15    2    2    1       817
   50    1    3    6    1    7    2    1    0       833
   50    1    3    7    1    9    1    2    0      5992
   50    1    3    8    1   21    3    4    0      3889
   50    1    3    9    1   28    4    4    1      1246
   50    1    3   10    1    3    2    2    1      5053
   50    1    3   11    1   25    4    3    0      7523
   50    1    3   12    1    6    1    2    0      3294
   50    1    3   13    1   22    3    3    1      4563
   50    1    3   14    1   19    3    3    1      2094
   50    1    4    1    1   15    2    2    1      2338
   50    1    4    2    1   25    4    3    0      8102
   50    1    4    3    1   19    3    3    1       731
   50    1    4    4    1   31    4    4    1       942
   50    1    4    5    1    2    1    2    0      1913
   50    1    4    6    1   28    4    4    1      1301
   50    1    4    7    1   22    3    3    1      1186
   50    1    4    8    1    6    1    1    1      1699
   50    1    4    9    1   26    4    4    1      1920
   50    1    4   10    1   12    2    2    1      2035
   50    1    4   11    1    3    2    1    0       547
   50    1    4   12    1   21    3    4    0      2821
   50    1    4   13    1    7    2    2    1      1134
   50    1    4   14    1    9    1    1    1       849
   50    1    5    1    1   26    4    2    0      1329
   50    1    5    2    1    6    1    2    0       885
   50    1    5    3    1   21    3    3    1      1994
   50    1    5    4    1    7    2    1    0      1532
   50    1    5    5    1   28    4    4    1      1175
   50    1    5    6    1   15    2    2    1      1289
   50    1    5    7    1   19    3    3    1      1046
   50    1    5    8    1    9    1    2    0      1405
   50    1    5    9    1   31    4    4    1      1069
   50    1    5   10    1    2    1    1    1      2419
   50    1    5   11    1   22    3    4    0      1923
   50    1    5   12    1    3    2    2    1      4478
   50    1    5   13    1   12    2    1    0       796
   50    1    5   14    1   25    4    3    0      4757
   50    1    6    1    1   31    4    4    1      2236
   50    1    6    2    1   12    2    2    1      1123
   50    1    6    3    1   28    4    4    1      1351
   50    1    6    4    1   26    4    4    1      1313
   50    1    6    5    1   21    3    3    1       653
   50    1    6    6    1    7    2    2    1      1412
   50    1    6    7    1   15    2    2    1      1452
   50    1    6    8    1    9    1    1    1      1667
   50    1    6    9    1   25    4    3    0      2017
   50    1    6   10    1   19    3    4    0      6265
   50    1    6   11    1   22    3    4    0      1559
   50    1    6   12    1    2    1    2    0      1106
   50    1    6   13    1    6    1    2    0      1566
   50    1    6   14    1    3    2    1    0      1080
   50    1    7    1    1   15    2    2    1      1266
   50    1    7    2    1    2    1    1    1       512
   50    1    7    3    1   22    3    4    0      2381
   50    1    7    4    1    9    1    2    0      1190
   50    1    7    5    1    7    2    2    1      1007
   50    1    7    6    1   26    4    4    1      1559
   50    1    7    7    1   19    3    3    1      1307
   50    1    7    8    1   31    4    4    1       711
   50    1    7    9    1   12    2    2    1       972
   50    1    7   10    1   25    4    4    1      3782
   50    1    7   11    1   21    3    4    0      1279
   50    1    7   12    1    6    1    2    0      3925
   50    1    7   13    1   28    4    4    1      1473
   50    1    7   14    1    3    2    1    0      1431
   50    1    8    1    1    2    1    1    1      1176
   50    1    8    2    1   19    3    3    1      3625
   50    1    8    3    1   31    4    4    1       633
   50    1    8    4    1   15    2    2    1      1473
   50    1    8    5    1    3    2    1    0      2375
   50    1    8    6    1   22    3    4    0      1616
   50    1    8    7    1   25    4    4    1      1625
   50    1    8    8    1    6    1    2    0      6168
   50    1    8    9    1    7    2    2    1      1099
   50    1    8   10    1   28    4    4    1      3055
   50    1    8   11    1   12    2    2    1      1478
   50    1    8   12    1    9    1    1    1      4459
   50    1    8   13    1   26    4    4    1      1962
   50    1    8   14    1   21    3    3    1      1869
   50    1    9    1    1    7    2    2    1      1910
   50    1    9    2    1    9    1    1    1       731
   50    1    9    3    1    2    1    1    1      2910
   50    1    9    4    1    3    2    2    1      1098
   50    1    9    5    1   15    2    2    1      2575
   50    1    9    6    1   21    3    3    1      5369
   50    1    9    7    1   12    2    4    0      1827
   50    1    9    8    1   28    4    4    1      2115
   50    1    9    9    1   25    4    4    1      2831
   50    1    9   10    1    6    1    1    1      3070
   50    1    9   11    1   22    3    3    1      1828
   50    1    9   12    1   26    4    4    1      1804
   50    1    9   13    1   31    4    4    1       852
   50    1    9   14    1   19    3    3    1      1251
   50    1   10    1    1    3    2    2    1      2262
   50    1   10    2    1    9    1    1    1      1309
   50    1   10    3    1   19    3    3    1      1945
   50    1   10    4    1   12    2    2    1      2141
   50    1   10    5    1   22    3    3    1      2680
   50    1   10    6    1    7    2    2    1      1581
   50    1   10    7    1   28    4    4    1      2495
   50    1   10    8    1   15    2    2    1      1452
   50    1   10    9    1   31    4    4    1      1442
   50    1   10   10    1   25    4    4    1      1114
   50    1   10   11    1   21    3    3    1      1502
   50    1   10   12    1    2    1    1    1      2434
   50    1   10   13    1   26    4    4    1      3393
   50    1   10   14    1    6    1    1    1      1962
   50    2    1    1    2   13    0    1    9      3591
   50    2    1    2    2   27    0    4    9      2903
   50    2    1    3    1    3    2    2    1      3619
   50    2    1    4    2   14    0    1    9      1842
   50    2    1    5    2   17    0    3    9      3594
   50    2    1    6    1   25    4    3    0      2827
   50    2    1    7    1    7    2    2    1      2123
   50    2    1    8    1   19    3    3    1      2503
   50    2    1    9    2   14    0    1    9      3588
   50    2    1   10    1    6    1    1    1      1029
   50    2    1   11    1   12    2    2    1      1149
   50    2    1   12    2   24    0    3    9      1951
   50    2    1   13    1    9    1    1    1      1442
   50    2    1   14    2   24    0    3    9      1849
   50    2    1   15    1   22    3    3    1      3456
   50    2    1   16    2   24    0    3    9      2070
   50    2    1   17    1   31    4    4    1      1092
   50    2    1   18    2   29    0    4    9      4890
   50    2    1   19    1   26    4    4    1      1799
   50    2    1   20    2   10    0    1    9      1919
   50    2    1   21    1   21    3    3    1      1795
   50    2    1   22    1    3    2    2    1      1837
   50    2    1   23    1    7    2    2    1      1572
   50    2    1   24    2    5    0    1    9      1766
   50    2    1   25    1   19    3    3    1      3232
   50    2    1   26    1   25    4    4    1      1712
   50    2    1   27    2   14    0    1    9      8636
   50    2    1   28    1    2    1    1    1       980
   50    2    1   29    1   31    4    4    1      2317
   50    2    1   30    2   20    0    3    9      1441
   50    2    1   31    1   15    2    2    1      3417
   50    2    1   32    2   32    0    4    9      1697
   50    2    1   33    2   24    0    3    9      1405
   50    2    1   34    2   14    0    1    9      2134
   50    2    1   35    1   15    2    2    1      1441
   50    2    1   36    2   16    0    2    9       728
   50    2    1   37    1   12    2    2    1       748
   50    2    1   38    1   28    4    3    0      1983
   50    2    1   39    1    6    1    1    1      2416
   50    2    1   40    2   18    0    3    9      1456
   50    2    1   41    2    8    0    2    9      3559
   50    2    1   42    1   28    4    4    1      6521
   50    2    1   43    2   11    0    2    9      3029
   50    2    1   44    1   21    3    3    1      3933
   50    2    1   45    1   22    3    3    1      1120
   50    2    1   46    1    9    1    1    1      1508
   50    2    1   47    2    1    0    1    9      1385
   50    2    1   48    2   23    0    3    9      1810
   50    2    1   49    2   30    0    4    9      1195
   50    2    1   50    2    4    0    2    9      2348
   50    2    1   51    1    2    1    1    1      1711
   50    2    1   52    1   26    4    4    1      2443
   50    2    2    1    2   14    0    1    9      1722
   50    2    2    2    2   23    0    3    9      2006
   50    2    2    3    2   24    0    3    9      4759
   50    2    2    4    2   24    0    3    9      1482
   50    2    2    5    2    1    0    1    9      1471
   50    2    2    6    1   21    3    3    1      1653
   50    2    2    7    2   32    0    4    9      1508
   50    2    2    8    2   14    0    1    9      2104
   50    2    2    9    1    3    2    2    1      1125
   50    2    2   10    1   19    3    3    1      3017
   50    2    2   11    1    2    1    1    1      2560
   50    2    2   12    2    5    0    1    9      1227
   50    2    2   13    1    7    2    2    1      1019
   50    2    2   14    2    8    0    2    9      1043
   50    2    2   15    2   20    0    3    9      4586
   50    2    2   16    1   15    2    2    1      9203
   50    2    2   17    1   25    4    4    1      2324
   50    2    2   18    2   13    0    1    9      4200
   50    2    2   19    2   17    0    3    9      6304
   50    2    2   20    1   26    4    4    1       965
   50    2    2   21    2   16    0    2    9      1374
   50    2    2   22    1   19    3    3    1      1369
   50    2    2   23    1   31    4    4    1      1458
   50    2    2   24    2   29    0    4    9      4905
   50    2    2   25    1    7    2    2    1      2725
   50    2    2   26    2   30    0    4    9      2441
   50    2    2   27    1   26    4    4    1       841
   50    2    2   28    2   24    0    3    9      5272
   50    2    2   29    1   28    4    4    1      1686
   50    2    2   30    1   15    2    2    1      2051
   50    2    2   31    2    4    0    2    9      1538
   50    2    2   32    1    6    1    1    1      1269
   50    2    2   33    1   22    3    3    1      5987
   50    2    2   34    1    9    1    1    1      4628
   50    2    2   35    1    9    1    1    1      1372
   50    2    2   36    1    3    2    2    1      1062
   50    2    2   37    2   27    0    4    9      1597
   50    2    2   38    1   12    2    2    1      1517
   50    2    2   39    1    6    1    1    1     12177
   50    2    2   40    1   25    4    4    1      1787
   50    2    2   41    1   28    4    4    1      1588
   50    2    2   42    2   24    0    3    9      1910
   50    2    2   43    2   11    0    2    9      1354
   50    2    2   44    1   31    4    4    1      2277
   50    2    2   45    2   18    0    3    9      1835
   50    2    2   46    2   14    0    1    9      2866
   50    2    2   47    1   12    2    2    1      3008
   50    2    2   48    1   21    3    3    1      1912
   50    2    2   49    2   10    0    1    9      1885
   50    2    2   50    1    2    1    1    1       946
   50    2    2   51    2   14    0    1    9      1389
   50    2    2   52    1   22    3    3    1      1318
