   29    1    1    1    1   28    2    1    0      2971
   29    1    1    2    1   26    2    1    0      1505
   29    1    1    3    1    2    1    1    1      2270
   29    1    1    4    1   21    1    2    0       644
   29    1    1    5    1   31    2    1    0      5891
   29    1    1    6    1   25    2    1    0      1745
   29    1    1    7    1   19    1    2    0      1444
   29    1    1    8    1   12    2    1    0      1219
   29    1    1    9    1    3    2    2    1      1499
   29    1    1   10    1   22    1    2    0      1936
   29    1    1   11    1    7    2    1    0      1979
   29    1    1   12    1   15    2    2    1      1237
   29    1    1   13    1    9    1    2    0      1573
   29    1    1   14    1    6    1    1    1       735
   29    1    2    1    1   26    2    2    1      1326
   29    1    2    2    1   15    2    2    1      1738
   29    1    2    3    1   28    2    2    1      1414
   29    1    2    4    1    6    1    1    1      1406
   29    1    2    5    1   25    2    1    0       583
   29    1    2    6    1   22    1    2    0      1432
   29    1    2    7    1   12    2    2    1       967
   29    1    2    8    1    7    2    1    0       641
   29    1    2    9    1    2    1    1    1       785
   29    1    2   10    1   31    2    2    1       978
   29    1    2   11    1    9    1    2    0       892
   29    1    2   12    1   21    1    1    1       705
   29    1    2   13    1    3    2    1    0      1206
   29    1    2   14    1   19    1    2    0      2062
   29    1    3    1    1   31    2    2    1      1070
   29    1    3    2    1    3    2    2    1       740
   29    1    3    3    1   15    2    2    1      1080
   29    1    3    4    1    2    1    1    1       749
   29    1    3    5    1   21    1    2    0       976
   29    1    3    6    1    7    2    1    0       514
   29    1    3    7    1    9    1    2    0       998
   29    1    3    8    1   22    1    1    1      1206
   29    1    3    9    1   12    2    2    1       663
   29    1    3   10    1   28    2    2    1       525
   29    1    3   11    1   25    2    1    0       745
   29    1    3   12    1    6    1    2    0      1060
   29    1    3   13    1   19    1    1    1       531
   29    1    3   14    1   26    2    2    1       446
   29    1    4    1    1    7    2    2    1       920
   29    1    4    2    1   15    2    2    1       660
   29    1    4    3    1    3    2    1    0       602
   29    1    4    4    1   28    2    2    1       907
   29    1    4    5    1   12    2    2    1       600
   29    1    4    6    1   22    1    1    1      1616
   29    1    4    7    1    2    1    1    1       464
   29    1    4    8    1   31    2    2    1       526
   29    1    4    9    1    6    1    1    1       666
   29    1    4   10    1    9    1    1    1       592
   29    1    4   11    1   26    2    1    0      1625
   29    1    4   12    1   19    1    2    0       545
   29    1    4   13    1   21    1    1    1       933
   29    1    4   14    1   25    2    2    1       736
   29    1    5    1    1   31    2    2    1       822
   29    1    5    2    1   26    2    2    1      1110
   29    1    5    3    1    3    2    1    0       635
   29    1    5    4    1   22    1    1    1       810
   29    1    5    5    1    6    1    1    1       683
   29    1    5    6    1   12    2    2    1       512
   29    1    5    7    1    2    1    1    1       701
   29    1    5    8    1   28    2    2    1       641
   29    1    5    9    1   25    2    2    1      1193
   29    1    5   10    1   15    2    2    1       570
   29    1    5   11    1    9    1    1    1       788
   29    1    5   12    1   19    1    2    0       453
   29    1    5   13    1    7    2    1    0       492
   29    1    5   14    1   21    1    1    1       529
   29    1    6    1    1   19    1    2    0      1110
   29    1    6    2    1    9    1    1    1       467
   29    1    6    3    1   22    1    1    1       897
   29    1    6    4    1    2    1    1    1       477
   29    1    6    5    1   28    2    2    1       443
   29    1    6    6    1    6    1    1    1       539
   29    1    6    7    1   15    2    2    1       518
   29    1    6    8    1   25    2    2    1       834
   29    1    6    9    1   21    1    1    1       721
   29    1    6   10    1    7    2    1    0       677
   29    1    6   11    1   12    2    2    1       531
   29    1    6   12    1   26    2    2    1       911
   29    1    6   13    1    3    2    1    0       427
   29    1    6   14    1   31    2    2    1       595
   29    1    7    1    1   21    1    1    1       782
   29    1    7    2    1   26    2    2    1       815
   29    1    7    3    1   19    1    2    0       431
   29    1    7    4    1   12    2    2    1       551
   29    1    7    5    1    6    1    2    0      1281
   29    1    7    6    1    3    2    2    1       823
   29    1    7    7    1   15    2    2    1       903
   29    1    7    8    1   22    1    1    1      1571
   29    1    7    9    1   31    2    2    1       533
   29    1    7   10    1   28    2    2    1       640
   29    1    7   11    1    2    1    1    1       616
   29    1    7   12    1    9    1    2    0       896
   29    1    7   13    1   25    2    1    0       533
   29    1    7   14    1    7    2    2    1      1032
   29    1    8    1    1   15    2    2    1       652
   29    1    8    2    1   12    2    2    1       451
   29    1    8    3    1    7    2    2    1       673
   29    1    8    4    1    9    1    1    1       646
   29    1    8    5    1   21    1    1    1       526
   29    1    8    6    1   28    2    2    1       506
   29    1    8    7    1    3    2    1    0      1591
   29    1    8    8    1   22    1    1    1       768
   29    1    8    9    1    2    1    1    1      1906
   29    1    8   10    1   31    2    2    1       551
   29    1    8   11    1    6    1    1    1      2434
   29    1    8   12    1   25    2    2    1       881
   29    1    8   13    1   19    1    2    0       670
   29    1    8   14    1   26    2    1    0       716
   29    1    9    1    1   26    2    2    1       563
   29    1    9    2    1   22    1    1    1       717
   29    1    9    3    1    2    1    1    1       625
   29    1    9    4    1   12    2    2    1       489
   29    1    9    5    1    6    1    1    1       742
   29    1    9    6    1   19    1    2    0       826
   29    1    9    7    1    9    1    2    0       738
   29    1    9    8    1    3    2    2    1       861
   29    1    9    9    1   28    2    2    1       620
   29    1    9   10    1   25    2    1    0       644
   29    1    9   11    1   21    1    1    1      1075
   29    1    9   12    1    7    2    2    1       425
   29    1    9   13    1   31    2    2    1       537
   29    1    9   14    1   15    2    2    1       804
   29    1   10    1    1    7    2    2    1       546
   29    1   10    2    1   22    1    1    1      1149
   29    1   10    3    1   21    1    1    1       480
   29    1   10    4    1   28    2    2    1       685
   29    1   10    5    1   15    2    2    1       642
   29    1   10    6    1    6    1    1    1       954
   29    1   10    7    1    3    2    1    0      1380
   29    1   10    8    1    2    1    1    1       934
   29    1   10    9    1   19    1    2    0       625
   29    1   10   10    1   25    2    2    1       977
   29    1   10   11    1    9    1    1    1      1259
   29    1   10   12    1   26    2    1    0       858
   29    1   10   13    1   12    2    2    1       496
   29    1   10   14    1   31    2    2    1       813
   29    2    1    1    2   23    0    2    9      2082
   29    2    1    2    1   22    1    1    1      1215
   29    2    1    3    1    2    1    1    1       895
   29    2    1    4    1   28    2    2    1       620
   29    2    1    5    1   12    2    2    1       484
   29    2    1    6    2   11    0    2    9       657
   29    2    1    7    2    4    0    2    9       696
   29    2    1    8    2    1    0    1    9       540
   29    2    1    9    1   28    2    2    1       473
   29    2    1   10    2   24    0    2    9       455
   29    2    1   11    2   14    0    1    9       437
   29    2    1   12    2   20    0    2    9       901
   29    2    1   13    2   14    0    2    9      1313
   29    2    1   14    1    9    1    2    0       957
   29    2    1   15    1   21    1    1    1      1224
   29    2    1   16    1   26    2    2    1       728
   29    2    1   17    2   14    0    2    9       524
   29    2    1   18    2    8    0    1    9       904
   29    2    1   19    2    5    0    1    9       613
   29    2    1   20    1    7    2    2    1      1213
   29    2    1   21    1   15    2    2    1       477
   29    2    1   22    1   22    1    1    1      1275
   29    2    1   23    1    3    2    2    1       473
   29    2    1   24    1   25    2    2    1       599
   29    2    1   25    2   16    0    2    9       480
   29    2    1   26    1    3    2    2    1       461
   29    2    1   27    2   18    0    1    9       940
   29    2    1   28    2   24    0    2    9       471
   29    2    1   29    1   15    2    2    1       469
   29    2    1   30    2   24    0    2    9      1299
   29    2    1   31    1   26    2    1    0       848
   29    2    1   32    2   27    0    2    9       559
   29    2    1   33    1   21    1    1    1       601
   29    2    1   34    2   13    0    2    9       610
   29    2    1   35    2   14    0    2    9       634
   29    2    1   36    1    9    1    1    1       498
   29    2    1   37    2   29    0    1    9       494
   29    2    1   38    2   32    0    2    9       588
   29    2    1   39    1   19    1    2    0       437
   29    2    1   40    1   31    2    2    1       612
   29    2    1   41    2   10    0    1    9       605
   29    2    1   42    1    7    2    2    1       710
   29    2    1   43    1    6    1    1    1       859
   29    2    1   44    1   25    2    1    0       633
   29    2    1   45    2   24    0    2    9       576
   29    2    1   46    1    6    1    1    1       650
   29    2    1   47    1    2    1    1    1       625
   29    2    1   48    2   17    0    1    9       601
   29    2    1   49    1   19    1    2    0       482
   29    2    1   50    1   31    2    2    1       431
   29    2    1   51    2   30    0    2    9       366
   29    2    1   52    1   12    2    2    1       496
   29    2    2    1    1   22    1    1    1       349
   29    2    2    2    1   15    2    2    1       496
   29    2    2    3    1   26    2    2    1       573
   29    2    2    4    1   19    1    2    0       439
   29    2    2    5    1   31    2    2    1       502
   29    2    2    6    2   24    0    2    9       563
   29    2    2    7    1    7    2    2    1       701
   29    2    2    8    1    2    1    1    1       450
   29    2    2    9    1   12    2    2    1       368
   29    2    2   10    2    8    0    2    9       370
   29    2    2   11    1   15    2    2    1       548
   29    2    2   12    1    3    2    2    1       623
   29    2    2   13    2    5    0    1    9       359
   29    2    2   14    2   14    0    1    9       298
   29    2    2   15    1   22    1    1    1       526
   29    2    2   16    2   32    0    2    9       410
   29    2    2   17    2   30    0    1    9       747
   29    2    2   18    2   17    0    1    9       653
   29    2    2   19    1   31    2    2    1       388
   29    2    2   20    2   14    0    1    9       805
   29    2    2   21    1    7    2    2    1       566
   29    2    2   22    1    9    1    1    1       592
   29    2    2   23    2   24    0    2    9       410
   29    2    2   24    2   13    0    1    9       410
   29    2    2   25    1   12    2    2    1       347
   29    2    2   26    2   27    0    2    9       846
   29    2    2   27    1   26    2    1    0       669
   29    2    2   28    2    4    0    2    9       547
   29    2    2   29    2   24    0    2    9       382
   29    2    2   30    1   25    2    1    0       463
   29    2    2   31    2   14    0    1    9       845
   29    2    2   32    1    2    1    1    1      1420
   29    2    2   33    2   20    0    2    9       564
   29    2    2   34    1    6    1    1    1       478
   29    2    2   35    1    3    2    2    1       572
   29    2    2   36    1    9    1    1    1       406
   29    2    2   37    2    1    0    1    9       391
   29    2    2   38    2   24    0    2    9       376
   29    2    2   39    1    6    1    1    1       314
   29    2    2   40    1   25    2    1    0       382
   29    2    2   41    2   29    0    1    9       544
   29    2    2   42    1   21    1    1    1      1211
   29    2    2   43    1   21    1    1    1       411
   29    2    2   44    1   19    1    2    0       316
   29    2    2   45    2   23    0    2    9       608
   29    2    2   46    2   11    0    2    9       666
   29    2    2   47    2   16    0    2    9       480
   29    2    2   48    1   28    2    2    1       653
   29    2    2   49    2   18    0    1    9       419
   29    2    2   50    1   28    2    2    1       355
   29    2    2   51    2   14    0    1    9       390
   29    2    2   52    2   10    0    1    9       743
