   11    1    1    1    1   28    4    4    1      8559
   11    1    1    2    1   26    4    2    0      1789
   11    1    1    3    1    2    1    2    0      3150
   11    1    1    4    1   22    3    4    0      1561
   11    1    1    5    1   15    2    1    0      5171
   11    1    1    6    1    7    2    2    1      1582
   11    1    1    7    1   25    4    3    0      1599
   11    1    1    8    1   21    3    4    0      1480
   11    1    1    9    1    3    2    2    1      3077
   11    1    1   10    1    6    1    1    1      1931
   11    1    1   11    1   19    3    3    1      2382
   11    1    1   12    1   31    4    4    1      1808
   11    1    1   13    1   12    2    3    0      2423
   11    1    1   14    1    9    1    1    1      1617
   11    1    2    1    1   19    3    3    1      1543
   11    1    2    2    1   26    4    2    0      1994
   11    1    2    3    1   28    4    4    1      1603
   11    1    2    4    1   22    3    1    0      3092
   11    1    2    5    1   15    2    2    1      2225
   11    1    2    6    1    7    2    1    0      1689
   11    1    2    7    1    2    1    1    1      1103
   11    1    2    8    1    3    2    2    1       755
   11    1    2    9    1    9    1    1    1      1302
   11    1    2   10    1    6    1    3    0      1667
   11    1    2   11    1   25    4    1    0      1081
   11    1    2   12    1   12    2    4    0      1206
   11    1    2   13    1   21    3    1    0      1647
   11    1    2   14    1   31    4    3    0      1669
   11    1    3    1    1   19    3    3    1      1108
   11    1    3    2    1   26    4    3    0      2232
   11    1    3    3    1    6    1    2    0       648
   11    1    3    4    1   22    3    3    1      1815
   11    1    3    5    1   28    4    4    1       974
   11    1    3    6    1   31    4    3    0       889
   11    1    3    7    1    3    2    1    0      2030
   11    1    3    8    1   21    3    3    1      1670
   11    1    3    9    1    9    1    1    1      1843
   11    1    3   10    1   12    2    2    1      1420
   11    1    3   11    1   25    4    1    0       564
   11    1    3   12    1   15    2    3    0       917
   11    1    3   13    1    2    1    2    0      1353
   11    1    3   14    1    7    2    2    1      1068
   11    1    4    1    1   31    4    3    0      1210
   11    1    4    2    1   21    3    3    1      3923
   11    1    4    3    1    7    2    2    1      1591
   11    1    4    4    1   15    2    2    1      1256
   11    1    4    5    1   26    4    3    0      5303
   11    1    4    6    1   22    3    3    1      1132
   11    1    4    7    1    2    1    2    0      2303
   11    1    4    8    1    3    2    2    1       908
   11    1    4    9    1   19    3    3    1       872
   11    1    4   10    1    6    1    1    1      1670
   11    1    4   11    1   25    4    4    1      1892
   11    1    4   12    1   12    2    2    1      1610
   11    1    4   13    1   28    4    4    1      2426
   11    1    4   14    1    9    1    1    1      1898
   11    1    5    1    1    3    2    1    0      1352
   11    1    5    2    1   15    2    2    1      1146
   11    1    5    3    1   25    4    3    0      2029
   11    1    5    4    1   21    3    4    0       949
   11    1    5    5    1   28    4    4    1       872
   11    1    5    6    1   19    3    3    1       773
   11    1    5    7    1    7    2    2    1      1304
   11    1    5    8    1   12    2    2    1      4436
   11    1    5    9    1    9    1    1    1       915
   11    1    5   10    1    2    1    2    0       704
   11    1    5   11    1    6    1    1    1       796
   11    1    5   12    1   26    4    3    0      1597
   11    1    5   13    1   22    3    4    0      1014
   11    1    5   14    1   31    4    3    0      1942
   11    1    6    1    1   31    4    3    0       995
   11    1    6    2    1   12    2    2    1      1285
   11    1    6    3    1    2    1    1    1      1778
   11    1    6    4    1   22    3    3    1      1852
   11    1    6    5    1    3    2    2    1      1427
   11    1    6    6    1   19    3    3    1      1563
   11    1    6    7    1    7    2    1    0      2285
   11    1    6    8    1    9    1    1    1       762
   11    1    6    9    1   28    4    4    1      1421
   11    1    6   10    1   25    4    4    1      1013
   11    1    6   11    1   26    4    4    1      1773
   11    1    6   12    1    6    1    2    0      1287
   11    1    6   13    1   21    3    3    1      2284
   11    1    6   14    1   15    2    2    1      1457
   11    1    7    1    1    2    1    2    0      2296
   11    1    7    2    1    9    1    2    0      1861
   11    1    7    3    1    7    2    2    1      2020
   11    1    7    4    1   26    4    4    1      1924
   11    1    7    5    1   25    4    4    1       872
   11    1    7    6    1   31    4    4    1       918
   11    1    7    7    1    3    2    1    0      2130
   11    1    7    8    1   19    3    3    1       933
   11    1    7    9    1   15    2    2    1      1569
   11    1    7   10    1   12    2    2    1       931
   11    1    7   11    1   21    3    3    1     10446
   11    1    7   12    1   28    4    4    1      1453
   11    1    7   13    1   22    3    3    1       931
   11    1    7   14    1    6    1    2    0      1776
   11    1    8    1    1   31    4    4    1       985
   11    1    8    2    1   15    2    2    1      1170
   11    1    8    3    1    3    2    1    0       948
   11    1    8    4    1    6    1    2    0      1783
   11    1    8    5    1   12    2    2    1       841
   11    1    8    6    1   19    3    3    1      1224
   11    1    8    7    1   26    4    4    1      1496
   11    1    8    8    1    9    1    2    0      1485
   11    1    8    9    1   21    3    3    1       842
   11    1    8   10    1   22    3    3    1       650
   11    1    8   11    1   28    4    4    1       656
   11    1    8   12    1    2    1    2    0      1239
   11    1    8   13    1    7    2    1    0      1054
   11    1    8   14    1   25    4    4    1      1437
   11    1    9    1    1   21    3    3    1       822
   11    1    9    2    1   15    2    1    0      3014
   11    1    9    3    1   25    4    4    1       838
   11    1    9    4    1   31    4    4    1       949
   11    1    9    5    1   12    2    2    1      1616
   11    1    9    6    1   28    4    4    1      1136
   11    1    9    7    1   26    4    4    1      1251
   11    1    9    8    1   19    3    3    1       594
   11    1    9    9    1   22    3    4    0       586
   11    1    9   10    1    2    1    2    0      2445
   11    1    9   11    1    6    1    2    0      4436
   11    1    9   12    1    3    2    2    1      1532
   11    1    9   13    1    9    1    1    1      1423
   11    1    9   14    1    7    2    2    1      1687
   11    1   10    1    1   25    4    4    1      1571
   11    1   10    2    1   15    2    2    1      1125
   11    1   10    3    1    6    1    1    1      1529
   11    1   10    4    1   19    3    3    1      2221
   11    1   10    5    1   26    4    4    1       693
   11    1   10    6    1    9    1    1    1      1498
   11    1   10    7    1   22    3    3    1      1663
   11    1   10    8    1    3    2    2    1      6621
   11    1   10    9    1    2    1    1    1      1397
   11    1   10   10    1    7    2    2    1      1374
   11    1   10   11    1   28    4    4    1       712
   11    1   10   12    1   21    3    3    1      1404
   11    1   10   13    1   12    2    2    1      1925
   11    1   10   14    1   31    4    4    1      1321
   11    2    1    1    1    7    2    2    1      2303
   11    2    1    2    1   19    3    3    1      1202
   11    2    1    3    1   28    4    4    1       995
   11    2    1    4    1   15    2    1    0      2573
   11    2    1    5    1    2    1    1    1      1239
   11    2    1    6    2   14    0    1    9      1062
   11    2    1    7    2   14    0    1    9      1629
   11    2    1    8    2    1    0    1    9       909
   11    2    1    9    2   20    0    3    9      1178
   11    2    1   10    1    3    2    2    1      1980
   11    2    1   11    1   25    4    4    1      1325
   11    2    1   12    1   31    4    4    1       761
   11    2    1   13    2   30    0    4    9       700
   11    2    1   14    2   24    0    3    9       977
   11    2    1   15    1   28    4    4    1      2107
   11    2    1   16    2   29    0    4    9      1416
   11    2    1   17    2   14    0    1    9      2624
   11    2    1   18    1   19    3    3    1      1432
   11    2    1   19    1    6    1    1    1      2447
   11    2    1   20    1    9    1    2    0      2654
   11    2    1   21    1   22    3    3    1      3044
   11    2    1   22    1   22    3    3    1      1084
   11    2    1   23    1    7    2    2    1      1345
   11    2    1   24    1   21    3    3    1      1741
   11    2    1   25    1    2    1    1    1      5641
   11    2    1   26    1   25    4    4    1      1193
   11    2    1   27    2   13    0    2    9      1131
   11    2    1   28    1   12    2    2    1      1262
   11    2    1   29    2   27    0    4    9      3405
   11    2    1   30    2   14    0    1    9      1334
   11    2    1   31    2    8    0    1    9      1041
   11    2    1   32    2   17    0    3    9       984
   11    2    1   33    2   24    0    3    9       690
   11    2    1   34    2   18    0    3    9       615
   11    2    1   35    1    6    1    2    0       959
   11    2    1   36    2   24    0    3    9      1706
   11    2    1   37    2   24    0    3    9       470
   11    2    1   38    1   21    3    3    1      1013
   11    2    1   39    1    3    2    2    1      1549
   11    2    1   40    2    4    0    1    9      1680
   11    2    1   41    2   23    0    3    9      1902
   11    2    1   42    2    5    0    1    9      2578
   11    2    1   43    1   15    2    2    1      4380
   11    2    1   44    2   11    0    2    9       653
   11    2    1   45    1   26    4    3    0      1172
   11    2    1   46    1    9    1    2    0      1110
   11    2    1   47    1   12    2    2    1      1611
   11    2    1   48    2   16    0    1    9      1228
   11    2    1   49    1   26    4    4    1      1756
   11    2    1   50    2   10    0    2    9       615
   11    2    1   51    2   32    0    4    9      1199
   11    2    1   52    1   31    4    4    1      1008
   11    2    2    1    1   19    3    3    1       520
   11    2    2    2    1    6    1    2    0       788
   11    2    2    3    2   29    0    4    9      1333
   11    2    2    4    1    7    2    2    1      1153
   11    2    2    5    2   17    0    3    9      2115
   11    2    2    6    2   24    0    3    9       592
   11    2    2    7    2    5    0    1    9       857
   11    2    2    8    1    6    1    1    1       600
   11    2    2    9    1   28    4    4    1      1153
   11    2    2   10    2   11    0    2    9       947
   11    2    2   11    1   31    4    4    1       782
   11    2    2   12    1   25    4    4    1       847
   11    2    2   13    2   24    0    3    9      1022
   11    2    2   14    2   16    0    2    9       806
   11    2    2   15    2   20    0    3    9       983
   11    2    2   16    1   22    3    3    1       736
   11    2    2   17    1   26    4    4    1      1059
   11    2    2   18    1   21    3    3    1       682
   11    2    2   19    2   14    0    2    9       703
   11    2    2   20    2   27    0    4    9       884
   11    2    2   21    1   26    4    3    0       369
   11    2    2   22    2   13    0    2    9       659
   11    2    2   23    1   15    2    1    0       794
   11    2    2   24    1    3    2    2    1      1275
   11    2    2   25    2   24    0    3    9      1433
   11    2    2   26    1    7    2    2    1      1233
   11    2    2   27    1   22    3    3    1      1552
   11    2    2   28    2   30    0    4    9      1827
   11    2    2   29    2    1    0    2    9      1483
   11    2    2   30    2   23    0    3    9      4784
   11    2    2   31    1    3    2    2    1      1169
   11    2    2   32    1   25    4    4    1      1235
   11    2    2   33    2   10    0    2    9      1059
   11    2    2   34    1   28    4    4    1      1129
   11    2    2   35    2   14    0    2    9      1117
   11    2    2   36    1    9    1    2    0       561
   11    2    2   37    2   32    0    4    9      1692
   11    2    2   38    2   14    0    2    9      1081
   11    2    2   39    2   18    0    3    9       655
   11    2    2   40    1   19    3    3    1       613
   11    2    2   41    1   21    3    3    1      1102
   11    2    2   42    2   14    0    1    9       754
   11    2    2   43    1    2    1    2    0       821
   11    2    2   44    1   12    2    2    1      2997
   11    2    2   45    1   15    2    2    1       718
   11    2    2   46    1   31    4    4    1      1090
   11    2    2   47    1    9    1    2    0      1112
   11    2    2   48    1    2    1    2    0       748
   11    2    2   49    1   12    2    2    1       751
   11    2    2   50    2    4    0    2    9       914
   11    2    2   51    2   24    0    3    9      1390
   11    2    2   52    2    8    0    2    9      1063
