   21    1    1    1    1   22    3    2    0      2519
   21    1    1    2    1   26    4    3    0      1887
   21    1    1    3    1   12    2    1    0      6573
   21    1    1    4    1    9    2    2    1      3183
   21    1    1    5    1   31    4    1    0      2768
   21    1    1    6    1   25    4    3    0      4987
   21    1    1    7    1   21    3    1    0      5725
   21    1    1    8    1   15    2    2    1      2881
   21    1    1    9    1   28    4    3    0      3872
   21    1    1   10    1    6    1    1    1      3134
   21    1    1   11    1   10    2    2    1      5569
   21    1    1   12    1   19    3    3    1      1811
   21    1    1   13    1    3    1    1    1      2268
   21    1    1   14    1    5    1    2    0      1201
   21    1    2    1    1   31    4    4    1      1456
   21    1    2    2    1   12    2    2    1      2359
   21    1    2    3    1   10    2    2    1      3786
   21    1    2    4    1   21    3    1    0      1907
   21    1    2    5    1    3    1    1    1      1536
   21    1    2    6    1   28    4    4    1      2563
   21    1    2    7    1   19    3    3    1      4542
   21    1    2    8    1    6    1    1    1      1802
   21    1    2    9    1   26    4    3    0       995
   21    1    2   10    1    5    1    1    1      3252
   21    1    2   11    1    9    2    2    1      1251
   21    1    2   12    1   15    2    2    1      1361
   21    1    2   13    1   25    4    4    1      4493
   21    1    2   14    1   22    3    3    1      1274
   21    1    3    1    1   12    2    2    1      1947
   21    1    3    2    1   26    4    4    1      1292
   21    1    3    3    1   15    2    2    1      1179
   21    1    3    4    1   31    4    4    1       653
   21    1    3    5    1    3    1    1    1      1508
   21    1    3    6    1   28    4    4    1      1448
   21    1    3    7    1    5    1    1    1      1247
   21    1    3    8    1   19    3    3    1      1374
   21    1    3    9    1   10    2    2    1      4183
   21    1    3   10    1    9    2    2    1       785
   21    1    3   11    1    6    1    1    1       914
   21    1    3   12    1   22    3    1    0       766
   21    1    3   13    1   21    3    3    1      1096
   21    1    3   14    1   25    4    4    1       846
   21    1    4    1    1   15    2    2    1      9761
   21    1    4    2    1    5    1    1    1       716
   21    1    4    3    1    9    2    2    1      5472
   21    1    4    4    1   19    3    3    1      1398
   21    1    4    5    1   25    4    4    1      1294
   21    1    4    6    1    6    1    1    1      5003
   21    1    4    7    1   28    4    4    1      1972
   21    1    4    8    1   26    4    4    1       839
   21    1    4    9    1   12    2    2    1      3606
   21    1    4   10    1   10    2    2    1      1159
   21    1    4   11    1   22    3    3    1      1865
   21    1    4   12    1   21    3    3    1      1199
   21    1    4   13    1   31    4    4    1      1104
   21    1    4   14    1    3    1    1    1      1781
   21    1    5    1    1    3    1    1    1      2392
   21    1    5    2    1    9    2    2    1       698
   21    1    5    3    1   26    4    4    1       847
   21    1    5    4    1   22    3    3    1       461
   21    1    5    5    1   19    3    3    1       972
   21    1    5    6    1    5    1    1    1      1766
   21    1    5    7    1   15    2    2    1       833
   21    1    5    8    1   25    4    4    1      4464
   21    1    5    9    1   12    2    2    1      1438
   21    1    5   10    1    6    1    1    1      1318
   21    1    5   11    1   10    2    2    1       738
   21    1    5   12    1   21    3    3    1      1093
   21    1    5   13    1   28    4    4    1      1419
   21    1    5   14    1   31    4    4    1       643
   21    1    6    1    1   21    3    3    1      3560
   21    1    6    2    1    5    1    1    1      1451
   21    1    6    3    1   15    2    2    1       898
   21    1    6    4    1   12    2    2    1       943
   21    1    6    5    1   22    3    3    1      4714
   21    1    6    6    1   19    3    3    1      1103
   21    1    6    7    1   26    4    4    1       884
   21    1    6    8    1   10    2    2    1      2898
   21    1    6    9    1   28    4    4    1      9086
   21    1    6   10    1    9    2    2    1      1109
   21    1    6   11    1    6    1    1    1      1290
   21    1    6   12    1   31    4    4    1       840
   21    1    6   13    1    3    1    1    1      3991
   21    1    6   14    1   25    4    4    1      1400
   21    2    1    1    2    8    0    1    9      3483
   21    2    1    2    1   12    2    2    1      2224
   21    2    1    3    1   21    3    3    1      3880
   21    2    1    4    2   24    0    3    9      2638
   21    2    1    5    1    3    1    1    1      5365
   21    2    1    6    2    4    0    1    9      1504
   21    2    1    7    1   21    3    3    1     19876
   21    2    1    8    1   25    4    4    1      2026
   21    2    1    9    1    6    1    1    1      7851
   21    2    1   10    1    9    2    2    1      4147
   21    2    1   11    1   10    2    2    1      2670
   21    2    1   12    1   28    4    4    1      2131
   21    2    1   13    2    8    0    1    9      2560
   21    2    1   14    2   27    0    4    9      7211
   21    2    1   15    2    1    0    1    9      5419
   21    2    1   16    1    5    1    1    1      3685
   21    2    1   17    2   18    0    3    9     13345
   21    2    1   18    2   32    0    4    9      3245
   21    2    1   19    1   31    4    4    1     14748
   21    2    1   20    1    3    1    2    0      1727
   21    2    1   21    1   10    2    2    1      3131
   21    2    1   22    1   15    2    2    1      1887
   21    2    1   23    1   15    2    2    1       821
   21    2    1   24    2   24    0    4    9      2085
   21    2    1   25    1   26    4    4    1      3395
   21    2    1   26    2   14    0    2    9      1709
   21    2    1   27    1    5    1    1    1      3578
   21    2    1   28    1   19    3    3    1      3933
   21    2    1   29    2    7    0    1    9      2288
   21    2    1   30    1    9    2    2    1      4551
   21    2    1   31    2   13    0    2    9      1106
   21    2    1   32    1   25    4    4    1      1319
   21    2    1   33    1   26    4    4    1      1668
   21    2    1   34    1   19    3    3    1      1059
   21    2    1   35    2   11    0    2    9      5514
   21    2    1   36    2   29    0    4    9      2319
   21    2    1   37    2   16    0    2    9      1843
   21    2    1   38    2   30    0    4    9      2587
   21    2    1   39    2   24    0    3    9      1620
   21    2    1   40    2   23    0    3    9      1988
   21    2    1   41    1   28    4    4    1      1334
   21    2    1   42    1   22    3    3    1      2625
   21    2    1   43    1    6    1    1    1      2489
   21    2    1   44    2   20    0    3    9      2262
   21    2    1   45    2    8    0    1    9      2493
   21    2    1   46    2    2    0    1    9      1003
   21    2    1   47    1   31    4    4    1       692
   21    2    1   48    1   12    2    2    1      1002
   21    2    1   49    2    8    0    1    9      1267
   21    2    1   50    1   22    3    3    1     10689
   21    2    1   51    2   17    0    1    9      1880
   21    2    1   52    2   24    0    3    9      1262
   21    2    2    1    1   15    2    2    1      3933
   21    2    2    2    2   13    0    2    9      1696
   21    2    2    3    2   14    0    2    9      1390
   21    2    2    4    1   10    2    2    1       888
   21    2    2    5    1   21    3    3    1      2838
   21    2    2    6    2   24    0    4    9      3126
   21    2    2    7    1   28    4    3    0      1226
   21    2    2    8    2   24    0    3    9         0
   21    2    2    9    2   11    0    2    9      2811
   21    2    2   10    2   16    0    2    9      8413
   21    2    2   11    2    8    0    1    9      1054
   21    2    2   12    1   21    3    3    1      5077
   21    2    2   13    1    6    1    1    1      3515
   21    2    2   14    1   25    4    3    0      1152
   21    2    2   15    2   24    0    3    9      4787
   21    2    2   16    2   17    0    3    9      1877
   21    2    2   17    2    4    0    1    9      1963
   21    2    2   18    2    8    0    2    9      1981
   21    2    2   19    1   10    2    2    1      2414
   21    2    2   20    2    2    0    1    9       975
   21    2    2   21    1    5    1    1    1      6040
   21    2    2   22    2   24    0    3    9      1272
   21    2    2   23    2    7    0    1    9       694
   21    2    2   24    1   22    3    3    1       685
   21    2    2   25    2   29    0    4    9       978
   21    2    2   26    2   23    0    3    9      1388
   21    2    2   27    1    9    2    2    1       934
   21    2    2   28    1   31    4    4    1       705
   21    2    2   29    1   28    4    2    0      4535
   21    2    2   30    1   19    3    1    0      8099
   21    2    2   31    2    8    0    3    9      1519
   21    2    2   32    1   12    2    4    0       884
   21    2    2   33    2   30    0    4    9      1298
   21    2    2   34    1    3    1    1    1      2975
   21    2    2   35    1   26    4    4    1      3162
   21    2    2   36    1   25    4    1    0       157
   21    2    2   37    1   31    4    3    0      1704
   21    2    2   38    1    3    1    1    1      2006
   21    2    2   39    1   12    2    2    1      2359
   21    2    2   40    2   27    0    4    9      1530
   21    2    2   41    2    8    0    1    9      3454
   21    2    2   42    1   22    3    3    1      1733
   21    2    2   43    1    5    1    1    1      6241
   21    2    2   44    2   32    0    4    9      1193
   21    2    2   45    1    9    2    2    1      9147
   21    2    2   46    2    1    0    1    9       783
   21    2    2   47    1   26    4    4    1      3489
   21    2    2   48    2   20    0    3    9      1367
   21    2    2   49    2   18    0    3    9       689
   21    2    2   50    1    6    1    1    1      4919
   21    2    2   51    1   19    3    3    1      1236
   21    2    2   52    1   15    2    4    0      1395
