   23    1    1    1    1   19    4    3    0      4914
   23    1    1    2    1   22    3    2    0      2607
   23    1    1    3    1   15    2    1    0      2304
   23    1    1    4    1   28    4    2    0      1741
   23    1    1    5    1    2    1    4    0      2025
   23    1    1    6    1    7    2    2    1      1778
   23    1    1    7    1   25    3    1    0      1124
   23    1    1    8    1    9    1    3    0      1369
   23    1    1    9    1   23    4    2    0      1195
   23    1    1   10    1   31    4    2    0      2221
   23    1    1   11    1    6    1    2    0      1814
   23    1    1   12    1   12    2    4    0      1486
   23    1    1   13    1    3    2    3    0      1444
   23    1    1   14    1   18    3    2    0      1492
   23    1    2    1    1    6    1    1    1      2171
   23    1    2    2    1    9    1    2    0      1557
   23    1    2    3    1   18    3    4    0      2232
   23    1    2    4    1    2    1    1    1      1017
   23    1    2    5    1   19    4    2    0      1225
   23    1    2    6    1   12    2    3    0       905
   23    1    2    7    1   25    3    3    1      1126
   23    1    2    8    1   28    4    3    0       715
   23    1    2    9    1    7    2    3    0      1431
   23    1    2   10    1   31    4    3    0      1335
   23    1    2   11    1    3    2    1    0       403
   23    1    2   12    1   22    3    2    0      1772
   23    1    2   13    1   23    4    3    0      1087
   23    1    2   14    1   15    2    1    0      1932
   23    1    3    1    1    9    1    1    1      1844
   23    1    3    2    1   25    3    1    0       909
   23    1    3    3    1   28    4    4    1      1266
   23    1    3    4    1   23    4    3    0      1368
   23    1    3    5    1    6    1    1    1       915
   23    1    3    6    1    2    1    2    0      1023
   23    1    3    7    1   22    3    1    0      1344
   23    1    3    8    1   31    4    4    1      1668
   23    1    3    9    1   19    4    3    0      1986
   23    1    3   10    1   18    3    3    1      1117
   23    1    3   11    1    7    2    2    1      1969
   23    1    3   12    1   15    2    2    1      1292
   23    1    3   13    1    3    2    2    1      3522
   23    1    3   14    1   12    2    2    1      4902
   23    1    4    1    1    3    2    3    0      2154
   23    1    4    2    1   19    4    1    0      1918
   23    1    4    3    1    9    1    2    0      1458
   23    1    4    4    1   15    2    3    0      1241
   23    1    4    5    1   18    3    2    0       977
   23    1    4    6    1   31    4    3    0       892
   23    1    4    7    1    2    1    1    1      1274
   23    1    4    8    1   12    2    2    1       936
   23    1    4    9    1    7    2    2    1       732
   23    1    4   10    1   22    3    3    1      1175
   23    1    4   11    1   23    4    4    1       897
   23    1    4   12    1   25    3    3    1       799
   23    1    4   13    1   28    4    4    1       743
   23    1    4   14    1    6    1    1    1      2172
   23    1    5    1    1   22    3    1    0      1883
   23    1    5    2    1    7    2    2    1      1273
   23    1    5    3    1    6    1    2    0      1119
   23    1    5    4    1   19    4    4    1       676
   23    1    5    5    1   25    3    3    1       770
   23    1    5    6    1    9    1    1    1       900
   23    1    5    7    1    3    2    2    1       585
   23    1    5    8    1   31    4    4    1       995
   23    1    5    9    1   15    2    4    0       653
   23    1    5   10    1   23    4    4    1      1500
   23    1    5   11    1   18    3    3    1       729
   23    1    5   12    1    2    1    2    0       653
   23    1    5   13    1   12    2    2    1      1716
   23    1    5   14    1   28    4    4    1       849
   23    1    6    1    1   25    3    1    0       946
   23    1    6    2    1   18    3    3    1      3398
   23    1    6    3    1    2    1    2    0       824
   23    1    6    4    1   19    4    4    1       696
   23    1    6    5    1    6    1    1    1      1118
   23    1    6    6    1    9    1    1    1       650
   23    1    6    7    1   22    3    3    1      1089
   23    1    6    8    1    7    2    4    0       767
   23    1    6    9    1   12    2    2    1      2113
   23    1    6   10    1   23    4    4    1      1158
   23    1    6   11    1    3    2    2    1      2673
   23    1    6   12    1   28    4    4    1       832
   23    1    6   13    1   31    4    4    1       711
   23    1    6   14    1   15    2    2    1       836
   23    1    7    1    1    2    1    2    0      1266
   23    1    7    2    1   28    4    4    1       537
   23    1    7    3    1   18    3    3    1      1452
   23    1    7    4    1   22    3    3    1       883
   23    1    7    5    1   12    2    4    0       585
   23    1    7    6    1    3    2    2    1      1387
   23    1    7    7    1   31    4    4    1      1341
   23    1    7    8    1   25    3    3    1       712
   23    1    7    9    1   23    4    4    1       693
   23    1    7   10    1    7    2    2    1       908
   23    1    7   11    1    6    1    1    1      1105
   23    1    7   12    1    9    1    1    1      1022
   23    1    7   13    1   15    2    2    1      1022
   23    1    7   14    1   19    4    4    1      1311
   23    1    8    1    1   25    3    3    1      2389
   23    1    8    2    1    7    2    2    1      1047
   23    1    8    3    1   28    4    4    1      3014
   23    1    8    4    1   12    2    2    1      1087
   23    1    8    5    1   19    4    4    1      2860
   23    1    8    6    1    2    1    1    1      1092
   23    1    8    7    1   22    3    3    1      1249
   23    1    8    8    1   18    3    3    1      1040
   23    1    8    9    1   31    4    4    1      1769
   23    1    8   10    1    6    1    2    0       819
   23    1    8   11    1   23    4    4    1      3268
   23    1    8   12    1    9    1    1    1       907
   23    1    8   13    1    3    2    2    1       768
   23    1    8   14    1   15    2    2    1      1026
   23    1    9    1    1    2    1    2    0      1055
   23    1    9    2    1   22    3    3    1      1062
   23    1    9    3    1   15    2    2    1      1389
   23    1    9    4    1    9    1    1    1       695
   23    1    9    5    1   28    4    4    1       741
   23    1    9    6    1   25    3    1    0       712
   23    1    9    7    1   12    2    4    0       653
   23    1    9    8    1   31    4    2    0      1244
   23    1    9    9    1    7    2    2    1      2092
   23    1    9   10    1   18    3    3    1      1531
   23    1    9   11    1    6    1    1    1      1399
   23    1    9   12    1   19    4    4    1      1991
   23    1    9   13    1   23    4    4    1       577
   23    1    9   14    1    3    2    2    1       948
   23    1   10    1    1   28    4    4    1      1737
   23    1   10    2    1   25    3    1    0      1820
   23    1   10    3    1   22    3    3    1      1109
   23    1   10    4    1   15    2    2    1      2234
   23    1   10    5    1   18    3    3    1      1562
   23    1   10    6    1    2    1    1    1      2053
   23    1   10    7    1   19    4    4    1      1389
   23    1   10    8    1   23    4    4    1       855
   23    1   10    9    1    7    2    2    1       990
   23    1   10   10    1    3    2    2    1       703
   23    1   10   11    1    9    1    1    1      2597
   23    1   10   12    1   12    2    2    1      2110
   23    1   10   13    1   31    4    4    1      3139
   23    1   10   14    1    6    1    1    1      1271
   23    2    1    1    1    2    1    2    0      1491
   23    2    1    2    2   11    0    2    9      1224
   23    2    1    3    2   32    0    4    9      1032
   23    2    1    4    2   14    0    1    9      2816
   23    2    1    5    2   14    0    1    9      1065
   23    2    1    6    2   30    0    3    9      1191
   23    2    1    7    2    1    0    1    9      1489
   23    2    1    8    1    9    1    1    1       670
   23    2    1    9    1    6    1    1    1      1781
   23    2    1   10    1   15    2    2    1      2479
   23    2    1   11    1    7    2    2    1       869
   23    2    1   12    1   28    4    4    1       803
   23    2    1   13    2   16    0    2    9      1556
   23    2    1   14    2   29    0    3    9      1080
   23    2    1   15    2   10    0    1    9      4294
   23    2    1   16    2   30    0    3    9       908
   23    2    1   17    2   27    0    4    9      1065
   23    2    1   18    2   26    0    3    9       719
   23    2    1   19    1   31    4    4    1       724
   23    2    1   20    2    4    0    2    9       864
   23    2    1   21    1    6    1    1    1      1094
   23    2    1   22    2   14    0    1    9      1764
   23    2    1   23    1    3    2    2    1       934
   23    2    1   24    1   31    4    3    0       930
   23    2    1   25    2   13    0    1    9       774
   23    2    1   26    1   12    2    2    1       912
   23    2    1   27    1   23    4    4    1       830
   23    2    1   28    1   25    3    1    0       918
   23    2    1   29    2   24    0    4    9      1778
   23    2    1   30    1   15    2    2    1       956
   23    2    1   31    2    8    0    2    9      1120
   23    2    1   32    1    7    2    2    1       748
   23    2    1   33    2   30    0    3    9      1207
   23    2    1   34    1   22    3    3    1       616
   23    2    1   35    2    5    0    1    9      1256
   23    2    1   36    1    3    2    2    1      2687
   23    2    1   37    1   23    4    4    1      1101
   23    2    1   38    1   22    3    3    1       706
   23    2    1   39    1   18    3    3    1       775
   23    2    1   40    2   14    0    2    9      2961
   23    2    1   41    1   25    3    3    1      1237
   23    2    1   42    1   12    2    2    1       925
   23    2    1   43    1   19    4    4    1       785
   23    2    1   44    2   17    0    3    9       755
   23    2    1   45    1   28    4    4    1       565
   23    2    1   46    2   20    0    4    9       607
   23    2    1   47    1   19    4    4    1       657
   23    2    1   48    1   18    3    3    1       599
   23    2    1   49    2   30    0    3    9       720
   23    2    1   50    1    9    1    1    1      1077
   23    2    1   51    1    2    1    1    1       763
   23    2    1   52    2   21    0    3    9      1654
   23    2    2    1    1   19    4    4    1       589
   23    2    2    2    1    2    1    1    1      2055
   23    2    2    3    1   18    3    3    1      1198
   23    2    2    4    1   22    3    3    1       615
   23    2    2    5    1   12    2    2    1      1135
   23    2    2    6    1   23    4    4    1      1331
   23    2    2    7    2   30    0    3    9       583
   23    2    2    8    1   28    4    4    1       512
   23    2    2    9    2   10    0    1    9      1453
   23    2    2   10    2   13    0    1    9       772
   23    2    2   11    2   30    0    3    9      1071
   23    2    2   12    2   30    0    3    9       677
   23    2    2   13    2   20    0    4    9      1107
   23    2    2   14    2   14    0    1    9      2377
   23    2    2   15    1    6    1    1    1       899
   23    2    2   16    2   17    0    3    9       856
   23    2    2   17    1    3    2    2    1      2575
   23    2    2   18    1   25    3    3    1       650
   23    2    2   19    2   24    0    4    9       569
   23    2    2   20    1    3    2    2    1      1171
   23    2    2   21    1   25    3    3    1       958
   23    2    2   22    1   31    4    4    1       392
   23    2    2   23    2   27    0    4    9       562
   23    2    2   24    1    9    1    1    1       573
   23    2    2   25    2   11    0    2    9       623
   23    2    2   26    2    8    0    2    9      1511
   23    2    2   27    2   14    0    1    9      1365
   23    2    2   28    1    2    1    1    1       543
   23    2    2   29    1    7    2    1    0       395
   23    2    2   30    2   26    0    3    9      1389
   23    2    2   31    1    9    1    1    1       639
   23    2    2   32    1   28    4    4    1       758
   23    2    2   33    2   21    0    3    9      1497
   23    2    2   34    1   15    2    2    1      2310
   23    2    2   35    1   15    2    2    1       731
   23    2    2   36    2   14    0    2    9      1159
   23    2    2   37    1   12    2    2    1       682
   23    2    2   38    2    4    0    2    9       488
   23    2    2   39    2   29    0    3    9       621
   23    2    2   40    1   19    4    4    1       614
   23    2    2   41    1    7    2    2    1       886
   23    2    2   42    2   32    0    4    9       580
   23    2    2   43    2   30    0    3    9       638
   23    2    2   44    1   18    3    3    1      1094
   23    2    2   45    1   23    4    4    1       595
   23    2    2   46    2    5    0    1    9       725
   23    2    2   47    2   16    0    2    9       786
   23    2    2   48    1    6    1    1    1       595
   23    2    2   49    2   14    0    1    9       525
   23    2    2   50    2    1    0    1    9       385
   23    2    2   51    1   31    4    4    1      1003
   23    2    2   52    1   22    3    3    1       868
