   43    1    1    1    1    6    1    1    1      2906
   43    1    1    2    1    3    2    1    0      1375
   43    1    1    3    1   19    1    2    0       977
   43    1    1    4    1   21    1    1    1      1187
   43    1    1    5    1   12    2    2    1      1684
   43    1    1    6    1    9    1    1    1      1713
   43    1    1    7    1   22    1    2    0      3085
   43    1    1    8    1   15    2    2    1      1355
   43    1    1    9    1   25    2    1    0       966
   43    1    1   10    1   26    2    1    0      1495
   43    1    1   11    1    7    2    2    1       997
   43    1    1   12    1   28    2    2    1      1246
   43    1    1   13    1    2    1    1    1      1805
   43    1    1   14    1   31    2    2    1      1766
   43    1    2    1    1    3    2    2    1      3848
   43    1    2    2    1   31    2    2    1       927
   43    1    2    3    1   19    1    2    0       763
   43    1    2    4    1   12    2    2    1      1109
   43    1    2    5    1   21    1    1    1      1145
   43    1    2    6    1    9    1    1    1       397
   43    1    2    7    1    6    1    1    1      1181
   43    1    2    8    1    2    1    1    1      1311
   43    1    2    9    1    7    2    2    1      1835
   43    1    2   10    1   26    2    1    0      2403
   43    1    2   11    1   15    2    2    1       907
   43    1    2   12    1   22    1    1    1       904
   43    1    2   13    1   25    2    1    0      2133
   43    1    2   14    1   28    2    2    1      1304
   43    1    3    1    1   21    1    1    1      1271
   43    1    3    2    1    2    1    1    1      1109
   43    1    3    3    1   22    1    1    1      1145
   43    1    3    4    1   25    2    1    0       781
   43    1    3    5    1    6    1    1    1      3014
   43    1    3    6    1   26    2    2    1      1198
   43    1    3    7    1   12    2    2    1       511
   43    1    3    8    1    9    1    1    1       939
   43    1    3    9    1   31    2    2    1      2135
   43    1    3   10    1   15    2    2    1      2562
   43    1    3   11    1    3    2    2    1       973
   43    1    3   12    1   19    1    2    0       823
   43    1    3   13    1    7    2    2    1       654
   43    1    3   14    1   28    2    2    1       853
   43    1    4    1    1   19    1    2    0      1329
   43    1    4    2    1    7    2    2    1       933
   43    1    4    3    1    9    1    1    1       656
   43    1    4    4    1   12    2    2    1       423
   43    1    4    5    1   31    2    2    1      1703
   43    1    4    6    1   25    2    1    0      2340
   43    1    4    7    1   15    2    2    1       847
   43    1    4    8    1   26    2    2    1      1950
   43    1    4    9    1    6    1    1    1      1233
   43    1    4   10    1   21    1    1    1      2064
   43    1    4   11    1   22    1    1    1      1902
   43    1    4   12    1   28    2    2    1      1042
   43    1    4   13    1    2    1    1    1      1866
   43    1    4   14    1    3    2    2    1      1424
   43    1    5    1    1    6    1    1    1      2288
   43    1    5    2    1   19    1    2    0      1301
   43    1    5    3    1   26    2    2    1      3146
   43    1    5    4    1   21    1    1    1      1469
   43    1    5    5    1   22    1    1    1      2483
   43    1    5    6    1    7    2    2    1       880
   43    1    5    7    1   25    2    1    0      3934
   43    1    5    8    1   12    2    2    1       665
   43    1    5    9    1    3    2    2    1      2095
   43    1    5   10    1    9    1    2    0      2044
   43    1    5   11    1   28    2    2    1      1028
   43    1    5   12    1    2    1    1    1      1931
   43    1    5   13    1   15    2    2    1      5151
   43    1    5   14    1   31    2    2    1      3154
   43    1    6    1    1   12    2    2    1       828
   43    1    6    2    1   26    2    2    1       476
   43    1    6    3    1   19    1    2    0      2170
   43    1    6    4    1    2    1    1    1      1036
   43    1    6    5    1   31    2    2    1      1412
   43    1    6    6    1   21    1    1    1      3068
   43    1    6    7    1   28    2    2    1       850
   43    1    6    8    1    7    2    2    1      2865
   43    1    6    9    1    9    1    1    1      2415
   43    1    6   10    1    3    2    1    0      3135
   43    1    6   11    1   15    2    2    1      1050
   43    1    6   12    1   25    2    1    0      1249
   43    1    6   13    1    6    1    1    1      1399
   43    1    6   14    1   22    1    1    1      2208
   43    1    7    1    1   15    2    2    1      1322
   43    1    7    2    1   31    2    2    1      1206
   43    1    7    3    1   22    1    1    1      1479
   43    1    7    4    1   19    1    1    1      1133
   43    1    7    5    1   28    2    2    1      4368
   43    1    7    6    1    3    2    1    0      2690
   43    1    7    7    1    6    1    1    1      1055
   43    1    7    8    1    2    1    1    1       806
   43    1    7    9    1   21    1    1    1       598
   43    1    7   10    1   25    2    2    1       943
   43    1    7   11    1   26    2    2    1      2219
   43    1    7   12    1   12    2    2    1       691
   43    1    7   13    1    7    2    2    1      2376
   43    1    7   14    1    9    1    1    1      2042
   43    1    8    1    1   15    2    2    1       928
   43    1    8    2    1    2    1    1    1       989
   43    1    8    3    1   26    2    1    0      2070
   43    1    8    4    1   31    2    2    1       540
   43    1    8    5    1   28    2    2    1       566
   43    1    8    6    1   19    1    1    1       594
   43    1    8    7    1    3    2    1    0      2011
   43    1    8    8    1   12    2    2    1       660
   43    1    8    9    1   22    1    1    1      1242
   43    1    8   10    1    9    1    1    1      2874
   43    1    8   11    1    7    2    2    1      2088
   43    1    8   12    1   25    2    1    0       565
   43    1    8   13    1   21    1    1    1      1079
   43    1    8   14    1    6    1    1    1      1021
   43    1    9    1    1   21    1    1    1      1102
   43    1    9    2    1    9    1    1    1      1603
   43    1    9    3    1   12    2    2    1       804
   43    1    9    4    1   19    1    1    1      2340
   43    1    9    5    1    6    1    1    1      2152
   43    1    9    6    1   15    2    2    1       819
   43    1    9    7    1    3    2    2    1      1522
   43    1    9    8    1    7    2    2    1      1734
   43    1    9    9    1   22    1    1    1      1378
   43    1    9   10    1   25    2    1    0      2476
   43    1    9   11    1    2    1    1    1      1154
   43    1    9   12    1   26    2    2    1      1428
   43    1    9   13    1   28    2    2    1      1004
   43    1    9   14    1   31    2    2    1       757
   43    1   10    1    1    6    1    1    1      1161
   43    1   10    2    1   31    2    2    1      1500
   43    1   10    3    1   25    2    1    0      2944
   43    1   10    4    1    7    2    1    0      2004
   43    1   10    5    1   28    2    2    1       620
   43    1   10    6    1    3    2    1    0       628
   43    1   10    7    1    9    1    1    1      1684
   43    1   10    8    1   21    1    1    1      1649
   43    1   10    9    1   22    1    1    1       720
   43    1   10   10    1   12    2    2    1       532
   43    1   10   11    1    2    1    1    1      1503
   43    1   10   12    1   19    1    1    1      1332
   43    1   10   13    1   15    2    2    1      3999
   43    1   10   14    1   26    2    1    0      1584
   43    2    1    1    1   26    2    2    1      4273
   43    2    1    2    2    4    0    2    9      7830
   43    2    1    3    1    7    2    2    1      4557
   43    2    1    4    1   15    2    2    1       776
   43    2    1    5    1   28    2    2    1       698
   43    2    1    6    2   16    0    2    9       814
   43    2    1    7    1   26    2    2    1      2718
   43    2    1    8    1   15    2    2    1       803
   43    2    1    9    1   21    1    1    1      1123
   43    2    1   10    1   22    1    1    1      8119
   43    2    1   11    2   14    0    2    9      3779
   43    2    1   12    2   24    0    2    9      1517
   43    2    1   13    1   12    2    2    1       961
   43    2    1   14    1   25    2    1    0      2284
   43    2    1   15    1    6    1    1    1      1889
   43    2    1   16    2    8    0    2    9      1702
   43    2    1   17    2   13    0    1    9      2115
   43    2    1   18    1    3    2    2    1      5183
   43    2    1   19    2   11    0    2    9      2608
   43    2    1   20    1    2    1    1    1      1241
   43    2    1   21    2    5    0    1    9       809
   43    2    1   22    2   14    0    2    9      1049
   43    2    1   23    2   24    0    2    9       512
   43    2    1   24    2   29    0    1    9       636
   43    2    1   25    1   12    2    2    1       708
   43    2    1   26    2   17    0    1    9      1145
   43    2    1   27    2    1    0    1    9      3788
   43    2    1   28    2   18    0    1    9      1526
   43    2    1   29    2   24    0    2    9       890
   43    2    1   30    1    9    1    1    1      1335
   43    2    1   31    2   27    0    2    9       802
   43    2    1   32    2   20    0    2    9       932
   43    2    1   33    2   14    0    2    9      1759
   43    2    1   34    1   21    1    1    1      1034
   43    2    1   35    2   10    0    2    9      3409
   43    2    1   36    1   19    1    2    0      2906
   43    2    1   37    1    3    2    2    1       806
   43    2    1   38    2   32    0    2    9       871
   43    2    1   39    1   31    2    2    1       949
   43    2    1   40    1   22    1    1    1      2351
   43    2    1   41    2   30    0    2    9      3682
   43    2    1   42    1    2    1    1    1       880
   43    2    1   43    1   28    2    2    1       717
   43    2    1   44    1   25    2    1    0      1105
   43    2    1   45    1    6    1    1    1      2581
   43    2    1   46    1    9    1    1    1      2255
   43    2    1   47    2   23    0    2    9      1574
   43    2    1   48    1   19    1    1    1      1847
   43    2    1   49    1    7    2    2    1      1038
   43    2    1   50    2   24    0    2    9       838
   43    2    1   51    1   31    2    2    1      1589
   43    2    1   52    2   14    0    2    9      1670
   43    2    2    1    2   10    0    2    9      1172
   43    2    2    2    1    3    2    2    1      2198
   43    2    2    3    1   25    2    1    0      1295
   43    2    2    4    1   15    2    2    1      1100
   43    2    2    5    1   15    2    2    1       769
   43    2    2    6    2   24    0    2    9       627
   43    2    2    7    2   24    0    2    9       491
   43    2    2    8    2   14    0    2    9       664
   43    2    2    9    1   21    1    1    1       958
   43    2    2   10    2   24    0    2    9      1129
   43    2    2   11    1   12    2    2    1      2045
   43    2    2   12    1    2    1    2    0      2476
   43    2    2   13    1   21    1    1    1      1034
   43    2    2   14    2    5    0    1    9       930
   43    2    2   15    1    3    2    2    1      4429
   43    2    2   16    2   27    0    2    9      1197
   43    2    2   17    1   12    2    2    1       541
   43    2    2   18    2   14    0    2    9      1337
   43    2    2   19    1   19    1    1    1       948
   43    2    2   20    1    7    2    2    1      1055
   43    2    2   21    2   29    0    1    9      1541
   43    2    2   22    1   25    2    1    0      2169
   43    2    2   23    2   20    0    2    9       963
   43    2    2   24    2   30    0    2    9       973
   43    2    2   25    2   18    0    1    9      2055
   43    2    2   26    2   32    0    2    9       902
   43    2    2   27    1   22    1    1    1      1586
   43    2    2   28    1   22    1    1    1      1652
   43    2    2   29    1   31    2    2    1      1219
   43    2    2   30    1   28    2    2    1       690
   43    2    2   31    1   31    2    2    1      1496
   43    2    2   32    2   23    0    2    9       860
   43    2    2   33    1   19    1    2    0      3227
   43    2    2   34    2   17    0    1    9      1419
   43    2    2   35    1   28    2    2    1       579
   43    2    2   36    1   26    2    2    1      1437
   43    2    2   37    2    4    0    2    9      1013
   43    2    2   38    2   11    0    2    9      1133
   43    2    2   39    1    2    1    1    1      1264
   43    2    2   40    1   26    2    2    1      4990
   43    2    2   41    1    6    1    1    1      1544
   43    2    2   42    2   14    0    2    9      1115
   43    2    2   43    1    7    2    2    1      1183
   43    2    2   44    2   24    0    2    9       624
   43    2    2   45    2    8    0    2    9       744
   43    2    2   46    2   14    0    2    9       892
   43    2    2   47    1    9    1    1    1      1097
   43    2    2   48    2   16    0    2    9       734
   43    2    2   49    2   13    0    1    9      2449
   43    2    2   50    2    1    0    1    9      1120
   43    2    2   51    1    9    1    1    1      1396
   43    2    2   52    1    6    1    1    1      1437
