   55    1    1    1    1   25    4    2    0     12871
   55    1    1    2    1    3    2    2    1      4417
   55    1    1    3    1   28    4    3    0      4417
   55    1    1    4    1   22    3    2    0      4216
   55    1    1    5    1   12    2    1    0      9017
   55    1    1    6    1    7    2    3    0     19608
   55    1    1    7    1    6    1    1    1      3856
   55    1    1    8    1    2    1    4    0      4887
   55    1    1    9    1   19    3    2    0     20651
   55    1    1   10    1    9    1    3    0     10538
   55    1    1   11    1   15    2    1    0      9629
   55    1    1   12    1   21    3    3    1     13172
   55    1    1   13    1   31    4    1    0     13814
   55    1    1   14    1   26    4    3    0     11990
   55    1    2    1    1   12    2    2    1      9609
   55    1    2    2    1   26    4    1    0      5387
   55    1    2    3    1    7    2    1    0      4604
   55    1    2    4    1    6    1    3    0     25196
   55    1    2    5    1   22    3    1    0      2021
   55    1    2    6    1   19    3    2    0     14028
   55    1    2    7    1    9    1    1    1      2580
   55    1    2    8    1   25    4    1    0       653
   55    1    2    9    1   21    3    4    0      4108
   55    1    2   10    1   31    4    2    0      6576
   55    1    2   11    1   28    4    4    1      3762
   55    1    2   12    1    2    1    1    1     28923
   55    1    2   13    1   15    2    4    0      5064
   55    1    2   14    1    3    2    3    0      3126
   55    1    3    1    1    9    1    3    0     29577
   55    1    3    2    1   28    4    2    0      2996
   55    1    3    3    1    2    1    1    1      3861
   55    1    3    4    1   12    2    2    1      9004
   55    1    3    5    1    6    1    3    0      3924
   55    1    3    6    1   31    4    4    1      4736
   55    1    3    7    1   22    3    1    0      4995
   55    1    3    8    1   25    4    1    0      3012
   55    1    3    9    1   21    3    1    0     10373
   55    1    3   10    1   19    3    3    1      2447
   55    1    3   11    1    3    2    2    1      5741
   55    1    3   12    1   26    4    1    0      8152
   55    1    3   13    1   15    2    2    1     13914
   55    1    3   14    1    7    2    3    0      2702
   55    1    4    1    1   26    4    3    0     13798
   55    1    4    2    1    2    1    3    0      4535
   55    1    4    3    1   22    3    1    0      2666
   55    1    4    4    1   15    2    2    1      2680
   55    1    4    5    1    3    2    4    0      6797
   55    1    4    6    1   31    4    3    0      2774
   55    1    4    7    1    7    2    3    0      2288
   55    1    4    8    1   28    4    4    1      3229
   55    1    4    9    1    9    1    1    1      4301
   55    1    4   10    1   19    3    1    0      3729
   55    1    4   11    1   12    2    4    0      7189
   55    1    4   12    1   25    4    1    0      2638
   55    1    4   13    1    6    1    3    0     11677
   55    1    4   14    1   21    3    3    1      2531
   55    1    5    1    1   28    4    2    0      2627
   55    1    5    2    1   15    2    2    1      1843
   55    1    5    3    1    6    1    1    1      1899
   55    1    5    4    1   31    4    4    1      3439
   55    1    5    5    1   21    3    3    1      2550
   55    1    5    6    1    2    1    3    0     11361
   55    1    5    7    1   26    4    3    0      2947
   55    1    5    8    1   22    3    1    0      2566
   55    1    5    9    1    9    1    2    0      4456
   55    1    5   10    1   19    3    3    1      2383
   55    1    5   11    1   25    4    2    0      2400
   55    1    5   12    1    7    2    4    0     15800
   55    1    5   13    1    3    2    3    0      2425
   55    1    5   14    1   12    2    4    0      9856
   55    1    6    1    1   22    3    1    0      2211
   55    1    6    2    1    6    1    1    1      2851
   55    1    6    3    1    2    1    4    0      3810
   55    1    6    4    1   21    3    3    1      2435
   55    1    6    5    1   26    4    2    0      7234
   55    1    6    6    1    7    2    2    1      1721
   55    1    6    7    1    9    1    3    0      9701
   55    1    6    8    1    3    2    2    1      4154
   55    1    6    9    1   12    2    4    0      7364
   55    1    6   10    1   15    2    4    0      1734
   55    1    6   11    1   25    4    1    0      4985
   55    1    6   12    1   28    4    4    1      3338
   55    1    6   13    1   31    4    2    0      4870
   55    1    6   14    1   19    3    2    0      4891
   55    1    7    1    1   31    4    4    1      2552
   55    1    7    2    1   21    3    1    0     14305
   55    1    7    3    1   15    2    2    1      2336
   55    1    7    4    1    2    1    3    0      3731
   55    1    7    5    1   26    4    2    0      6181
   55    1    7    6    1   25    4    3    0      3336
   55    1    7    7    1    9    1    3    0      3002
   55    1    7    8    1   28    4    2    0      1980
   55    1    7    9    1    7    2    3    0      1797
   55    1    7   10    1   22    3    1    0      2086
   55    1    7   11    1    6    1    1    1      2107
   55    1    7   12    1   12    2    2    1     23783
   55    1    7   13    1    3    2    4    0     11344
   55    1    7   14    1   19    3    2    0      2820
   55    1    8    1    1    9    1    3    0      3001
   55    1    8    2    1    7    2    3    0     20361
   55    1    8    3    1    6    1    1    1      1779
   55    1    8    4    1    3    2    3    0      2686
   55    1    8    5    1   26    4    2    0      7563
   55    1    8    6    1   21    3    1    0      1877
   55    1    8    7    1    2    1    3    0      6051
   55    1    8    8    1   25    4    2    0      2265
   55    1    8    9    1   31    4    2    0      1959
   55    1    8   10    1   22    3    1    0      2466
   55    1    8   11    1   12    2    2    1      2712
   55    1    8   12    1   28    4    4    1      2524
   55    1    8   13    1   15    2    2    1      4665
   55    1    8   14    1   19    3    1    0      3679
   55    1    9    1    1    2    1    2    0     10757
   55    1    9    2    1   15    2    3    0      2720
   55    1    9    3    1    7    2    4    0      2348
   55    1    9    4    1    6    1    1    1      1831
   55    1    9    5    1   26    4    2    0      7998
   55    1    9    6    1   21    3    2    0      8646
   55    1    9    7    1    3    2    3    0      2341
   55    1    9    8    1   22    3    1    0      2865
   55    1    9    9    1   12    2    2    1      1831
   55    1    9   10    1   31    4    4    1      1934
   55    1    9   11    1   19    3    1    0      3538
   55    1    9   12    1   25    4    3    0      2077
   55    1    9   13    1    9    1    3    0      1891
   55    1    9   14    1   28    4    2    0      1904
   55    1   10    1    1   22    3    2    0      3505
   55    1   10    2    1   31    4    2    0      2461
   55    1   10    3    1    3    2    1    0      7157
   55    1   10    4    1   25    4    4    1      3519
   55    1   10    5    1    2    1    1    1      3316
   55    1   10    6    1    7    2    3    0      4000
   55    1   10    7    1   26    4    4    1      2136
   55    1   10    8    1    6    1    1    1      2068
   55    1   10    9    1   21    3    3    1      9985
   55    1   10   10    1   15    2    2    1      3555
   55    1   10   11    1   28    4    4    1      1638
   55    1   10   12    1    9    1    3    0      2678
   55    1   10   13    1   19    3    3    1      1349
   55    1   10   14    1   12    2    4    0      3934
   55    2    1    1    2   30    0    3    9      8806
   55    2    1    2    1   22    3    1    0      1814
   55    2    1    3    1   28    4    2    0      5085
   55    2    1    4    2    4    0    3    9      4500
   55    2    1    5    1   12    2    4    0      4001
   55    2    1    6    1   31    4    4    1      3026
   55    2    1    7    1    3    2    2    1      4490
   55    2    1    8    1    6    1    1    1      1992
   55    2    1    9    1    9    1    4    0      2394
   55    2    1   10    2    5    0    1    9      5436
   55    2    1   11    1    9    1    4    0      8898
   55    2    1   12    1   26    4    4    1      3168
   55    2    1   13    1   19    3    3    1      3457
   55    2    1   14    1   26    4    2    0      9417
   55    2    1   15    2   18    0    2    9      2433
   55    2    1   16    1   12    2    2    1      3632
   55    2    1   17    1   28    4    2    0      2191
   55    2    1   18    2   16    0    4    9      2425
   55    2    1   19    1    6    1    1    1      1994
   55    2    1   20    2   13    0    4    9      2748
   55    2    1   21    1   21    3    2    0      2382
   55    2    1   22    1    3    2    1    0      2832
   55    2    1   23    1   31    4    4    1      2047
   55    2    1   24    1   15    2    2    1      2974
   55    2    1   25    2   23    0    1    9      3160
   55    2    1   26    2   29    0    3    9      2491
   55    2    1   27    1   25    4    4    1      5577
   55    2    1   28    2   17    0    2    9      3467
   55    2    1   29    2   14    0    3    9      1602
   55    2    1   30    2   14    0    3    9      2274
   55    2    1   31    1   19    3    1    0      2617
   55    2    1   32    1   25    4    1    0      2401
   55    2    1   33    2   20    0    4    9      1890
   55    2    1   34    1    7    2    2    1      2360
   55    2    1   35    2   32    0    1    9      2060
   55    2    1   36    2   14    0    2    9      4394
   55    2    1   37    2   10    0    1    9      3660
   55    2    1   38    2   11    0    1    9      1995
   55    2    1   39    1    2    1    1    1      3324
   55    2    1   40    2   27    0    1    9      1608
   55    2    1   41    1    7    2    3    0      3146
   55    2    1   42    2   24    0    1    9      2204
   55    2    1   43    2   14    0    1    9      1798
   55    2    1   44    1   15    2    4    0      5855
   55    2    1   45    1   22    3    1    0      2182
   55    2    1   46    2   24    0    1    9      2592
   55    2    1   47    2   24    0    1    9       987
   55    2    1   48    2    1    0    1    9      1876
   55    2    1   49    1    2    1    2    0      2794
   55    2    1   50    2   24    0    4    9      5515
   55    2    1   51    1   21    3    2    0      2959
   55    2    1   52    2    8    0    1    9      1707
   55    2    2    1    1   28    4    2    0      2456
   55    2    2    2    1   25    4    1    0      2726
   55    2    2    3    1    7    2    2    1      2058
   55    2    2    4    2   30    0    1    9      1912
   55    2    2    5    2   24    0    4    9      2557
   55    2    2    6    1   22    3    1    0      1656
   55    2    2    7    1    7    2    3    0      2151
   55    2    2    8    2    4    0    2    9      1250
   55    2    2    9    2    1    0    1    9      2017
   55    2    2   10    1   28    4    4    1      2209
   55    2    2   11    2   14    0    1    9      1721
   55    2    2   12    2   32    0    1    9      1526
   55    2    2   13    1    9    1    3    0      3402
   55    2    2   14    1    3    2    1    0      1747
   55    2    2   15    2   14    0    1    9      3326
   55    2    2   16    1    2    1    2    0      7354
   55    2    2   17    1    6    1    1    1      1445
   55    2    2   18    1   21    3    2    0      1900
   55    2    2   19    2   20    0    4    9      2002
   55    2    2   20    2   18    0    1    9      4659
   55    2    2   21    2   11    0    1    9      1546
   55    2    2   22    2   24    0    4    9      2317
   55    2    2   23    1   12    2    4    0      2241
   55    2    2   24    2    5    0    1    9      1961
   55    2    2   25    2   13    0    1    9      1757
   55    2    2   26    1   31    4    2    0      2552
   55    2    2   27    1   15    2    2    1      2387
   55    2    2   28    1   25    4    2    0      2517
   55    2    2   29    2   16    0    1    9      1874
   55    2    2   30    1   21    3    1    0      1704
   55    2    2   31    1    9    1    3    0      2052
   55    2    2   32    1   12    2    4    0      1778
   55    2    2   33    2   24    0    1    9      1549
   55    2    2   34    1    3    2    3    0      2257
   55    2    2   35    1   26    4    4    1      2263
   55    2    2   36    1   26    4    2    0      2669
   55    2    2   37    1   31    4    4    1      1908
   55    2    2   38    2   14    0    1    9      2008
   55    2    2   39    1   19    3    2    0      2601
   55    2    2   40    2   23    0    2    9      1810
   55    2    2   41    1    2    1    3    0      1612
   55    2    2   42    1    6    1    1    1      1676
   55    2    2   43    2    8    0    4    9      1851
   55    2    2   44    1   19    3    2    0      1778
   55    2    2   45    1   22    3    1    0      2157
   55    2    2   46    2   10    0    2    9      2696
   55    2    2   47    2   14    0    4    9      4877
   55    2    2   48    2   29    0    4    9      2796
   55    2    2   49    2   24    0    2    9      5229
   55    2    2   50    1   15    2    4    0      1341
   55    2    2   51    2   17    0    1    9      2824
   55    2    2   52    2   27    0    1    9      1880
