   23    1    1    1    1   26    2    1    0      5367
   23    1    1    2    1   21    1    2    0      2948
   23    1    1    3    1   31    2    2    1      5920
   23    1    1    4    1   25    2    1    0       869
   23    1    1    5    1    2    1    2    0      4267
   23    1    1    6    1   28    2    2    1      1586
   23    1    1    7    1   15    2    1    0      1348
   23    1    1    8    1   12    2    2    1      1335
   23    1    1    9    1    7    2    2    1      2627
   23    1    1   10    1    3    2    2    1       955
   23    1    1   11    1   19    1    1    1      2030
   23    1    1   12    1    9    1    2    0      2551
   23    1    1   13    1   22    1    2    0      3322
   23    1    1   14    1    6    1    2    0      1127
   23    1    2    1    1   28    2    1    0      2936
   23    1    2    2    1   31    2    2    1      1869
   23    1    2    3    1   25    2    1    0      2035
   23    1    2    4    1   15    2    2    1      2939
   23    1    2    5    1    2    1    2    0      1455
   23    1    2    6    1   12    2    2    1      1086
   23    1    2    7    1   19    1    2    0      1068
   23    1    2    8    1   22    1    1    1      1058
   23    1    2    9    1    3    2    2    1      1857
   23    1    2   10    1   21    1    1    1       872
   23    1    2   11    1    6    1    1    1      1015
   23    1    2   12    1    7    2    2    1      1167
   23    1    2   13    1    9    1    2    0      3673
   23    1    2   14    1   26    2    1    0       912
   23    1    3    1    1   15    2    2    1      4266
   23    1    3    2    1    6    1    1    1       937
   23    1    3    3    1   31    2    1    0      3037
   23    1    3    4    1    3    2    2    1       797
   23    1    3    5    1   12    2    2    1       790
   23    1    3    6    1   19    1    2    0      1296
   23    1    3    7    1   22    1    1    1       990
   23    1    3    8    1    7    2    2    1       975
   23    1    3    9    1   26    2    1    0       874
   23    1    3   10    1   21    1    1    1      1264
   23    1    3   11    1    9    1    1    1      1726
   23    1    3   12    1    2    1    1    1      5347
   23    1    3   13    1   25    2    1    0      1399
   23    1    3   14    1   28    2    2    1      3136
   23    1    4    1    1   31    2    1    0      3626
   23    1    4    2    1    6    1    1    1      8522
   23    1    4    3    1    3    2    2    1      1776
   23    1    4    4    1   28    2    2    1      1466
   23    1    4    5    1   22    1    1    1      2177
   23    1    4    6    1   21    1    2    0      4787
   23    1    4    7    1   25    2    1    0      2885
   23    1    4    8    1    2    1    1    1      1195
   23    1    4    9    1   12    2    2    1       877
   23    1    4   10    1   26    2    1    0      4587
   23    1    4   11    1   19    1    1    1      5078
   23    1    4   12    1    9    1    1    1     10204
   23    1    4   13    1    7    2    2    1      2343
   23    1    4   14    1   15    2    2    1      2059
   23    1    5    1    1    3    2    2    1      2701
   23    1    5    2    1   19    1    1    1      2234
   23    1    5    3    1   21    1    1    1     15282
   23    1    5    4    1    9    1    2    0      2250
   23    1    5    5    1    2    1    1    1      2801
   23    1    5    6    1   28    2    2    1      1250
   23    1    5    7    1   15    2    2    1      4105
   23    1    5    8    1   26    2    1    0      6230
   23    1    5    9    1    7    2    2    1      5383
   23    1    5   10    1   25    2    1    0      1634
   23    1    5   11    1   22    1    1    1      1586
   23    1    5   12    1    6    1    1    1       812
   23    1    5   13    1   12    2    2    1       996
   23    1    5   14    1   31    2    1    0      3638
   23    1    6    1    1   26    2    1    0      1634
   23    1    6    2    1   31    2    2    1      2146
   23    1    6    3    1   25    2    2    1      2678
   23    1    6    4    1    7    2    2    1      1885
   23    1    6    5    1   15    2    2    1      2259
   23    1    6    6    1   21    1    2    0      3946
   23    1    6    7    1    2    1    1    1       974
   23    1    6    8    1   28    2    2    1      1025
   23    1    6    9    1    9    1    2    0      1761
   23    1    6   10    1   19    1    1    1      2628
   23    1    6   11    1   12    2    2    1       669
   23    1    6   12    1    3    2    2    1      1388
   23    1    6   13    1    6    1    1    1      1030
   23    1    6   14    1   22    1    1    1       910
   23    1    7    1    1    9    1    2    0      2052
   23    1    7    2    1    2    1    1    1       747
   23    1    7    3    1    6    1    1    1       678
   23    1    7    4    1   26    2    1    0       509
   23    1    7    5    1    3    2    2    1       914
   23    1    7    6    1   15    2    2    1       862
   23    1    7    7    1   31    2    1    0      1781
   23    1    7    8    1    7    2    2    1       615
   23    1    7    9    1   21    1    1    1      2175
   23    1    7   10    1   28    2    2    1       826
   23    1    7   11    1   12    2    2    1      2090
   23    1    7   12    1   19    1    2    0      2600
   23    1    7   13    1   22    1    1    1      1129
   23    1    7   14    1   25    2    1    0      2333
   23    1    8    1    1   21    1    2    0     13468
   23    1    8    2    1   28    2    2    1      3380
   23    1    8    3    1    9    1    2    0      1326
   23    1    8    4    1    6    1    1    1      2651
   23    1    8    5    1   31    2    2    1      2226
   23    1    8    6    1   22    1    1    1      1603
   23    1    8    7    1   15    2    2    1      1332
   23    1    8    8    1    3    2    2    1      1160
   23    1    8    9    1   25    2    1    0      3243
   23    1    8   10    1   26    2    1    0      1371
   23    1    8   11    1   12    2    2    1      2893
   23    1    8   12    1    7    2    2    1       571
   23    1    8   13    1   19    1    2    0      1141
   23    1    8   14    1    2    1    1    1      1369
   23    1    9    1    1    3    2    2    1      1394
   23    1    9    2    1    7    2    2    1       916
   23    1    9    3    1    9    1    2    0      1336
   23    1    9    4    1   15    2    2    1      5068
   23    1    9    5    1   31    2    1    0      6012
   23    1    9    6    1   28    2    2    1      2246
   23    1    9    7    1   21    1    1    1      1861
   23    1    9    8    1   25    2    1    0      1093
   23    1    9    9    1   19    1    2    0      5146
   23    1    9   10    1    6    1    1    1       854
   23    1    9   11    1   26    2    1    0      1341
   23    1    9   12    1   12    2    2    1       881
   23    1    9   13    1   22    1    1    1      1022
   23    1    9   14    1    2    1    1    1       831
   23    1   10    1    1   15    2    2    1      1067
   23    1   10    2    1   28    2    2    1       490
   23    1   10    3    1    9    1    2    0      1399
   23    1   10    4    1   25    2    2    1      1360
   23    1   10    5    1    2    1    1    1       876
   23    1   10    6    1   31    2    1    0      2203
   23    1   10    7    1   12    2    2    1       652
   23    1   10    8    1   21    1    2    0      1355
   23    1   10    9    1   19    1    2    0      1630
   23    1   10   10    1    7    2    2    1       822
   23    1   10   11    1   22    1    1    1       871
   23    1   10   12    1    6    1    1    1      1350
   23    1   10   13    1   26    2    2    1      1409
   23    1   10   14    1    3    2    2    1      1314
   23    2    1    1    1   31    2    2    1      3052
   23    2    1    2    1   25    2    1    0      3514
   23    2    1    3    1   12    2    2    1       687
   23    2    1    4    1    2    1    1    1       861
   23    2    1    5    1    6    1    1    1       652
   23    2    1    6    1   15    2    2    1       883
   23    2    1    7    2    1    0    2    9      1952
   23    2    1    8    1   19    1    1    1      3691
   23    2    1    9    2    5    0    2    9      2506
   23    2    1   10    1    7    2    2    1      1575
   23    2    1   11    2   13    0    1    9      2769
   23    2    1   12    2   10    0    1    9      1556
   23    2    1   13    2   14    0    2    9      3263
   23    2    1   14    1   19    1    1    1      1430
   23    2    1   15    1   21    1    1    1      1830
   23    2    1   16    1   26    2    1    0      2366
   23    2    1   17    2   14    0    2    9      1760
   23    2    1   18    2    4    0    2    9      2612
   23    2    1   19    1   12    2    2    1       429
   23    2    1   20    2   14    0    2    9      2021
   23    2    1   21    2   32    0    2    9      1582
   23    2    1   22    1    2    1    1    1      1592
   23    2    1   23    2   24    0    2    9      1291
   23    2    1   24    2   27    0    1    9      3056
   23    2    1   25    2   30    0    2    9      1424
   23    2    1   26    2   24    0    2    9      1624
   23    2    1   27    2   20    0    2    9       728
   23    2    1   28    1   26    2    1    0      1869
   23    2    1   29    2   17    0    1    9       971
   23    2    1   30    2   18    0    1    9      2069
   23    2    1   31    1   28    2    2    1       972
   23    2    1   32    1   22    1    1    1       806
   23    2    1   33    2   24    0    2    9       735
   23    2    1   34    1    9    1    2    0      1436
   23    2    1   35    1   21    1    2    0      1636
   23    2    1   36    2    8    0    2    9       572
   23    2    1   37    1    7    2    2    1       902
   23    2    1   38    1    9    1    1    1      1659
   23    2    1   39    1   31    2    2    1       722
   23    2    1   40    1    6    1    1    1       998
   23    2    1   41    2   16    0    2    9       863
   23    2    1   42    2   14    0    2    9      1814
   23    2    1   43    2   23    0    2    9      4278
   23    2    1   44    1   15    2    2    1      1253
   23    2    1   45    2   11    0    2    9       757
   23    2    1   46    1   22    1    1    1       920
   23    2    1   47    1   25    2    1    0      1140
   23    2    1   48    1    3    2    2    1      1192
   23    2    1   49    1    3    2    2    1       562
   23    2    1   50    2   24    0    2    9       541
   23    2    1   51    2   29    0    2    9      1417
   23    2    1   52    1   28    2    2    1       745
   23    2    2    1    1   15    2    2    1       805
   23    2    2    2    1   12    2    2    1       694
   23    2    2    3    1    6    1    1    1      1020
   23    2    2    4    1   26    2    1    0       557
   23    2    2    5    2   24    0    2    9       928
   23    2    2    6    2   23    0    1    9      1436
   23    2    2    7    2   14    0    2    9      1580
   23    2    2    8    1    2    1    1    1      1678
   23    2    2    9    1   19    1    2    0      3693
   23    2    2   10    2   32    0    2    9       691
   23    2    2   11    2   14    0    2    9      1832
   23    2    2   12    1   22    1    1    1      1960
   23    2    2   13    2   16    0    2    9       835
   23    2    2   14    1    2    1    1    1      1043
   23    2    2   15    1   15    2    2    1       794
   23    2    2   16    2   14    0    1    9       988
   23    2    2   17    2   10    0    2    9      3046
   23    2    2   18    1   22    1    1    1      2014
   23    2    2   19    1    7    2    2    1      1014
   23    2    2   20    2   27    0    2    9       903
   23    2    2   21    2   13    0    2    9      2716
   23    2    2   22    1   21    1    2    0      1880
   23    2    2   23    1    7    2    2    1       854
   23    2    2   24    1   28    2    2    1      1061
   23    2    2   25    1   21    1    1    1       900
   23    2    2   26    2    1    0    1    9       809
   23    2    2   27    2   14    0    2    9      1082
   23    2    2   28    2   24    0    2    9       584
   23    2    2   29    2   11    0    2    9       857
   23    2    2   30    1    3    2    2    1       704
   23    2    2   31    1   25    2    2    1      1757
   23    2    2   32    1   28    2    2    1       728
   23    2    2   33    1    3    2    2    1       709
   23    2    2   34    2   18    0    1    9       833
   23    2    2   35    1    9    1    2    0      1457
   23    2    2   36    1   31    2    2    1      4976
   23    2    2   37    2   17    0    1    9      1035
   23    2    2   38    1   26    2    2    1      1306
   23    2    2   39    2    4    0    2    9       856
   23    2    2   40    1    6    1    1    1      1223
   23    2    2   41    1   25    2    2    1      1192
   23    2    2   42    2   30    0    2    9      1577
   23    2    2   43    1   12    2    2    1      1620
   23    2    2   44    2   24    0    2    9       468
   23    2    2   45    2   24    0    2    9       586
   23    2    2   46    2    8    0    2    9      1012
   23    2    2   47    1   19    1    1    1      2293
   23    2    2   48    1    9    1    1    1      1979
   23    2    2   49    2   20    0    2    9       750
   23    2    2   50    1   31    2    2    1      1912
   23    2    2   51    2    5    0    1    9      3125
   23    2    2   52    2   29    0    2    9      1378
