   57    1    1    1    1   31    4    2    0     17718
   57    1    1    2    1    2    1    1    1      5448
   57    1    1    3    1   15    2    4    0      3918
   57    1    1    4    1    6    1    3    0      5641
   57    1    1    5    1   22    3    2    0      3248
   57    1    1    6    1    7    2    3    0      6295
   57    1    1    7    1   25    4    2    0      2228
   57    1    1    8    1   12    2    3    0     13364
   57    1    1    9    1    3    2    1    0      4102
   57    1    1   10    1   21    3    2    0      7642
   57    1    1   11    1    9    1    3    0      2929
   57    1    1   12    1   19    3    3    1      3445
   57    1    1   13    1   26    4    4    1      6172
   57    1    1   14    1   28    4    1    0      4326
   57    1    2    1    1   28    4    4    1      3535
   57    1    2    2    1    9    1    3    0      4898
   57    1    2    3    1   15    2    3    0      4583
   57    1    2    4    1    2    1    1    1      7752
   57    1    2    5    1   22    3    3    1      3714
   57    1    2    6    1    6    1    1    1      3326
   57    1    2    7    1   12    2    3    0     13770
   57    1    2    8    1    7    2    2    1      3564
   57    1    2    9    1   21    3    1    0      3870
   57    1    2   10    1    3    2    2    1      5116
   57    1    2   11    1   19    3    1    0      6672
   57    1    2   12    1   25    4    1    0      5965
   57    1    2   13    1   26    4    4    1      2135
   57    1    2   14    1   31    4    4    1      2450
   57    1    3    1    1    3    2    3    0     23262
   57    1    3    2    1   28    4    4    1      5972
   57    1    3    3    1   25    4    1    0      9606
   57    1    3    4    1   26    4    4    1      1838
   57    1    3    5    1   19    3    2    0      6021
   57    1    3    6    1   12    2    3    0      5485
   57    1    3    7    1    6    1    1    1      3322
   57    1    3    8    1   15    2    2    1      2903
   57    1    3    9    1   31    4    4    1      3443
   57    1    3   10    1    7    2    3    0      2410
   57    1    3   11    1    2    1    2    0      2803
   57    1    3   12    1   21    3    2    0      5163
   57    1    3   13    1    9    1    2    0      6100
   57    1    3   14    1   22    3    2    0      3737
   57    1    4    1    1   31    4    4    1      3109
   57    1    4    2    1   21    3    1    0      1497
   57    1    4    3    1   22    3    3    1     19094
   57    1    4    4    1   15    2    2    1      4667
   57    1    4    5    1   25    4    3    0      3777
   57    1    4    6    1   19    3    3    1      5747
   57    1    4    7    1    2    1    1    1      7437
   57    1    4    8    1   26    4    4    1      7972
   57    1    4    9    1   12    2    2    1      3239
   57    1    4   10    1    7    2    1    0      5622
   57    1    4   11    1    9    1    2    0      3214
   57    1    4   12    1    6    1    1    1      5942
   57    1    4   13    1   28    4    4    1      3257
   57    1    4   14    1    3    2    1    0      7207
   57    1    5    1    1   12    2    2    1      2067
   57    1    5    2    1   19    3    3    1     11009
   57    1    5    3    1    9    1    1    1      3178
   57    1    5    4    1    6    1    1    1      8060
   57    1    5    5    1   25    4    4    1      4682
   57    1    5    6    1   31    4    4    1      1663
   57    1    5    7    1    3    2    2    1      1950
   57    1    5    8    1    7    2    2    1      2288
   57    1    5    9    1   28    4    4    1      1686
   57    1    5   10    1   26    4    4    1      4019
   57    1    5   11    1   15    2    2    1      1714
   57    1    5   12    1   22    3    1    0     12254
   57    1    5   13    1   21    3    3    1      4669
   57    1    5   14    1    2    1    1    1      2595
   57    1    6    1    1   31    4    4    1      2075
   57    1    6    2    1    7    2    2    1      2282
   57    1    6    3    1   21    3    3    1      2303
   57    1    6    4    1    9    1    1    1      4468
   57    1    6    5    1   25    4    4    1      1618
   57    1    6    6    1   28    4    4    1      1298
   57    1    6    7    1    2    1    1    1      2062
   57    1    6    8    1    3    2    2    1      1901
   57    1    6    9    1   19    3    3    1      2241
   57    1    6   10    1    6    1    1    1      2425
   57    1    6   11    1   15    2    2    1      3433
   57    1    6   12    1   22    3    3    1      2016
   57    1    6   13    1   12    2    2    1      6416
   57    1    6   14    1   26    4    3    0      6528
   57    1    7    1    1   12    2    2    1      2002
   57    1    7    2    1    3    2    2    1      1027
   57    1    7    3    1   22    3    3    1      1099
   57    1    7    4    1   21    3    3    1      1183
   57    1    7    5    1   26    4    4    1      1041
   57    1    7    6    1   31    4    4    1       904
   57    1    7    7    1    2    1    1    1      1077
   57    1    7    8    1    7    2    2    1      1018
   57    1    7    9    1   15    2    2    1      1458
   57    1    7   10    1   25    4    4    1      1241
   57    1    7   11    1    6    1    1    1      2392
   57    1    7   12    1   28    4    4    1      1593
   57    1    7   13    1    9    1    1    1      2011
   57    1    7   14    1   19    3    3    1      2428
   57    1    8    1    1    6    1    1    1      4882
   57    1    8    2    1   22    3    3    1      1999
   57    1    8    3    1    7    2    2    1      1120
   57    1    8    4    1    9    1    1    1      1059
   57    1    8    5    1   19    3    3    1      1306
   57    1    8    6    1   12    2    2    1      1446
   57    1    8    7    1   25    4    4    1      1869
   57    1    8    8    1    2    1    1    1      1475
   57    1    8    9    1   31    4    4    1      1721
   57    1    8   10    1   15    2    2    1      1557
   57    1    8   11    1   26    4    4    1      3511
   57    1    8   12    1   21    3    3    1      2156
   57    1    8   13    1   28    4    4    1      1206
   57    1    8   14    1    3    2    2    1      1847
   57    1    9    1    1    2    1    1    1      2264
   57    1    9    2    1   25    4    4    1      1518
   57    1    9    3    1   21    3    3    1      1553
   57    1    9    4    1   19    3    3    1      1716
   57    1    9    5    1   22    3    3    1      1040
   57    1    9    6    1   15    2    2    1      1320
   57    1    9    7    1   12    2    2    1       947
   57    1    9    8    1    6    1    1    1       862
   57    1    9    9    1   26    4    4    1      1629
   57    1    9   10    1    9    1    1    1      1437
   57    1    9   11    1   28    4    4    1      1268
   57    1    9   12    1    7    2    2    1      2818
   57    1    9   13    1   31    4    4    1      3554
   57    1    9   14    1    3    2    2    1      1428
   57    2    1    1    1   19    3    3    1      4608
   57    2    1    2    1   26    4    4    1      2247
   57    2    1    3    1   28    4    4    1       814
   57    2    1    4    2   16    0    2    9      1214
   57    2    1    5    2    1    0    1    9      2974
   57    2    1    6    2   24    0    3    9      2664
   57    2    1    7    1   19    3    3    1      2222
   57    2    1    8    2   27    0    4    9      2310
   57    2    1    9    1   22    3    3    1      2186
   57    2    1   10    1    9    1    1    1      1331
   57    2    1   11    1   31    4    4    1      1455
   57    2    1   12    2    5    0    1    9      2597
   57    2    1   13    2   17    0    3    9      2078
   57    2    1   14    2   23    0    3    9      4348
   57    2    1   15    1   15    2    2    1      4431
   57    2    1   16    2   24    0    3    9      2206
   57    2    1   17    2    8    0    2    9      8390
   57    2    1   18    2   10    0    1    9     16279
   57    2    1   19    1    2    1    1    1      2876
   57    2    1   20    1    2    1    1    1       714
   57    2    1   21    2   30    0    4    9      2015
   57    2    1   22    2   24    0    3    9      1758
   57    2    1   23    1   21    3    3    1      2569
   57    2    1   24    1   28    4    4    1      1475
   57    2    1   25    2   29    0    4    9      1625
   57    2    1   26    2   14    0    1    9      1337
   57    2    1   27    2   20    0    3    9      6068
   57    2    1   28    1   22    3    3    1      8658
   57    2    1   29    2    4    0    2    9      1992
   57    2    1   30    2   11    0    2    9      1226
   57    2    1   31    2   24    0    3    9      1082
   57    2    1   32    2   18    0    3    9      1519
   57    2    1   33    1   15    2    2    1      1779
   57    2    1   34    1    3    2    2    1       861
   57    2    1   35    2   14    0    1    9      1691
   57    2    1   36    2   13    0    1    9      2057
   57    2    1   37    1   25    4    4    1      2663
   57    2    1   38    1   12    2    2    1      1933
   57    2    1   39    1   12    2    2    1      1169
   57    2    1   40    1   26    4    4    1      1667
   57    2    1   41    1   21    3    3    1      2337
   57    2    1   42    1   31    4    4    1      2435
   57    2    1   43    1   25    4    4    1      1555
   57    2    1   44    1    7    2    2    1      1062
   57    2    1   45    2   14    0    1    9       972
   57    2    1   46    2   14    0    1    9      1654
   57    2    1   47    1    6    1    1    1      1221
   57    2    1   48    1    6    1    1    1      2213
   57    2    1   49    1    3    2    2    1      1213
   57    2    1   50    2   32    0    4    9      1756
   57    2    1   51    1    7    2    2    1      1319
   57    2    1   52    1    9    1    1    1      1971
   57    2    2    1    1   19    3    3    1      1942
   57    2    2    2    1   15    2    2    1      3050
   57    2    2    3    1    3    2    2    1      6400
   57    2    2    4    2    4    0    2    9      1249
   57    2    2    5    1   21    3    3    1      2047
   57    2    2    6    1    7    2    2    1      3502
   57    2    2    7    1    9    1    1    1      1507
   57    2    2    8    1   22    3    3    1      3335
   57    2    2    9    1   31    4    4    1      1570
   57    2    2   10    1   31    4    4    1       868
   57    2    2   11    2   29    0    4    9      1666
   57    2    2   12    2    5    0    1    9      1264
   57    2    2   13    2   14    0    1    9      2446
   57    2    2   14    1    3    2    2    1      5661
   57    2    2   15    2   16    0    2    9      3675
   57    2    2   16    2   20    0    3    9      2985
   57    2    2   17    1    6    1    1    1     10418
   57    2    2   18    2   18    0    3    9      1090
   57    2    2   19    1   25    4    4    1      1208
   57    2    2   20    1   28    4    4    1      6664
   57    2    2   21    2   23    0    3    9      1006
   57    2    2   22    2   27    0    4    9      1591
   57    2    2   23    2   24    0    3    9      1336
   57    2    2   24    2    8    0    2    9      1139
   57    2    2   25    2   14    0    1    9      1910
   57    2    2   26    1   28    4    4    1      2683
   57    2    2   27    2    1    0    1    9      1136
   57    2    2   28    1   12    2    2    1      1236
   57    2    2   29    1    9    1    1    1       979
   57    2    2   30    1    2    1    1    1      1101
   57    2    2   31    2   11    0    2    9      1185
   57    2    2   32    1   26    4    4    1      2691
   57    2    2   33    1   21    3    3    1      2216
   57    2    2   34    1    2    1    1    1      1504
   57    2    2   35    1   12    2    2    1      1349
   57    2    2   36    2   24    0    3    9      1807
   57    2    2   37    1   26    4    4    1       824
   57    2    2   38    1   25    4    4    1      1304
   57    2    2   39    1   22    3    3    1      1349
   57    2    2   40    1    6    1    1    1      1215
   57    2    2   41    2   30    0    4    9      1087
   57    2    2   42    2   14    0    1    9      1460
   57    2    2   43    2   32    0    4    9      2027
   57    2    2   44    1   15    2    2    1      1179
   57    2    2   45    2   10    0    1    9      1165
   57    2    2   46    2   17    0    3    9      1247
   57    2    2   47    2   24    0    3    9      1677
   57    2    2   48    2   14    0    1    9      1163
   57    2    2   49    2   13    0    1    9      1469
   57    2    2   50    2   24    0    3    9      1267
   57    2    2   51    1    7    2    2    1       977
   57    2    2   52    1   19    3    3    1      1563
