   34    1    1    1    1    7    2    1    0      9413
   34    1    1    2    1   26    4    2    0      2970
   34    1    1    3    1   22    3    4    0      2428
   34    1    1    4    1   31    4    2    0      5556
   34    1    1    5    1   21    3    1    0      1679
   34    1    1    6    1   25    4    3    0      2005
   34    1    1    7    1    9    1    4    0      3325
   34    1    1    8    1   19    3    3    1      6081
   34    1    1    9    1   15    2    3    0      3887
   34    1    1   10    1   28    4    4    1      1004
   34    1    1   11    1    3    2    3    0       965
   34    1    1   12    1   12    2    4    0      4567
   34    1    1   13    1    6    1    2    0      3049
   34    1    1   14    1    2    1    1    1       983
   34    1    2    1    1    7    2    3    0      3483
   34    1    2    2    1    9    1    1    1      1576
   34    1    2    3    1   25    4    2    0      2411
   34    1    2    4    1    2    1    2    0      1363
   34    1    2    5    1    6    1    3    0      2213
   34    1    2    6    1   19    3    3    1      1125
   34    1    2    7    1   22    3    4    0      4377
   34    1    2    8    1   15    2    2    1      1043
   34    1    2    9    1   31    4    4    1      1962
   34    1    2   10    1   26    4    3    0      1197
   34    1    2   11    1   28    4    4    1       886
   34    1    2   12    1    3    2    2    1      1891
   34    1    2   13    1   12    2    1    0      2520
   34    1    2   14    1   21    3    3    1      2268
   34    1    3    1    1   15    2    2    1      5448
   34    1    3    2    1   21    3    3    1      1248
   34    1    3    3    1   28    4    4    1      1646
   34    1    3    4    1   25    4    3    0      2237
   34    1    3    5    1    2    1    2    0      3180
   34    1    3    6    1   31    4    3    0      3126
   34    1    3    7    1    7    2    2    1      1650
   34    1    3    8    1    9    1    1    1      1008
   34    1    3    9    1   26    4    4    1      2472
   34    1    3   10    1   12    2    2    1      3287
   34    1    3   11    1   19    3    3    1      1893
   34    1    3   12    1    6    1    2    0      2202
   34    1    3   13    1   22    3    3    1      1595
   34    1    3   14    1    3    2    2    1      3676
   34    1    4    1    1   31    4    3    0      2645
   34    1    4    2    1   26    4    3    0       853
   34    1    4    3    1   25    4    3    0      1835
   34    1    4    4    1    3    2    2    1      1387
   34    1    4    5    1    9    1    1    1      1347
   34    1    4    6    1    6    1    2    0      1599
   34    1    4    7    1   28    4    4    1      2616
   34    1    4    8    1   19    3    3    1      7488
   34    1    4    9    1   12    2    2    1      4069
   34    1    4   10    1    7    2    2    1      2899
   34    1    4   11    1   21    3    3    1      5215
   34    1    4   12    1    2    1    2    0      3151
   34    1    4   13    1   15    2    2    1      2042
   34    1    4   14    1   22    3    3    1      3929
   34    1    5    1    1   22    3    3    1      1548
   34    1    5    2    1   26    4    4    1      4495
   34    1    5    3    1    7    2    2    1      2572
   34    1    5    4    1   25    4    3    0      1318
   34    1    5    5    1   19    3    3    1      2202
   34    1    5    6    1   12    2    2    1      2195
   34    1    5    7    1    6    1    1    1      7052
   34    1    5    8    1   31    4    3    0      2515
   34    1    5    9    1   21    3    3    1      1527
   34    1    5   10    1   15    2    2    1      1579
   34    1    5   11    1    3    2    2    1      1708
   34    1    5   12    1   28    4    4    1      1417
   34    1    5   13    1    2    1    1    1      3153
   34    1    5   14    1    9    1    1    1       836
   34    1    6    1    1   19    3    3    1      1150
   34    1    6    2    1   25    4    3    0       784
   34    1    6    3    1   28    4    4    1      2538
   34    1    6    4    1    7    2    2    1      1253
   34    1    6    5    1   12    2    2    1       980
   34    1    6    6    1    9    1    1    1       701
   34    1    6    7    1    3    2    2    1      1698
   34    1    6    8    1   31    4    3    0      3102
   34    1    6    9    1   15    2    2    1      1643
   34    1    6   10    1   21    3    4    0      1978
   34    1    6   11    1    2    1    2    0      1396
   34    1    6   12    1   22    3    3    1       789
   34    1    6   13    1    6    1    2    0      3686
   34    1    6   14    1   26    4    4    1      2860
   34    1    7    1    1   15    2    2    1      5998
   34    1    7    2    1   28    4    4    1      1440
   34    1    7    3    1   19    3    3    1      1719
   34    1    7    4    1    3    2    1    0       836
   34    1    7    5    1    6    1    2    0      2827
   34    1    7    6    1   21    3    4    0      1235
   34    1    7    7    1    2    1    2    0      5962
   34    1    7    8    1   22    3    3    1      1461
   34    1    7    9    1   12    2    2    1      1739
   34    1    7   10    1   25    4    4    1      1463
   34    1    7   11    1    9    1    1    1       909
   34    1    7   12    1   26    4    3    0      3657
   34    1    7   13    1    7    2    2    1      3472
   34    1    7   14    1   31    4    4    1      1526
   34    1    8    1    1    3    2    2    1      8114
   34    1    8    2    1   21    3    3    1      3934
   34    1    8    3    1   19    3    4    0      1729
   34    1    8    4    1   26    4    4    1      1333
   34    1    8    5    1   28    4    3    0      3344
   34    1    8    6    1   15    2    2    1      1171
   34    1    8    7    1   31    4    4    1      1525
   34    1    8    8    1   25    4    4    1      1433
   34    1    8    9    1    2    1    2    0      1313
   34    1    8   10    1   12    2    2    1      2021
   34    1    8   11    1    9    1    1    1      1829
   34    1    8   12    1    6    1    2    0      1421
   34    1    8   13    1   22    3    4    0      9453
   34    1    8   14    1    7    2    2    1      1564
   34    1    9    1    1   19    3    3    1      4461
   34    1    9    2    1    3    2    2    1      2044
   34    1    9    3    1   31    4    4    1      1579
   34    1    9    4    1   12    2    1    0       861
   34    1    9    5    1    2    1    1    1      3460
   34    1    9    6    1   28    4    4    1      1115
   34    1    9    7    1   21    3    3    1      2750
   34    1    9    8    1    7    2    2    1      4401
   34    1    9    9    1   26    4    3    0      1506
   34    1    9   10    1   25    4    3    0      1134
   34    1    9   11    1    9    1    1    1      1930
   34    1    9   12    1   15    2    2    1      1389
   34    1    9   13    1   22    3    3    1      1686
   34    1    9   14    1    6    1    2    0      1172
   34    1   10    1    1    7    2    3    0      1288
   34    1   10    2    1   28    4    4    1      3422
   34    1   10    3    1   19    3    3    1       678
   34    1   10    4    1   21    3    3    1       732
   34    1   10    5    1    2    1    2    0       879
   34    1   10    6    1    9    1    1    1       837
   34    1   10    7    1   12    2    3    0       804
   34    1   10    8    1   25    4    3    0       733
   34    1   10    9    1   22    3    4    0       712
   34    1   10   10    1   26    4    4    1      1173
   34    1   10   11    1   31    4    4    1       663
   34    1   10   12    1    6    1    2    0      1965
   34    1   10   13    1    3    2    2    1      1063
   34    1   10   14    1   15    2    2    1      1117
   34    2    1    1    1   21    3    3    1      3197
   34    2    1    2    1    3    2    2    1      1549
   34    2    1    3    2   24    0    4    9      1200
   34    2    1    4    2   24    0    4    9      2097
   34    2    1    5    2   14    0    2    9       942
   34    2    1    6    1    6    1    2    0      1800
   34    2    1    7    2   23    0    3    9      1121
   34    2    1    8    1   12    2    2    1      1301
   34    2    1    9    2   14    0    2    9      1282
   34    2    1   10    1    7    2    2    1      1215
   34    2    1   11    1   26    4    4    1      1871
   34    2    1   12    1   12    2    2    1      1141
   34    2    1   13    2    1    0    1    9       889
   34    2    1   14    1   28    4    3    0      1142
   34    2    1   15    2   11    0    2    9      2377
   34    2    1   16    1    2    1    1    1       827
   34    2    1   17    2   32    0    4    9      1419
   34    2    1   18    1    7    2    1    0      4435
   34    2    1   19    1   22    3    3    1       739
   34    2    1   20    2   29    0    4    9      1046
   34    2    1   21    2   20    0    3    9       765
   34    2    1   22    2   30    0    4    9      3055
   34    2    1   23    1   15    2    2    1       854
   34    2    1   24    1    9    1    1    1       709
   34    2    1   25    2   24    0    3    9       937
   34    2    1   26    1   21    3    3    1       964
   34    2    1   27    2   24    0    4    9       622
   34    2    1   28    2    8    0    2    9       966
   34    2    1   29    1   15    2    1    0      1680
   34    2    1   30    1   19    3    3    1       734
   34    2    1   31    2   14    0    2    9      1169
   34    2    1   32    1    2    1    1    1      3299
   34    2    1   33    2    4    0    2    9       736
   34    2    1   34    2    5    0    3    9       995
   34    2    1   35    1   31    4    4    1       748
   34    2    1   36    1   26    4    4    1       655
   34    2    1   37    1   25    4    4    1       838
   34    2    1   38    1   19    3    3    1      1445
   34    2    1   39    2   17    0    3    9       620
   34    2    1   40    1    3    2    2    1       996
   34    2    1   41    1   22    3    4    0      1917
   34    2    1   42    2   16    0    2    9       897
   34    2    1   43    2   27    0    4    9      1086
   34    2    1   44    2   10    0    2    9      2275
   34    2    1   45    1    6    1    2    0       521
   34    2    1   46    1   25    4    3    0       597
   34    2    1   47    2   18    0    3    9       622
   34    2    1   48    2   14    0    2    9      1222
   34    2    1   49    1    9    1    2    0       774
   34    2    1   50    2   13    0    2    9      1176
   34    2    1   51    1   31    4    4    1      1082
   34    2    1   52    1   28    4    4    1       703
   34    2    2    1    2   17    0    3    9       660
   34    2    2    2    2   32    0    4    9       954
   34    2    2    3    1   15    2    2    1       741
   34    2    2    4    2   24    0    4    9       776
   34    2    2    5    2   13    0    1    9       842
   34    2    2    6    1   19    3    2    0       714
   34    2    2    7    2   24    0    4    9       430
   34    2    2    8    1    7    2    2    1      1149
   34    2    2    9    2   27    0    4    9       688
   34    2    2   10    2   16    0    2    9      1045
   34    2    2   11    2   24    0    4    9       716
   34    2    2   12    1   31    4    3    0       640
   34    2    2   13    1   28    4    4    1       744
   34    2    2   14    1    6    1    2    0       731
   34    2    2   15    1   21    3    3    1      1534
   34    2    2   16    1   21    3    3    1       625
   34    2    2   17    2   14    0    2    9       874
   34    2    2   18    2   18    0    4    9       855
   34    2    2   19    2   14    0    3    9      1430
   34    2    2   20    1    7    2    2    1      3773
   34    2    2   21    1   12    2    2    1       983
   34    2    2   22    1    3    2    2    1       593
   34    2    2   23    1   26    4    3    0      1275
   34    2    2   24    1   25    4    4    1      1465
   34    2    2   25    2    4    0    2    9      2639
   34    2    2   26    1    9    1    1    1       966
   34    2    2   27    1    3    2    1    0      1888
   34    2    2   28    2   24    0    3    9       757
   34    2    2   29    1   26    4    4    1       792
   34    2    2   30    1   25    4    4    1       761
   34    2    2   31    1    2    1    2    0      1084
   34    2    2   32    1    9    1    1    1       785
   34    2    2   33    1    2    1    2    0      1395
   34    2    2   34    1   28    4    4    1       636
   34    2    2   35    2   14    0    1    9      1155
   34    2    2   36    1   22    3    4    0      1126
   34    2    2   37    1   22    3    3    1      2378
   34    2    2   38    2   23    0    4    9       620
   34    2    2   39    1   15    2    2    1       660
   34    2    2   40    2   29    0    3    9       731
   34    2    2   41    2   20    0    4    9       398
   34    2    2   42    1   19    3    3    1       463
   34    2    2   43    1   12    2    2    1       685
   34    2    2   44    1    6    1    2    0      1011
   34    2    2   45    2   10    0    1    9       683
   34    2    2   46    2    5    0    3    9      1617
   34    2    2   47    2   30    0    4    9       497
   34    2    2   48    2   11    0    2    9      1165
   34    2    2   49    2    8    0    2    9      1055
   34    2    2   50    2    1    0    1    9       598
   34    2    2   51    1   31    4    4    1       671
   34    2    2   52    2   14    0    2    9      1013
