   31    1    1    1    1   23    4    3    0     26766
   31    1    1    2    1   18    3    1    0      4525
   31    1    1    3    1    2    1    3    0      1681
   31    1    1    4    1    7    2    4    0      1398
   31    1    1    5    1   15    2    3    0      9254
   31    1    1    6    1    6    1    2    0      1260
   31    1    1    7    1   28    4    2    0      2883
   31    1    1    8    1   31    4    1    0      2680
   31    1    1    9    1   19    4    4    1      1845
   31    1    1   10    1    3    2    4    0       845
   31    1    1   11    1   12    2    3    0      3348
   31    1    1   12    1   25    3    4    0      3015
   31    1    1   13    1   22    3    4    0      5430
   31    1    1   14    1    9    1    1    1      2389
   31    1    2    1    1   22    3    2    0      3471
   31    1    2    2    1    7    2    4    0      2157
   31    1    2    3    1    9    1    1    1      1184
   31    1    2    4    1   18    3    3    1      4609
   31    1    2    5    1   28    4    2    0      1146
   31    1    2    6    1   31    4    3    0      3733
   31    1    2    7    1    6    1    2    0      1256
   31    1    2    8    1    3    2    4    0      7151
   31    1    2    9    1    2    1    2    0      3097
   31    1    2   10    1   15    2    1    0      1622
   31    1    2   11    1   23    4    3    0      6430
   31    1    2   12    1   19    4    1    0      3349
   31    1    2   13    1   12    2    2    1      2792
   31    1    2   14    1   25    3    2    0       649
   31    1    3    1    1    9    1    4    0      7377
   31    1    3    2    1   18    3    2    0      2788
   31    1    3    3    1   25    3    1    0      4397
   31    1    3    4    1    3    2    3    0      2309
   31    1    3    5    1   22    3    3    1     42209
   31    1    3    6    1   23    4    3    0      1082
   31    1    3    7    1   12    2    2    1      2632
   31    1    3    8    1   28    4    3    0      2207
   31    1    3    9    1   31    4    3    0       943
   31    1    3   10    1   19    4    1    0      1202
   31    1    3   11    1    6    1    2    0      1099
   31    1    3   12    1    2    1    2    0       872
   31    1    3   13    1    7    2    4    0       653
   31    1    3   14    1   15    2    3    0       284
   31    1    4    1    1   28    4    3    0      7854
   31    1    4    2    1    3    2    1    0      2508
   31    1    4    3    1   22    3    2    0      1825
   31    1    4    4    1    6    1    4    0      4881
   31    1    4    5    1    9    1    2    0      3734
   31    1    4    6    1   25    3    4    0      2522
   31    1    4    7    1   31    4    4    1      6221
   31    1    4    8    1   23    4    3    0      5221
   31    1    4    9    1    7    2    4    0      3853
   31    1    4   10    1   19    4    1    0       924
   31    1    4   11    1   18    3    2    0       112
   31    1    4   12    1    2    1    3    0       340
   31    1    4   13    1   15    2    3    0      9487
   31    1    4   14    1   12    2    3    0      4413
   31    1    5    1    1    9    1    2    0      7242
   31    1    5    2    1   28    4    1    0      3553
   31    1    5    3    1   23    4    2    0      9035
   31    1    5    4    1    2    1    4    0      8474
   31    1    5    5    1    7    2    4    0      4800
   31    1    5    6    1   31    4    4    1      2041
   31    1    5    7    1   12    2    3    0      1480
   31    1    5    8    1   19    4    1    0      3541
   31    1    5    9    1   15    2    3    0      3457
   31    1    5   10    1    3    2    2    1      2063
   31    1    5   11    1    6    1    1    1      4029
   31    1    5   12    1   22    3    3    1      2109
   31    1    5   13    1   18    3    3    1      2586
   31    1    5   14    1   25    3    1    0      1811
   31    1    6    1    1   31    4    1    0      4154
   31    1    6    2    1   19    4    2    0      3804
   31    1    6    3    1   18    3    3    1      3005
   31    1    6    4    1   25    3    1    0      1846
   31    1    6    5    1   15    2    4    0      2341
   31    1    6    6    1    6    1    1    1      2240
   31    1    6    7    1    2    1    1    1      1479
   31    1    6    8    1   28    4    1    0      2237
   31    1    6    9    1   12    2    4    0      1340
   31    1    6   10    1    3    2    1    0      3151
   31    1    6   11    1   22    3    3    1      1386
   31    1    6   12    1    7    2    2    1       755
   31    1    6   13    1    9    1    2    0       934
   31    1    6   14    1   23    4    4    1      1161
   31    1    7    1    1    9    1    1    1      1337
   31    1    7    2    1    3    2    2    1      2756
   31    1    7    3    1   18    3    4    0      1815
   31    1    7    4    1   31    4    4    1      1127
   31    1    7    5    1    2    1    1    1       874
   31    1    7    6    1    6    1    1    1       665
   31    1    7    7    1    7    2    2    1      1679
   31    1    7    8    1   23    4    4    1      1292
   31    1    7    9    1   28    4    4    1       842
   31    1    7   10    1   12    2    3    0      1497
   31    1    7   11    1   19    4    4    1      1366
   31    1    7   12    1   15    2    2    1      1391
   31    1    7   13    1   22    3    3    1      1801
   31    1    7   14    1   25    3    2    0      2609
   31    1    8    1    1   23    4    4    1      8394
   31    1    8    2    1    3    2    2    1      1276
   31    1    8    3    1    2    1    1    1      1002
   31    1    8    4    1    7    2    2    1      1043
   31    1    8    5    1    9    1    1    1      1066
   31    1    8    6    1   12    2    2    1      2000
   31    1    8    7    1   25    3    1    0      2081
   31    1    8    8    1    6    1    1    1      1126
   31    1    8    9    1   18    3    3    1      1738
   31    1    8   10    1   15    2    2    1      4229
   31    1    8   11    1   22    3    3    1      2429
   31    1    8   12    1   31    4    1    0      2173
   31    1    8   13    1   28    4    4    1      1295
   31    1    8   14    1   19    4    4    1      1532
   31    1    9    1    1   19    4    4    1      2992
   31    1    9    2    1   12    2    2    1      3961
   31    1    9    3    1   25    3    2    0      1916
   31    1    9    4    1    6    1    1    1      1832
   31    1    9    5    1   28    4    4    1      2350
   31    1    9    6    1    9    1    1    1      1394
   31    1    9    7    1    2    1    1    1      2603
   31    1    9    8    1   18    3    3    1      3717
   31    1    9    9    1   15    2    1    0      1569
   31    1    9   10    1    3    2    2    1      2267
   31    1    9   11    1    7    2    2    1      1697
   31    1    9   12    1   22    3    4    0      3485
   31    1    9   13    1   23    4    4    1      2491
   31    1    9   14    1   31    4    4    1      1224
   31    1   10    1    1   22    3    3    1      4724
   31    1   10    2    1   31    4    4    1      1976
   31    1   10    3    1    2    1    1    1      1434
   31    1   10    4    1   23    4    4    1      1329
   31    1   10    5    1   15    2    2    1      4189
   31    1   10    6    1    7    2    2    1      1189
   31    1   10    7    1   18    3    3    1      1656
   31    1   10    8    1   25    3    1    0      3510
   31    1   10    9    1    3    2    2    1      7827
   31    1   10   10    1   19    4    4    1      2476
   31    1   10   11    1   28    4    4    1      1082
   31    1   10   12    1    9    1    1    1      4623
   31    1   10   13    1   12    2    3    0      2758
   31    1   10   14    1    6    1    1    1      1969
   31    2    1    1    2   13    0    1    9      2147
   31    2    1    2    1   15    2    2    1      1532
   31    2    1    3    1   22    3    3    1      2608
   31    2    1    4    1    3    2    2    1      2152
   31    2    1    5    2   17    0    3    9      5635
   31    2    1    6    1    2    1    1    1      1618
   31    2    1    7    2   24    0    4    9      1826
   31    2    1    8    2   14    0    1    9      1338
   31    2    1    9    1   22    3    3    1      1573
   31    2    1   10    1    7    2    2    1      1159
   31    2    1   11    1   18    3    3    1      1386
   31    2    1   12    2   11    0    2    9      1155
   31    2    1   13    2   10    0    1    9      1206
   31    2    1   14    1   28    4    4    1      1478
   31    2    1   15    1   31    4    4    1      1308
   31    2    1   16    2   16    0    3    9      1369
   31    2    1   17    1   19    4    4    1       979
   31    2    1   18    1    3    2    2    1      1661
   31    2    1   19    1    9    1    1    1       892
   31    2    1   20    1    6    1    1    1       921
   31    2    1   21    1    9    1    1    1       757
   31    2    1   22    2   14    0    1    9       567
   31    2    1   23    1    6    1    1    1      1281
   31    2    1   24    2   30    0    3    9      2238
   31    2    1   25    1   28    4    4    1      1494
   31    2    1   26    1   23    4    4    1      1275
   31    2    1   27    2   20    0    4    9       985
   31    2    1   28    2   30    0    3    9     21458
   31    2    1   29    1    7    2    2    1       873
   31    2    1   30    2    5    0    1    9      2534
   31    2    1   31    2    8    0    3    9      1042
   31    2    1   32    1   15    2    2    1      1081
   31    2    1   33    2   14    0    1    9       783
   31    2    1   34    2   29    0    3    9      2080
   31    2    1   35    2   30    0    3    9      1453
   31    2    1   36    1    2    1    1    1       931
   31    2    1   37    2   27    0    4    9      1487
   31    2    1   38    1   18    3    3    1      1268
   31    2    1   39    2   21    0    3    9      3394
   31    2    1   40    1   12    2    3    0      1291
   31    2    1   41    1   12    2    3    0      5704
   31    2    1   42    2   26    0    3    9      1781
   31    2    1   43    2   32    0    4    9      1870
   31    2    1   44    2   30    0    3    9      1140
   31    2    1   45    2    1    0    1    9      1367
   31    2    1   46    1   25    3    3    1      1746
   31    2    1   47    2    4    0    2    9      1293
   31    2    1   48    1   25    3    2    0      2026
   31    2    1   49    2   14    0    1    9      1338
   31    2    1   50    1   31    4    4    1      1621
   31    2    1   51    1   23    4    4    1       917
   31    2    1   52    1   19    4    4    1       657
   31    2    2    1    1   12    2    3    0      3128
   31    2    2    2    1    7    2    2    1      1180
   31    2    2    3    2   20    0    4    9      1181
   31    2    2    4    1   12    2    2    1      1038
   31    2    2    5    2   29    0    3    9      1190
   31    2    2    6    2   30    0    3    9      1303
   31    2    2    7    1   25    3    3    1      1172
   31    2    2    8    1   23    4    4    1       997
   31    2    2    9    2    1    0    2    9       989
   31    2    2   10    2   14    0    1    9      1767
   31    2    2   11    1   28    4    4    1      2257
   31    2    2   12    2   16    0    2    9      2119
   31    2    2   13    1   15    2    2    1      1795
   31    2    2   14    2   24    0    4    9      1373
   31    2    2   15    1   18    3    3    1      3046
   31    2    2   16    1    9    1    1    1      1565
   31    2    2   17    2   26    0    3    9      9279
   31    2    2   18    1    6    1    1    1      1789
   31    2    2   19    1   28    4    4    1      1254
   31    2    2   20    1   15    2    1    0      1445
   31    2    2   21    2   27    0    4    9      2700
   31    2    2   22    2   30    0    3    9      2752
   31    2    2   23    2   30    0    3    9      1203
   31    2    2   24    1    2    1    1    1      1940
   31    2    2   25    2    5    0    1    9       519
   31    2    2   26    1    3    2    2    1      1491
   31    2    2   27    1   19    4    4    1      1192
   31    2    2   28    2   14    0    1    9      1369
   31    2    2   29    2    4    0    2    9      4275
   31    2    2   30    2   32    0    4    9      1481
   31    2    2   31    1   18    3    3    1      1886
   31    2    2   32    1   31    4    4    1      1187
   31    2    2   33    1   25    3    3    1      2965
   31    2    2   34    1    3    2    2    1      1838
   31    2    2   35    2    8    0    1    9      1142
   31    2    2   36    1    2    1    1    1      1001
   31    2    2   37    1    9    1    1    1       769
   31    2    2   38    1   22    3    3    1      2100
   31    2    2   39    2   11    0    1    9      1632
   31    2    2   40    2   14    0    1    9       927
   31    2    2   41    2   21    0    3    9      2812
   31    2    2   42    1   22    3    4    0      1068
   31    2    2   43    1    7    2    2    1     27553
   31    2    2   44    2   14    0    1    9      1316
   31    2    2   45    1   19    4    4    1      1792
   31    2    2   46    1   23    4    4    1       793
   31    2    2   47    2   10    0    1    9      1051
   31    2    2   48    1   31    4    4    1      1873
   31    2    2   49    2   30    0    3    9      1591
   31    2    2   50    2   17    0    3    9      1049
   31    2    2   51    1    6    1    1    1      1119
   31    2    2   52    2   13    0    1    9      1011
