   44    1    1    1    1   21    3    1    0      9566
   44    1    1    2    1   15    2    1    0      2064
   44    1    1    3    1    2    1    2    0      2278
   44    1    1    4    1    3    2    2    1      2340
   44    1    1    5    1   22    3    3    1      1336
   44    1    1    6    1   28    4    4    1      1011
   44    1    1    7    1   31    4    4    1      1899
   44    1    1    8    1    7    2    3    0      1345
   44    1    1    9    1   26    4    3    0      1652
   44    1    1   10    1   19    3    2    0      1834
   44    1    1   11    1   12    2    3    0      2187
   44    1    1   12    1    9    1    1    1      1724
   44    1    1   13    1    6    1    3    0      2376
   44    1    1   14    1   25    4    2    0      2514
   44    1    2    1    1    7    2    3    0      5766
   44    1    2    2    1   25    4    4    1      2184
   44    1    2    3    1   31    4    4    1      1730
   44    1    2    4    1    9    1    4    0      2653
   44    1    2    5    1   26    4    2    0      4556
   44    1    2    6    1   28    4    3    0      5359
   44    1    2    7    1   19    3    3    1      1395
   44    1    2    8    1    3    2    2    1      2764
   44    1    2    9    1   12    2    4    0      2047
   44    1    2   10    1   22    3    2    0      4246
   44    1    2   11    1    6    1    3    0      2789
   44    1    2   12    1   21    3    1    0      3168
   44    1    2   13    1    2    1    2    0      2538
   44    1    2   14    1   15    2    4    0      2189
   44    1    3    1    1    7    2    2    1      3332
   44    1    3    2    1   22    3    3    1      1984
   44    1    3    3    1   19    3    3    1      1265
   44    1    3    4    1    6    1    1    1      2047
   44    1    3    5    1   31    4    4    1      2303
   44    1    3    6    1   25    4    4    1      2228
   44    1    3    7    1   15    2    1    0      1405
   44    1    3    8    1    9    1    2    0      1166
   44    1    3    9    1    3    2    2    1      1495
   44    1    3   10    1    2    1    1    1       828
   44    1    3   11    1   26    4    3    0      3660
   44    1    3   12    1   12    2    2    1      1395
   44    1    3   13    1   21    3    3    1      1004
   44    1    3   14    1   28    4    4    1      1046
   44    1    4    1    1   12    2    2    1      2509
   44    1    4    2    1    2    1    1    1       842
   44    1    4    3    1    6    1    1    1       793
   44    1    4    4    1   22    3    3    1      1163
   44    1    4    5    1   28    4    4    1       750
   44    1    4    6    1   19    3    4    0      1584
   44    1    4    7    1   31    4    4    1      1129
   44    1    4    8    1    3    2    2    1      1885
   44    1    4    9    1   25    4    4    1      4275
   44    1    4   10    1    9    1    1    1      2906
   44    1    4   11    1   15    2    2    1       967
   44    1    4   12    1   26    4    3    0      1714
   44    1    4   13    1    7    2    2    1      1399
   44    1    4   14    1   21    3    3    1      1840
   44    1    5    1    1   26    4    3    0      1159
   44    1    5    2    1   31    4    4    1      1314
   44    1    5    3    1    7    2    2    1      1405
   44    1    5    4    1    9    1    1    1      1383
   44    1    5    5    1   25    4    4    1      1504
   44    1    5    6    1    6    1    1    1      1797
   44    1    5    7    1   21    3    3    1      4638
   44    1    5    8    1   15    2    1    0      1271
   44    1    5    9    1   28    4    4    1      1916
   44    1    5   10    1   22    3    3    1      1441
   44    1    5   11    1    2    1    1    1      1737
   44    1    5   12    1   19    3    3    1      7172
   44    1    5   13    1   12    2    2    1      2086
   44    1    5   14    1    3    2    2    1      1061
   44    1    6    1    1   28    4    4    1      6298
   44    1    6    2    1   25    4    4    1      1439
   44    1    6    3    1    7    2    2    1      1974
   44    1    6    4    1    9    1    1    1       936
   44    1    6    5    1   22    3    3    1      1988
   44    1    6    6    1   21    3    3    1      1925
   44    1    6    7    1   26    4    4    1      1145
   44    1    6    8    1    3    2    2    1      2348
   44    1    6    9    1    2    1    1    1       912
   44    1    6   10    1   19    3    3    1      1580
   44    1    6   11    1   15    2    2    1      1550
   44    1    6   12    1    6    1    1    1      1682
   44    1    6   13    1   31    4    4    1      2048
   44    1    6   14    1   12    2    2    1      1503
   44    1    7    1    1   25    4    4    1      7332
   44    1    7    2    1    6    1    1    1      9343
   44    1    7    3    1   31    4    4    1      1211
   44    1    7    4    1   19    3    3    1      1741
   44    1    7    5    1   15    2    2    1      1256
   44    1    7    6    1   21    3    3    1      1592
   44    1    7    7    1   22    3    3    1      1146
   44    1    7    8    1    7    2    2    1      1101
   44    1    7    9    1    2    1    1    1      1138
   44    1    7   10    1   26    4    4    1      3141
   44    1    7   11    1    9    1    1    1      1129
   44    1    7   12    1   12    2    2    1      1325
   44    1    7   13    1   28    4    4    1      1658
   44    1    7   14    1    3    2    2    1      1256
   44    1    8    1    1    6    1    1    1      1025
   44    1    8    2    1   28    4    4    1      1224
   44    1    8    3    1    2    1    1    1      1113
   44    1    8    4    1    7    2    2    1       829
   44    1    8    5    1   12    2    2    1       749
   44    1    8    6    1    9    1    1    1      1009
   44    1    8    7    1   21    3    3    1      1482
   44    1    8    8    1   22    3    3    1       833
   44    1    8    9    1   26    4    4    1       671
   44    1    8   10    1   15    2    2    1      1718
   44    1    8   11    1   31    4    4    1      1170
   44    1    8   12    1   25    4    4    1      3845
   44    1    8   13    1   19    3    3    1      1677
   44    1    8   14    1    3    2    2    1      1068
   44    2    1    1    2   14    0    1    9      2829
   44    2    1    2    2   24    0    3    9      1883
   44    2    1    3    1   21    3    3    1      5105
   44    2    1    4    2    5    0    1    9      1446
   44    2    1    5    2    8    0    2    9      5916
   44    2    1    6    1   31    4    4    1      2433
   44    2    1    7    1    2    1    1    1      4065
   44    2    1    8    1   28    4    3    0      1984
   44    2    1    9    2   27    0    4    9      3202
   44    2    1   10    2   11    0    2    9      5779
   44    2    1   11    1   12    2    2    1      1165
   44    2    1   12    2   13    0    1    9      3759
   44    2    1   13    1   26    4    4    1      4186
   44    2    1   14    2    4    0    1    9      5348
   44    2    1   15    2   17    0    4    9      5391
   44    2    1   16    2   18    0    3    9      3785
   44    2    1   17    2   14    0    1    9      1891
   44    2    1   18    1   21    3    3    1       745
   44    2    1   19    1    3    2    2    1      2075
   44    2    1   20    1   25    4    3    0      2091
   44    2    1   21    2   24    0    3    9      2521
   44    2    1   22    1   25    4    4    1      2885
   44    2    1   23    2   10    0    1    9      4610
   44    2    1   24    1    9    1    2    0      1788
   44    2    1   25    2   30    0    4    9     10740
   44    2    1   26    2   14    0    2    9      4313
   44    2    1   27    1   26    4    3    0      3278
   44    2    1   28    1   15    2    1    0      2139
   44    2    1   29    1   12    2    2    1      1144
   44    2    1   30    2    1    0    1    9      5131
   44    2    1   31    2   20    0    3    9      3999
   44    2    1   32    1    2    1    4    0      2832
   44    2    1   33    2   14    0    1    9      2800
   44    2    1   34    1   22    3    3    1      1441
   44    2    1   35    2   29    0    4    9      2984
   44    2    1   36    1   19    3    3    1      3474
   44    2    1   37    1   22    3    3    1      1496
   44    2    1   38    1   19    3    4    0      2685
   44    2    1   39    2   24    0    3    9      2466
   44    2    1   40    1   15    2    2    1      1776
   44    2    1   41    1   31    4    4    1      2075
   44    2    1   42    1    7    2    2    1      1434
   44    2    1   43    2   32    0    4    9      1425
   44    2    1   44    1    3    2    2    1      1978
   44    2    1   45    1    9    1    1    1      1372
   44    2    1   46    1    6    1    1    1       422
   44    2    1   47    2   24    0    4    9      1174
   44    2    1   48    1    7    2    2    1      1528
   44    2    1   49    2   23    0    3    9      1725
   44    2    1   50    1   28    4    4    1      1545
   44    2    1   51    1    6    1    1    1      1021
   44    2    1   52    2   16    0    2    9       662
   44    2    2    1    2   24    0    3    9      1404
   44    2    2    2    2    8    0    4    9       678
   44    2    2    3    2    4    0    2    9       316
   44    2    2    4    2   24    0    3    9      1648
   44    2    2    5    2   14    0    1    9       591
   44    2    2    6    2   16    0    2    9       393
   44    2    2    7    2   14    0    1    9       586
   44    2    2    8    1    2    1    1    1       596
   44    2    2    9    2    5    0    1    9       605
   44    2    2   10    2   29    0    4    9      1190
   44    2    2   11    2   23    0    3    9       904
   44    2    2   12    2   24    0    3    9      1108
   44    2    2   13    2   17    0    3    9      1289
   44    2    2   14    2   11    0    2    9      1254
   44    2    2   15    2   14    0    1    9       405
   44    2    2   16    1   12    2    2    1       373
   44    2    2   17    1   12    2    2    1       568
   44    2    2   18    1    3    2    1    0       914
   44    2    2   19    2   32    0    4    9      2526
   44    2    2   20    2   18    0    2    9      3979
   44    2    2   21    1   25    4    3    0      2221
   44    2    2   22    1   26    4    4    1       949
   44    2    2   23    1    6    1    2    0      1167
   44    2    2   24    2   24    0    3    9      1441
   44    2    2   25    1   28    4    4    1      1273
   44    2    2   26    1   21    3    1    0      1432
   44    2    2   27    1    6    1    1    1       736
   44    2    2   28    1   15    2    2    1       708
   44    2    2   29    1   26    4    4    1      1495
   44    2    2   30    2   13    0    1    9       797
   44    2    2   31    1   22    3    3    1      3581
   44    2    2   32    1   28    4    4    1      2048
   44    2    2   33    1   19    3    3    1      1503
   44    2    2   34    1   31    4    4    1      1139
   44    2    2   35    1    3    2    1    0      1175
   44    2    2   36    1   25    4    4    1      1609
   44    2    2   37    1    9    1    1    1      2073
   44    2    2   38    2   14    0    1    9      1352
   44    2    2   39    2   27    0    4    9      1427
   44    2    2   40    2   20    0    3    9      1051
   44    2    2   41    1    2    1    1    1      1682
   44    2    2   42    1   21    3    3    1      1248
   44    2    2   43    1    7    2    2    1      2047
   44    2    2   44    1    7    2    2    1       511
   44    2    2   45    1   19    3    4    0      1308
   44    2    2   46    1   31    4    4    1      1081
   44    2    2   47    2   10    0    1    9      1567
   44    2    2   48    2    1    0    1    9       753
   44    2    2   49    2   30    0    4    9      1027
   44    2    2   50    1   22    3    3    1      1019
   44    2    2   51    1   15    2    2    1      1748
   44    2    2   52    1    9    1    1    1       575
