   11    1    1    1    1    2    1    1    1      8023
   11    1    1    2    1    6    1    2    0      3323
   11    1    1    3    1   31    2    2    1      4399
   11    1    1    4    1   15    2    2    1      4032
   11    1    1    5    1   22    1    1    1      2143
   11    1    1    6    1    7    2    1    0      3850
   11    1    1    7    1    3    2    1    0      3225
   11    1    1    8    1   19    1    1    1      4577
   11    1    1    9    1   12    2    2    1      1787
   11    1    1   10    1   25    2    1    0      7172
   11    1    1   11    1    9    1    2    0      2478
   11    1    1   12    1   26    2    2    1      6180
   11    1    1   13    1   28    2    2    1      1390
   11    1    1   14    1   21    1    1    1      1623
   11    1    2    1    1    9    1    2    0      3502
   11    1    2    2    1   19    1    1    1      2827
   11    1    2    3    1   12    2    2    1      1115
   11    1    2    4    1   22    1    1    1      2639
   11    1    2    5    1    6    1    1    1      1174
   11    1    2    6    1   15    2    2    1      2488
   11    1    2    7    1   26    2    2    1      1301
   11    1    2    8    1    3    2    1    0      2738
   11    1    2    9    1    7    2    2    1      1757
   11    1    2   10    1   25    2    2    1      2744
   11    1    2   11    1   28    2    2    1      2315
   11    1    2   12    1    2    1    1    1      1392
   11    1    2   13    1   31    2    2    1      1161
   11    1    2   14    1   21    1    1    1      1212
   11    1    3    1    1   31    2    2    1      1578
   11    1    3    2    1    3    2    1    0      2812
   11    1    3    3    1    2    1    1    1      1028
   11    1    3    4    1    9    1    2    0      1565
   11    1    3    5    1   28    2    2    1      1606
   11    1    3    6    1   26    2    2    1      3607
   11    1    3    7    1   25    2    2    1      1032
   11    1    3    8    1   12    2    2    1       943
   11    1    3    9    1   22    1    1    1      2379
   11    1    3   10    1    7    2    2    1      1900
   11    1    3   11    1   19    1    1    1      1521
   11    1    3   12    1   15    2    2    1      1461
   11    1    3   13    1    6    1    1    1      1164
   11    1    3   14    1   21    1    1    1      1277
   11    1    4    1    1    6    1    1    1      3227
   11    1    4    2    1   15    2    2    1       972
   11    1    4    3    1   22    1    1    1      1990
   11    1    4    4    1   26    2    2    1      2119
   11    1    4    5    1   12    2    2    1       899
   11    1    4    6    1   25    2    1    0      1632
   11    1    4    7    1    2    1    1    1      2151
   11    1    4    8    1   21    1    1    1      1202
   11    1    4    9    1    3    2    2    1      2082
   11    1    4   10    1   19    1    1    1      5232
   11    1    4   11    1    7    2    2    1      2383
   11    1    4   12    1    9    1    2    0      2256
   11    1    4   13    1   31    2    2    1      3983
   11    1    4   14    1   28    2    2    1      1200
   11    1    5    1    1    9    1    2    0      5206
   11    1    5    2    1   31    2    2    1      6479
   11    1    5    3    1   21    1    1    1      2077
   11    1    5    4    1   28    2    2    1      2234
   11    1    5    5    1   22    1    1    1      2546
   11    1    5    6    1    2    1    1    1      1357
   11    1    5    7    1    7    2    2    1      3912
   11    1    5    8    1   15    2    2    1      1533
   11    1    5    9    1    3    2    2    1      1616
   11    1    5   10    1   26    2    1    0      1968
   11    1    5   11    1    6    1    1    1      1034
   11    1    5   12    1   25    2    2    1      4753
   11    1    5   13    1   12    2    2    1      1076
   11    1    5   14    1   19    1    1    1      1482
   11    1    6    1    1    3    2    2    1      2938
   11    1    6    2    1    2    1    1    1      1477
   11    1    6    3    1   22    1    1    1      1084
   11    1    6    4    1    6    1    1    1      1601
   11    1    6    5    1   31    2    2    1      2306
   11    1    6    6    1    9    1    1    1      2118
   11    1    6    7    1   28    2    2    1      1890
   11    1    6    8    1   21    1    1    1      2376
   11    1    6    9    1   12    2    2    1      1482
   11    1    6   10    1   25    2    2    1      1535
   11    1    6   11    1   19    1    1    1      1635
   11    1    6   12    1    7    2    2    1      1154
   11    1    6   13    1   26    2    2    1      4612
   11    1    6   14    1   15    2    2    1      1357
   11    1    7    1    1   12    2    2    1      1064
   11    1    7    2    1   25    2    2    1      1550
   11    1    7    3    1   22    1    1    1      1201
   11    1    7    4    1   21    1    1    1      1442
   11    1    7    5    1    9    1    2    0      1209
   11    1    7    6    1   31    2    2    1      6482
   11    1    7    7    1    2    1    1    1      3935
   11    1    7    8    1    7    2    2    1      1571
   11    1    7    9    1   19    1    1    1      1765
   11    1    7   10    1   26    2    2    1      1679
   11    1    7   11    1    3    2    2    1      1869
   11    1    7   12    1   15    2    2    1      1091
   11    1    7   13    1   28    2    2    1      2488
   11    1    7   14    1    6    1    1    1      3845
   11    1    8    1    1   19    1    1    1      6387
   11    1    8    2    1    2    1    1    1      2804
   11    1    8    3    1   31    2    2    1      1525
   11    1    8    4    1   22    1    1    1      3625
   11    1    8    5    1   25    2    1    0      2921
   11    1    8    6    1    6    1    1    1      3436
   11    1    8    7    1   12    2    2    1      1396
   11    1    8    8    1   15    2    2    1      1341
   11    1    8    9    1    7    2    2    1      1417
   11    1    8   10    1    3    2    2    1      1728
   11    1    8   11    1    9    1    1    1      2301
   11    1    8   12    1   28    2    2    1      3122
   11    1    8   13    1   21    1    1    1      1190
   11    1    8   14    1   26    2    2    1      1831
   11    1    9    1    1   22    1    1    1      3333
   11    1    9    2    1   25    2    2    1      1584
   11    1    9    3    1   26    2    2    1       962
   11    1    9    4    1    9    1    1    1      1372
   11    1    9    5    1    3    2    2    1      1478
   11    1    9    6    1    6    1    1    1      1980
   11    1    9    7    1   28    2    2    1      2078
   11    1    9    8    1    2    1    1    1      1500
   11    1    9    9    1   19    1    1    1      7792
   11    1    9   10    1    7    2    2    1      1498
   11    1    9   11    1   12    2    2    1      1614
   11    1    9   12    1   31    2    2    1      3086
   11    1    9   13    1   21    1    1    1      1172
   11    1    9   14    1   15    2    2    1      2246
   11    1   10    1    1   12    2    2    1      2227
   11    1   10    2    1    7    2    2    1      3627
   11    1   10    3    1   25    2    2    1      1836
   11    1   10    4    1   28    2    2    1      2099
   11    1   10    5    1   26    2    2    1      1663
   11    1   10    6    1    6    1    1    1      4494
   11    1   10    7    1   22    1    1    1      1291
   11    1   10    8    1   21    1    1    1       856
   11    1   10    9    1    2    1    1    1      1911
   11    1   10   10    1   31    2    2    1      1644
   11    1   10   11    1   19    1    1    1      2795
   11    1   10   12    1    9    1    1    1      7548
   11    1   10   13    1    3    2    2    1      1103
   11    1   10   14    1   15    2    2    1      3539
   11    2    1    1    2   17    0    1    9      3958
   11    2    1    2    1    2    1    1    1      5703
   11    2    1    3    2    8    0    2    9      2532
   11    2    1    4    1   12    2    2    1      2143
   11    2    1    5    2   14    0    1    9      6122
   11    2    1    6    2   23    0    1    9      1990
   11    2    1    7    1   22    1    1    1      3896
   11    2    1    8    1   26    2    2    1      1581
   11    2    1    9    1   25    2    2    1      2686
   11    2    1   10    2   10    0    1    9      2659
   11    2    1   11    1    3    2    2    1      1162
   11    2    1   12    2   24    0    1    9      1581
   11    2    1   13    2   13    0    1    9      6462
   11    2    1   14    2    1    0    1    9      1581
   11    2    1   15    1   19    1    1    1      1502
   11    2    1   16    1   25    2    2    1      2211
   11    2    1   17    1   31    2    2    1      1596
   11    2    1   18    1   21    1    1    1      3149
   11    2    1   19    2   14    0    1    9      2479
   11    2    1   20    2   18    0    1    9      2173
   11    2    1   21    1    2    1    1    1      2167
   11    2    1   22    1    6    1    1    1      7377
   11    2    1   23    1    7    2    2    1      1403
   11    2    1   24    1   15    2    2    1      1843
   11    2    1   25    1   28    2    2    1      8667
   11    2    1   26    2   14    0    1    9      5376
   11    2    1   27    1   15    2    2    1      1755
   11    2    1   28    2    4    0    2    9       837
   11    2    1   29    2   20    0    1    9      2229
   11    2    1   30    1   31    2    2    1      1133
   11    2    1   31    1   26    2    2    1      1024
   11    2    1   32    1    3    2    2    1      2360
   11    2    1   33    1   19    1    1    1      2315
   11    2    1   34    1    6    1    1    1      4206
   11    2    1   35    1    9    1    1    1      1335
   11    2    1   36    1   22    1    1    1      2275
   11    2    1   37    2   24    0    1    9      2456
   11    2    1   38    1   28    2    2    1      5351
   11    2    1   39    2   32    0    2    9      1778
   11    2    1   40    2    5    0    1    9      2764
   11    2    1   41    2   24    0    1    9      2494
   11    2    1   42    1    7    2    2    1      1627
   11    2    1   43    1    9    1    1    1      5899
   11    2    1   44    2   29    0    2    9      3216
   11    2    1   45    2   24    0    1    9      2848
   11    2    1   46    2   14    0    1    9      1854
   11    2    1   47    2   11    0    2    9       997
   11    2    1   48    2   16    0    2    9       942
   11    2    1   49    1   12    2    2    1       825
   11    2    1   50    1   21    1    1    1      1913
   11    2    1   51    2   27    0    2    9      1133
   11    2    1   52    2   30    0    2    9      1488
   11    2    2    1    1   25    2    2    1       886
   11    2    2    2    1    2    1    1    1      1363
   11    2    2    3    2   10    0    1    9      1181
   11    2    2    4    2   14    0    1    9       894
   11    2    2    5    2   16    0    2    9      1067
   11    2    2    6    1    2    1    1    1      1297
   11    2    2    7    1   28    2    2    1      1502
   11    2    2    8    2   14    0    1    9      2483
   11    2    2    9    1   15    2    2    1      1008
   11    2    2   10    1   26    2    2    1      2073
   11    2    2   11    1   31    2    2    1      4455
   11    2    2   12    1   31    2    2    1      2085
   11    2    2   13    2   14    0    1    9      2883
   11    2    2   14    2   20    0    1    9      1280
   11    2    2   15    2   30    0    2    9      1661
   11    2    2   16    2   24    0    1    9      1964
   11    2    2   17    2   18    0    1    9      1438
   11    2    2   18    1   28    2    2    1      1621
   11    2    2   19    1   21    1    1    1       917
   11    2    2   20    1   25    2    2    1      1233
   11    2    2   21    2   24    0    1    9      1136
   11    2    2   22    1   21    1    1    1       788
   11    2    2   23    1    3    2    2    1      3989
   11    2    2   24    1   19    1    1    1      1286
   11    2    2   25    1    3    2    2    1      1892
   11    2    2   26    1    6    1    1    1      3801
   11    2    2   27    1    6    1    1    1       962
   11    2    2   28    2   13    0    1    9      1020
   11    2    2   29    1    9    1    1    1       708
   11    2    2   30    2    1    0    1    9       873
   11    2    2   31    1   12    2    2    1       855
   11    2    2   32    1    7    2    2    1       790
   11    2    2   33    1    9    1    1    1       807
   11    2    2   34    2   32    0    2    9      1272
   11    2    2   35    1   22    1    1    1      1110
   11    2    2   36    2   24    0    1    9      1419
   11    2    2   37    1   19    1    1    1      1602
   11    2    2   38    1   12    2    2    1      1299
   11    2    2   39    1   15    2    2    1       959
   11    2    2   40    2    4    0    2    9      1146
   11    2    2   41    2   11    0    2    9      1213
   11    2    2   42    2   27    0    2    9      1357
   11    2    2   43    2    8    0    2    9      1368
   11    2    2   44    1   22    1    1    1      2482
   11    2    2   45    2   17    0    1    9      1263
   11    2    2   46    2   29    0    2    9      4877
   11    2    2   47    2   24    0    1    9      1035
   11    2    2   48    1    7    2    2    1      1346
   11    2    2   49    2   23    0    1    9      5101
   11    2    2   50    1   26    2    2    1       913
   11    2    2   51    2    5    0    1    9      1726
   11    2    2   52    2   14    0    1    9      6105
