   47    1    1    1    1    3    2    1    0     14516
   47    1    1    2    1    2    1    2    0      4498
   47    1    1    3    1   15    2    3    0      5543
   47    1    1    4    1   26    4    2    0      3362
   47    1    1    5    1   12    2    1    0      6197
   47    1    1    6    1   22    3    2    0      3957
   47    1    1    7    1    7    2    2    1      2752
   47    1    1    8    1   21    3    4    0      2131
   47    1    1    9    1   19    3    2    0      2598
   47    1    1   10    1    6    1    1    1      2151
   47    1    1   11    1   28    4    4    1      2195
   47    1    1   12    1   31    4    3    0      2172
   47    1    1   13    1    9    1    3    0      1598
   47    1    1   14    1   25    4    1    0      1559
   47    1    2    1    1    3    2    2    1      2971
   47    1    2    2    1   26    4    1    0      1269
   47    1    2    3    1   12    2    1    0      2362
   47    1    2    4    1    9    1    2    0      1221
   47    1    2    5    1   15    2    4    0       877
   47    1    2    6    1   19    3    3    1      2947
   47    1    2    7    1   28    4    4    1      1918
   47    1    2    8    1    6    1    1    1      3891
   47    1    2    9    1    2    1    2    0      5017
   47    1    2   10    1   22    3    2    0       521
   47    1    2   11    1   31    4    4    1       846
   47    1    2   12    1   21    3    2    0      3309
   47    1    2   13    1    7    2    3    0      2401
   47    1    2   14    1   25    4    4    1      1243
   47    1    3    1    1   26    4    3    0      4048
   47    1    3    2    1   25    4    3    0      1655
   47    1    3    3    1    9    1    4    0       189
   47    1    3    4    1   12    2    1    0       527
   47    1    3    5    1    6    1    2    0       244
   47    1    3    6    1   31    4    4    1       771
   47    1    3    7    1   19    3    1    0      1077
   47    1    3    8    1    3    2    3    0       484
   47    1    3    9    1   22    3    1    0       282
   47    1    3   10    1   21    3    3    1       855
   47    1    3   11    1    7    2    2    1       853
   47    1    3   12    1   28    4    1    0      1060
   47    1    3   13    1   15    2    1    0       324
   47    1    3   14    1    2    1    3    0       607
   47    1    4    1    1   22    3    1    0      2460
   47    1    4    2    1   19    3    4    0       418
   47    1    4    3    1   31    4    1    0       363
   47    1    4    4    1    6    1    2    0      1429
   47    1    4    5    1   26    4    2    0      1109
   47    1    4    6    1    7    2    4    0       291
   47    1    4    7    1    3    2    1    0         0
   47    1    4    8    1   28    4    2    0      1145
   47    1    4    9    1    2    1    4    0       309
   47    1    4   10    1   12    2    2    1      1315
   47    1    4   11    1    9    1    2    0       590
   47    1    4   12    1   21    3    4    0       336
   47    1    4   13    1   15    2    3    0       253
   47    1    4   14    1   25    4    1    0       731
   47    1    5    1    1    2    1    3    0      1339
   47    1    5    2    1   12    2    4    0       734
   47    1    5    3    1    3    2    2    1      1082
   47    1    5    4    1   31    4    4    1      1824
   47    1    5    5    1    9    1    3    0      1048
   47    1    5    6    1   22    3    3    1        71
   47    1    5    7    1   26    4    2    0      1381
   47    1    5    8    1    6    1    2    0       504
   47    1    5    9    1   21    3    3    1       284
   47    1    5   10    1   25    4    2    0       354
   47    1    5   11    1   19    3    1    0       333
   47    1    5   12    1   15    2    3    0      1081
   47    1    5   13    1    7    2    2    1      1814
   47    1    5   14    1   28    4    1    0      2878
   47    1    6    1    1   19    3    3    1      2904
   47    1    6    2    1    2    1    2    0      1508
   47    1    6    3    1    6    1    2    0       705
   47    1    6    4    1    3    2    1    0       494
   47    1    6    5    1   15    2    4    0       980
   47    1    6    6    1   12    2    2    1      1028
   47    1    6    7    1   26    4    1    0      1517
   47    1    6    8    1   31    4    1    0       984
   47    1    6    9    1   28    4    4    1         0
   47    1    6   10    1   21    3    4    0       380
   47    1    6   11    1   25    4    3    0      1414
   47    1    6   12    1   22    3    4    0       550
   47    1    6   13    1    7    2    1    0      1034
   47    1    6   14    1    9    1    1    1       778
   47    1    7    1    1    6    1    2    0      1210
   47    1    7    2    1   26    4    4    1       675
   47    1    7    3    1   31    4    4    1       952
   47    1    7    4    1   28    4    3    0      1076
   47    1    7    5    1   25    4    3    0      1186
   47    1    7    6    1    9    1    2    0      1116
   47    1    7    7    1    2    1    1    1       376
   47    1    7    8    1   12    2    1    0       587
   47    1    7    9    1   15    2    2    1      1389
   47    1    7   10    1   22    3    3    1      1733
   47    1    7   11    1    3    2    2    1      3250
   47    1    7   12    1    7    2    2    1      1232
   47    1    7   13    1   19    3    3    1      1089
   47    1    7   14    1   21    3    4    0      1045
   47    1    8    1    1   12    2    1    0      1429
   47    1    8    2    1   26    4    4    1      1221
   47    1    8    3    1    9    1    2    0       742
   47    1    8    4    1    7    2    2    1      1185
   47    1    8    5    1   21    3    4    0       996
   47    1    8    6    1    2    1    1    1       917
   47    1    8    7    1   22    3    3    1      1522
   47    1    8    8    1   28    4    4    1       966
   47    1    8    9    1   31    4    4    1      1055
   47    1    8   10    1   19    3    3    1       935
   47    1    8   11    1   15    2    2    1      1170
   47    1    8   12    1    3    2    1    0      1013
   47    1    8   13    1    6    1    1    1      2086
   47    1    8   14    1   25    4    4    1      1539
   47    1    9    1    1   26    4    4    1      1393
   47    1    9    2    1   31    4    4    1       683
   47    1    9    3    1   15    2    2    1      1024
   47    1    9    4    1    9    1    2    0       744
   47    1    9    5    1    7    2    1    0       916
   47    1    9    6    1   19    3    3    1      1016
   47    1    9    7    1    6    1    1    1      1521
   47    1    9    8    1   22    3    3    1      1333
   47    1    9    9    1   12    2    2    1       913
   47    1    9   10    1   28    4    4    1       972
   47    1    9   11    1    2    1    1    1      1831
   47    1    9   12    1   21    3    3    1      1327
   47    1    9   13    1   25    4    4    1      1164
   47    1    9   14    1    3    2    1    0       814
   47    1   10    1    1    6    1    1    1      1407
   47    1   10    2    1    7    2    2    1      1848
   47    1   10    3    1   22    3    4    0      1342
   47    1   10    4    1    9    1    2    0      1425
   47    1   10    5    1    2    1    1    1      1761
   47    1   10    6    1    3    2    1    0      1501
   47    1   10    7    1   31    4    4    1      1017
   47    1   10    8    1   19    3    3    1       834
   47    1   10    9    1   25    4    4    1       721
   47    1   10   10    1   28    4    4    1       934
   47    1   10   11    1   15    2    2    1      1474
   47    1   10   12    1   12    2    2    1       904
   47    1   10   13    1   21    3    3    1      1126
   47    1   10   14    1   26    4    4    1       730
   47    2    1    1    1   12    2    2    1      2570
   47    2    1    2    2    5    0    1    9      1748
   47    2    1    3    1    6    1    1    1      1790
   47    2    1    4    1   19    3    3    1      1880
   47    2    1    5    1   28    4    4    1       989
   47    2    1    6    1    2    1    1    1       903
   47    2    1    7    2   24    0    3    9      1204
   47    2    1    8    2   14    0    1    9      2757
   47    2    1    9    2   23    0    3    9      2328
   47    2    1   10    2   24    0    3    9      3244
   47    2    1   11    1    9    1    2    0      3693
   47    2    1   12    1    3    2    1    0      1963
   47    2    1   13    1   26    4    4    1      4125
   47    2    1   14    2   24    0    3    9      1913
   47    2    1   15    2   30    0    4    9      3102
   47    2    1   16    2   14    0    2    9      3890
   47    2    1   17    2    1    0    1    9      1704
   47    2    1   18    1   15    2    2    1      1109
   47    2    1   19    2   20    0    3    9      3610
   47    2    1   20    1    7    2    1    0      2938
   47    2    1   21    1    6    1    2    0      1143
   47    2    1   22    1   25    4    4    1      1339
   47    2    1   23    2   18    0    3    9       743
   47    2    1   24    1   21    3    3    1      1194
   47    2    1   25    2   16    0    1    9      1629
   47    2    1   26    2   24    0    3    9      1005
   47    2    1   27    1    7    2    2    1      1223
   47    2    1   28    1   25    4    4    1      2135
   47    2    1   29    1   22    3    3    1      1219
   47    2    1   30    2   32    0    4    9      1554
   47    2    1   31    2   29    0    4    9       710
   47    2    1   32    2    4    0    1    9      1308
   47    2    1   33    2   17    0    3    9      1769
   47    2    1   34    1    3    2    2    1      1379
   47    2    1   35    1   21    3    3    1      1118
   47    2    1   36    2   27    0    4    9      3490
   47    2    1   37    1    9    1    4    0       648
   47    2    1   38    2   13    0    2    9      2303
   47    2    1   39    1   28    4    4    1      1379
   47    2    1   40    2   14    0    1    9      3037
   47    2    1   41    1   12    2    1    0      1620
   47    2    1   42    2   11    0    2    9      1875
   47    2    1   43    1   19    3    3    1      1835
   47    2    1   44    2   10    0    2    9       978
   47    2    1   45    2   14    0    1    9      2444
   47    2    1   46    1   31    4    4    1      1645
   47    2    1   47    1   31    4    4    1       748
   47    2    1   48    1   22    3    3    1       752
   47    2    1   49    2    8    0    2    9      1091
   47    2    1   50    1    2    1    2    0      1576
   47    2    1   51    1   15    2    2    1       954
   47    2    1   52    1   26    4    4    1      1157
   47    2    2    1    1   31    4    4    1       840
   47    2    2    2    1    2    1    1    1       745
   47    2    2    3    2   11    0    2    9       861
   47    2    2    4    2   30    0    4    9      1371
   47    2    2    5    1   15    2    2    1      2390
   47    2    2    6    1    6    1    1    1       759
   47    2    2    7    1    3    2    1    0      1163
   47    2    2    8    2   32    0    4    9      1230
   47    2    2    9    2    8    0    1    9      2110
   47    2    2   10    1   19    3    3    1       843
   47    2    2   11    2   23    0    3    9      1211
   47    2    2   12    2   16    0    2    9      1596
   47    2    2   13    1    3    2    1    0       781
   47    2    2   14    2   24    0    3    9       927
   47    2    2   15    2   17    0    3    9      1100
   47    2    2   16    2   27    0    4    9       897
   47    2    2   17    2   13    0    2    9      3341
   47    2    2   18    1   12    2    2    1      1418
   47    2    2   19    1   31    4    4    1      1202
   47    2    2   20    1   12    2    2    1      1347
   47    2    2   21    1   25    4    4    1       878
   47    2    2   22    1   28    4    4    1       797
   47    2    2   23    1   28    4    4    1       574
   47    2    2   24    1   21    3    3    1       855
   47    2    2   25    1   26    4    4    1      2503
   47    2    2   26    2   20    0    3    9      2068
   47    2    2   27    1   25    4    4    1      1186
   47    2    2   28    1    9    1    2    0      2260
   47    2    2   29    1   21    3    3    1      1228
   47    2    2   30    1    6    1    2    0      1067
   47    2    2   31    2   14    0    2    9      1265
   47    2    2   32    1    7    2    1    0      1264
   47    2    2   33    1    2    1    2    0      1262
   47    2    2   34    2   14    0    2    9      1340
   47    2    2   35    1    7    2    2    1       616
   47    2    2   36    1    9    1    1    1      1394
   47    2    2   37    2    1    0    2    9       892
   47    2    2   38    2   29    0    4    9       953
   47    2    2   39    1   22    3    3    1      1828
   47    2    2   40    2    4    0    1    9      2125
   47    2    2   41    1   22    3    3    1      1625
   47    2    2   42    2   24    0    3    9       586
   47    2    2   43    2   14    0    2    9      1364
   47    2    2   44    1   26    4    4    1      2910
   47    2    2   45    2   24    0    3    9       699
   47    2    2   46    2    5    0    2    9      1056
   47    2    2   47    1   15    2    2    1      1192
   47    2    2   48    2   24    0    3    9      1737
   47    2    2   49    2   10    0    4    9      2885
   47    2    2   50    1   19    3    3    1      1283
   47    2    2   51    2   18    0    3    9      1121
   47    2    2   52    2   14    0    2    9      1013
