   60    1    1    1    1   25    2    1    0      9663
   60    1    1    2    1   22    1    2    0      4702
   60    1    1    3    1   28    2    1    0      5259
   60    1    1    4    1   21    1    2    0      4433
   60    1    1    5    1   19    1    2    0     11081
   60    1    1    6    1    2    1    1    1     10134
   60    1    1    7    1   31    2    1    0      7697
   60    1    1    8    1    7    2    2    1      2935
   60    1    1    9    1   26    2    2    1      6914
   60    1    1   10    1    6    1    2    0      3327
   60    1    1   11    1    9    1    2    0      2403
   60    1    1   12    1   12    2    2    1      5131
   60    1    1   13    1   15    2    1    0      1919
   60    1    1   14    1    3    2    2    1      5531
   60    1    2    1    1    6    1    1    1      7784
   60    1    2    2    1   15    2    2    1      2785
   60    1    2    3    1   21    1    2    0      2451
   60    1    2    4    1   25    2    1    0     16520
   60    1    2    5    1    7    2    1    0      2846
   60    1    2    6    1   12    2    1    0      1701
   60    1    2    7    1   22    1    2    0      2138
   60    1    2    8    1    9    1    1    1      2205
   60    1    2    9    1   31    2    1    0     14694
   60    1    2   10    1   28    2    1    0      5092
   60    1    2   11    1    2    1    1    1      2593
   60    1    2   12    1    3    2    1    0      4842
   60    1    2   13    1   19    1    2    0      1794
   60    1    2   14    1   26    2    1    0      2787
   60    1    3    1    1   22    1    1    1      4031
   60    1    3    2    1   28    2    2    1      3822
   60    1    3    3    1    3    2    2    1      2038
   60    1    3    4    1   15    2    1    0      3174
   60    1    3    5    1   31    2    2    1      4528
   60    1    3    6    1    9    1    1    1      2300
   60    1    3    7    1    7    2    1    0      5568
   60    1    3    8    1   26    2    2    1      7627
   60    1    3    9    1   19    1    1    1      2539
   60    1    3   10    1    2    1    2    0      7910
   60    1    3   11    1   12    2    2    1      3427
   60    1    3   12    1    6    1    1    1      3082
   60    1    3   13    1   21    1    1    1     10257
   60    1    3   14    1   25    2    2    1      2023
   60    1    4    1    1   25    2    2    1      3060
   60    1    4    2    1    2    1    1    1      2555
   60    1    4    3    1   21    1    1    1      4213
   60    1    4    4    1   26    2    2    1      1150
   60    1    4    5    1    7    2    1    0      3104
   60    1    4    6    1   31    2    2    1      6396
   60    1    4    7    1   12    2    2    1      2126
   60    1    4    8    1   22    1    1    1      3642
   60    1    4    9    1   28    2    2    1      1530
   60    1    4   10    1   19    1    1    1      5422
   60    1    4   11    1    3    2    2    1      3606
   60    1    4   12    1   15    2    2    1      3368
   60    1    4   13    1    6    1    1    1      2834
   60    1    4   14    1    9    1    1    1      2322
   60    1    5    1    1   31    2    2    1      2506
   60    1    5    2    1    2    1    1    1      2311
   60    1    5    3    1    7    2    2    1      6828
   60    1    5    4    1   22    1    1    1      2077
   60    1    5    5    1    3    2    2    1      1372
   60    1    5    6    1   12    2    2    1      1862
   60    1    5    7    1    9    1    1    1      4332
   60    1    5    8    1   28    2    2    1      3104
   60    1    5    9    1   19    1    2    0      1269
   60    1    5   10    1    6    1    2    0      3227
   60    1    5   11    1   15    2    2    1      1331
   60    1    5   12    1   25    2    1    0      1248
   60    1    5   13    1   26    2    1    0      2663
   60    1    5   14    1   21    1    2    0      1365
   60    1    6    1    1   12    2    2    1      1283
   60    1    6    2    1    9    1    1    1      2561
   60    1    6    3    1   22    1    2    0      2252
   60    1    6    4    1    3    2    2    1      2346
   60    1    6    5    1   15    2    2    1      1469
   60    1    6    6    1   28    2    2    1      1492
   60    1    6    7    1   19    1    2    0      1066
   60    1    6    8    1   26    2    2    1      2840
   60    1    6    9    1    7    2    2    1       984
   60    1    6   10    1   21    1    2    0      2289
   60    1    6   11    1   25    2    2    1      1759
   60    1    6   12    1    2    1    2    0      5530
   60    1    6   13    1   31    2    2    1      2838
   60    1    6   14    1    6    1    1    1      2566
   60    1    7    1    1   26    2    2    1      7920
   60    1    7    2    1   12    2    2    1      7012
   60    1    7    3    1   22    1    1    1      2381
   60    1    7    4    1    2    1    2    0      2270
   60    1    7    5    1   25    2    2    1      2028
   60    1    7    6    1   28    2    2    1      5868
   60    1    7    7    1    7    2    2    1      3203
   60    1    7    8    1    6    1    1    1      3061
   60    1    7    9    1   19    1    1    1      3692
   60    1    7   10    1   31    2    2    1      1338
   60    1    7   11    1    9    1    2    0      1750
   60    1    7   12    1   15    2    2    1      1193
   60    1    7   13    1    3    2    2    1      5467
   60    1    7   14    1   21    1    2    0      2497
   60    1    8    1    1   15    2    2    1      2181
   60    1    8    2    1    7    2    1    0     19198
   60    1    8    3    1   21    1    2    0      1672
   60    1    8    4    1   25    2    2    1      2575
   60    1    8    5    1    9    1    2    0      1481
   60    1    8    6    1   28    2    2    1      2886
   60    1    8    7    1   26    2    2    1      2340
   60    1    8    8    1    6    1    1    1      2376
   60    1    8    9    1    2    1    1    1      1914
   60    1    8   10    1   12    2    2    1      1071
   60    1    8   11    1   22    1    2    0      2422
   60    1    8   12    1   31    2    2    1      1134
   60    1    8   13    1   19    1    1    1      3634
   60    1    8   14    1    3    2    2    1      1890
   60    1    9    1    1   12    2    2    1      1581
   60    1    9    2    1   31    2    2    1      1519
   60    1    9    3    1   28    2    2    1      1155
   60    1    9    4    1    9    1    1    1      2790
   60    1    9    5    1    3    2    1    0      3864
   60    1    9    6    1   25    2    2    1      3975
   60    1    9    7    1   21    1    1    1      2489
   60    1    9    8    1    6    1    1    1      2263
   60    1    9    9    1    7    2    2    1      2765
   60    1    9   10    1   15    2    2    1      4720
   60    1    9   11    1   19    1    1    1      4500
   60    1    9   12    1   26    2    1    0      3361
   60    1    9   13    1    2    1    1    1      3076
   60    1    9   14    1   22    1    2    0      3114
   60    1   10    1    1   31    2    2    1      2449
   60    1   10    2    1   22    1    2    0      4543
   60    1   10    3    1    2    1    1    1      8147
   60    1   10    4    1   12    2    2    1      1278
   60    1   10    5    1    9    1    2    0      8108
   60    1   10    6    1   21    1    1    1      1505
   60    1   10    7    1   26    2    2    1      2246
   60    1   10    8    1   28    2    2    1       749
   60    1   10    9    1   19    1    1    1      3488
   60    1   10   10    1   15    2    2    1      1525
   60    1   10   11    1    3    2    2    1      3242
   60    1   10   12    1    6    1    2    0      2442
   60    1   10   13    1   25    2    2    1      1985
   60    1   10   14    1    7    2    2    1      2003
   60    2    1    1    1   19    1    2    0      2401
   60    2    1    2    2    5    0    1    9      2593
   60    2    1    3    1    7    2    2    1      3050
   60    2    1    4    1    7    2    2    1      1265
   60    2    1    5    1    6    1    1    1      2544
   60    2    1    6    2   14    0    2    9      3771
   60    2    1    7    1   28    2    2    1      1190
   60    2    1    8    1   26    2    2    1      1704
   60    2    1    9    2   11    0    2    9       997
   60    2    1   10    1   22    1    1    1      1229
   60    2    1   11    1   28    2    2    1      1261
   60    2    1   12    2   14    0    2    9      2316
   60    2    1   13    2   24    0    2    9      1040
   60    2    1   14    2   23    0    2    9      1400
   60    2    1   15    2   14    0    1    9      1889
   60    2    1   16    2   32    0    2    9       694
   60    2    1   17    1    2    1    1    1      1435
   60    2    1   18    1   31    2    2    1      3603
   60    2    1   19    2   24    0    1    9      1300
   60    2    1   20    2   10    0    2    9      1809
   60    2    1   21    2   16    0    1    9      1355
   60    2    1   22    2   18    0    1    9      1270
   60    2    1   23    1    9    1    2    0      3828
   60    2    1   24    2    4    0    1    9      1532
   60    2    1   25    1   25    2    1    0      5568
   60    2    1   26    2   20    0    2    9      4738
   60    2    1   27    2   14    0    2    9      1845
   60    2    1   28    2   29    0    2    9      2205
   60    2    1   29    1   12    2    2    1      1094
   60    2    1   30    1   26    2    1    0      1467
   60    2    1   31    2   24    0    1    9      1889
   60    2    1   32    1   12    2    2    1      1079
   60    2    1   33    1   25    2    1    0      2333
   60    2    1   34    2    1    0    1    9      2081
   60    2    1   35    1   21    1    1    1      2335
   60    2    1   36    1    2    1    2    0      1763
   60    2    1   37    1    6    1    1    1      1677
   60    2    1   38    1    9    1    1    1      2332
   60    2    1   39    1    3    2    2    1      2432
   60    2    1   40    2   27    0    2    9      1951
   60    2    1   41    2   17    0    1    9      2306
   60    2    1   42    1   22    1    1    1      2071
   60    2    1   43    2   30    0    1    9      3046
   60    2    1   44    2   13    0    1    9      2749
   60    2    1   45    1   19    1    1    1      1632
   60    2    1   46    2    8    0    2    9      3919
   60    2    1   47    1    3    2    1    0      2212
   60    2    1   48    1   31    2    2    1      1116
   60    2    1   49    1   21    1    2    0      3744
   60    2    1   50    1   15    2    2    1      1292
   60    2    1   51    2   24    0    1    9      1930
   60    2    1   52    1   15    2    2    1      1630
   60    2    2    1    1   12    2    2    1      1997
   60    2    2    2    1    6    1    2    0      1246
   60    2    2    3    2   27    0    2    9      1757
   60    2    2    4    2   30    0    1    9      1576
   60    2    2    5    2    8    0    1    9      1595
   60    2    2    6    2   18    0    2    9      1628
   60    2    2    7    1   28    2    2    1      1324
   60    2    2    8    2    4    0    1    9      3753
   60    2    2    9    1   31    2    2    1      2948
   60    2    2   10    2   10    0    1    9       703
   60    2    2   11    2   13    0    1    9      2068
   60    2    2   12    2    5    0    1    9      2275
   60    2    2   13    2   32    0    2    9      1273
   60    2    2   14    2   14    0    2    9      2440
   60    2    2   15    1   28    2    2    1      1272
   60    2    2   16    2   14    0    1    9      3510
   60    2    2   17    2    1    0    1    9      2731
   60    2    2   18    1    3    2    1    0      1503
   60    2    2   19    2   23    0    1    9      1908
   60    2    2   20    1   19    1    2    0      3529
   60    2    2   21    1   31    2    2    1      1037
   60    2    2   22    1   25    2    1    0      3572
   60    2    2   23    1    9    1    1    1      7782
   60    2    2   24    2   20    0    2    9      3856
   60    2    2   25    2   17    0    2    9      1607
   60    2    2   26    1    2    1    1    1      1400
   60    2    2   27    1   19    1    1    1      1425
   60    2    2   28    2   29    0    2    9      2312
   60    2    2   29    1   22    1    2    0      1277
   60    2    2   30    2   24    0    1    9      1180
   60    2    2   31    1   12    2    2    1      1166
   60    2    2   32    1    7    2    2    1      1120
   60    2    2   33    1    7    2    2    1      1204
   60    2    2   34    1   21    1    1    1       710
   60    2    2   35    1    2    1    1    1       843
   60    2    2   36    1   21    1    2    0      1355
   60    2    2   37    1   26    2    2    1       886
   60    2    2   38    2   14    0    1    9      1572
   60    2    2   39    1   25    2    1    0      1494
   60    2    2   40    2   14    0    1    9      1227
   60    2    2   41    1   15    2    2    1      3084
   60    2    2   42    1   22    1    1    1       994
   60    2    2   43    1   15    2    2    1       924
   60    2    2   44    1    9    1    1    1      2873
   60    2    2   45    1    6    1    2    0      2359
   60    2    2   46    2   16    0    1    9      4505
   60    2    2   47    2   24    0    1    9      2007
   60    2    2   48    1   26    2    1    0      4632
   60    2    2   49    1    3    2    1    0      2912
   60    2    2   50    2   24    0    1    9      2126
   60    2    2   51    2   11    0    1    9      3578
   60    2    2   52    2   24    0    1    9      1644
