   31    1    1    1    1    9    1    1    1     18824
   31    1    1    2    1   22    3    2    0      3840
   31    1    1    3    1   19    3    4    0      2832
   31    1    1    4    1    7    2    3    0      1623
   31    1    1    5    1    2    1    3    0      2415
   31    1    1    6    1   28    4    2    0      4231
   31    1    1    7    1   12    2    4    0      1511
   31    1    1    8    1   26    4    1    0      2018
   31    1    1    9    1   15    2    4    0      1722
   31    1    1   10    1   25    4    1    0      1902
   31    1    1   11    1    6    1    1    1      2091
   31    1    1   12    1   21    3    2    0      2184
   31    1    1   13    1   31    4    3    0      3066
   31    1    1   14    1    3    2    1    0      3768
   31    1    2    1    1   26    4    1    0      4380
   31    1    2    2    1    9    1    4    0      2404
   31    1    2    3    1   28    4    4    1      5598
   31    1    2    4    1   22    3    2    0      2495
   31    1    2    5    1   25    4    4    1      1748
   31    1    2    6    1   19    3    3    1      3487
   31    1    2    7    1    3    2    2    1      1060
   31    1    2    8    1   31    4    3    0      1579
   31    1    2    9    1   12    2    2    1      1093
   31    1    2   10    1    7    2    2    1       826
   31    1    2   11    1    2    1    1    1       522
   31    1    2   12    1   21    3    4    0      2134
   31    1    2   13    1   15    2    2    1      1881
   31    1    2   14    1    6    1    1    1      1375
   31    1    3    1    1   25    4    4    1      1891
   31    1    3    2    1    2    1    2    0      1817
   31    1    3    3    1   26    4    4    1      1273
   31    1    3    4    1   15    2    2    1       967
   31    1    3    5    1   21    3    3    1      2529
   31    1    3    6    1   12    2    2    1      1549
   31    1    3    7    1   28    4    4    1      1216
   31    1    3    8    1    3    2    2    1      1599
   31    1    3    9    1    9    1    1    1      1040
   31    1    3   10    1    7    2    2    1       887
   31    1    3   11    1   19    3    3    1      1733
   31    1    3   12    1   22    3    3    1      1519
   31    1    3   13    1   31    4    4    1       483
   31    1    3   14    1    6    1    2    0      2369
   31    1    4    1    1   28    4    4    1      1643
   31    1    4    2    1    6    1    1    1      2043
   31    1    4    3    1   15    2    2    1       858
   31    1    4    4    1   31    4    4    1      1273
   31    1    4    5    1   22    3    3    1       679
   31    1    4    6    1    2    1    1    1      1597
   31    1    4    7    1    9    1    1    1      1677
   31    1    4    8    1   19    3    3    1      1483
   31    1    4    9    1    7    2    2    1      1873
   31    1    4   10    1   25    4    4    1      2054
   31    1    4   11    1   26    4    3    0      1301
   31    1    4   12    1   21    3    3    1      1658
   31    1    4   13    1   12    2    2    1      1401
   31    1    4   14    1    3    2    2    1      1201
   31    1    5    1    1    3    2    2    1      2909
   31    1    5    2    1   21    3    3    1      3626
   31    1    5    3    1   31    4    4    1       778
   31    1    5    4    1    9    1    1    1      1484
   31    1    5    5    1   15    2    2    1       881
   31    1    5    6    1   25    4    4    1      1598
   31    1    5    7    1   26    4    3    0       767
   31    1    5    8    1   28    4    4    1       633
   31    1    5    9    1   12    2    2    1      1105
   31    1    5   10    1    7    2    2    1      1541
   31    1    5   11    1    2    1    1    1       713
   31    1    5   12    1   22    3    3    1      1997
   31    1    5   13    1    6    1    2    0      1070
   31    1    5   14    1   19    3    3    1      1723
   31    1    6    1    1   26    4    4    1      2984
   31    1    6    2    1   28    4    4    1      1457
   31    1    6    3    1   15    2    2    1      1368
   31    1    6    4    1   25    4    4    1      1937
   31    1    6    5    1   12    2    2    1      1158
   31    1    6    6    1    9    1    1    1      1416
   31    1    6    7    1    3    2    2    1      1104
   31    1    6    8    1   22    3    3    1      2982
   31    1    6    9    1    2    1    1    1      1423
   31    1    6   10    1    7    2    2    1       887
   31    1    6   11    1   21    3    3    1      1924
   31    1    6   12    1   31    4    4    1       648
   31    1    6   13    1   19    3    3    1      1791
   31    1    6   14    1    6    1    1    1      1560
   31    1    7    1    1    7    2    2    1      4241
   31    1    7    2    1    6    1    1    1      1417
   31    1    7    3    1   28    4    4    1       977
   31    1    7    4    1   22    3    3    1      2555
   31    1    7    5    1   19    3    4    0       854
   31    1    7    6    1   21    3    3    1      2668
   31    1    7    7    1   25    4    4    1      1314
   31    1    7    8    1    2    1    1    1      1182
   31    1    7    9    1   15    2    2    1      1008
   31    1    7   10    1    3    2    2    1      2088
   31    1    7   11    1    9    1    2    0      2965
   31    1    7   12    1   31    4    3    0      1335
   31    1    7   13    1   12    2    2    1      1195
   31    1    7   14    1   26    4    4    1      2539
   31    1    8    1    1   25    4    1    0      1181
   31    1    8    2    1   19    3    3    1      2359
   31    1    8    3    1   26    4    4    1      8985
   31    1    8    4    1    9    1    1    1       947
   31    1    8    5    1   21    3    3    1      2525
   31    1    8    6    1   15    2    2    1      1337
   31    1    8    7    1   12    2    2    1      1749
   31    1    8    8    1    2    1    1    1       895
   31    1    8    9    1   28    4    4    1      1549
   31    1    8   10    1    7    2    2    1      2863
   31    1    8   11    1   31    4    4    1       877
   31    1    8   12    1    6    1    1    1      2827
   31    1    8   13    1    3    2    2    1      1211
   31    1    8   14    1   22    3    3    1      1788
   31    1    9    1    1   31    4    4    1      1167
   31    1    9    2    1    3    2    2    1      1408
   31    1    9    3    1   22    3    3    1       809
   31    1    9    4    1    6    1    1    1      1801
   31    1    9    5    1   15    2    2    1       979
   31    1    9    6    1   28    4    4    1      1133
   31    1    9    7    1   12    2    2    1      1857
   31    1    9    8    1   25    4    3    0      2951
   31    1    9    9    1    7    2    2    1      3098
   31    1    9   10    1   21    3    3    1      1247
   31    1    9   11    1    2    1    1    1      6925
   31    1    9   12    1    9    1    1    1      2313
   31    1    9   13    1   19    3    3    1      2621
   31    1    9   14    1   26    4    3    0      2245
   31    1   10    1    1   25    4    4    1      1028
   31    1   10    2    1   21    3    3    1      1676
   31    1   10    3    1   12    2    2    1      1099
   31    1   10    4    1   19    3    3    1      4015
   31    1   10    5    1    9    1    1    1      1455
   31    1   10    6    1    6    1    1    1      3413
   31    1   10    7    1   31    4    4    1      1262
   31    1   10    8    1   22    3    3    1      1372
   31    1   10    9    1   28    4    4    1       758
   31    1   10   10    1    7    2    2    1      1290
   31    1   10   11    1    2    1    1    1       663
   31    1   10   12    1   15    2    2    1      1069
   31    1   10   13    1    3    2    2    1      1442
   31    1   10   14    1   26    4    4    1      1627
   31    2    1    1    1   25    4    4    1      3367
   31    2    1    2    2    5    0    1    9      1904
   31    2    1    3    1    2    1    2    0      1301
   31    2    1    4    1   22    3    3    1      2753
   31    2    1    5    1    2    1    2    0      1252
   31    2    1    6    2   14    0    2    9      1171
   31    2    1    7    1   26    4    4    1      2261
   31    2    1    8    2    1    0    1    9      1244
   31    2    1    9    2   18    0    3    9      6379
   31    2    1   10    1    7    2    2    1      4013
   31    2    1   11    1    3    2    2    1      1261
   31    2    1   12    1    3    2    2    1       859
   31    2    1   13    1   19    3    3    1      1114
   31    2    1   14    1   28    4    4    1       798
   31    2    1   15    1   21    3    3    1      2095
   31    2    1   16    1   31    4    4    1       780
   31    2    1   17    2    8    0    2    9      1294
   31    2    1   18    1   25    4    4    1      1499
   31    2    1   19    2   27    0    4    9      1039
   31    2    1   20    1   21    3    3    1      5575
   31    2    1   21    2    4    0    2    9      2297
   31    2    1   22    1   26    4    4    1      1661
   31    2    1   23    2   20    0    3    9      1292
   31    2    1   24    1   12    2    2    1      1049
   31    2    1   25    2   32    0    4    9       688
   31    2    1   26    1   15    2    2    1      1061
   31    2    1   27    2   10    0    2    9      1580
   31    2    1   28    2   14    0    2    9       765
   31    2    1   29    1   22    3    3    1      2063
   31    2    1   30    1    7    2    2    1      1005
   31    2    1   31    2   29    0    4    9      3190
   31    2    1   32    2   24    0    3    9      2311
   31    2    1   33    1   12    2    2    1      1308
   31    2    1   34    1    6    1    1    1      2057
   31    2    1   35    2   13    0    2    9      2295
   31    2    1   36    2   23    0    3    9      1021
   31    2    1   37    1   28    4    4    1       549
   31    2    1   38    2   11    0    2    9       719
   31    2    1   39    1    9    1    1    1      1668
   31    2    1   40    1   19    3    3    1      1266
   31    2    1   41    1    9    1    1    1      1264
   31    2    1   42    2   24    0    3    9      2910
   31    2    1   43    2   24    0    3    9       843
   31    2    1   44    2   24    0    3    9      1626
   31    2    1   45    2   17    0    3    9      1338
   31    2    1   46    1   15    2    2    1       997
   31    2    1   47    1    6    1    2    0      1198
   31    2    1   48    1   31    4    4    1       942
   31    2    1   49    2   30    0    4    9       794
   31    2    1   50    2   14    0    2    9      1131
   31    2    1   51    2   16    0    2    9      1103
   31    2    1   52    2   14    0    1    9      1076
   31    2    2    1    1   22    3    3    1      4426
   31    2    2    2    1   26    4    3    0      1498
   31    2    2    3    1    3    2    2    1      3343
   31    2    2    4    2   29    0    4    9      1530
   31    2    2    5    1   21    3    3    1      1006
   31    2    2    6    1    2    1    1    1      1846
   31    2    2    7    2   17    0    3    9      3261
   31    2    2    8    1   22    3    3    1      1804
   31    2    2    9    1    6    1    1    1      1444
   31    2    2   10    2   24    0    3    9      2124
   31    2    2   11    1   25    4    4    1      1736
   31    2    2   12    2   23    0    3    9      1955
   31    2    2   13    1    7    2    2    1      3253
   31    2    2   14    1   21    3    3    1      2100
   31    2    2   15    1   12    2    2    1      1201
   31    2    2   16    1   26    4    4    1      1634
   31    2    2   17    1   12    2    2    1      1233
   31    2    2   18    2   30    0    4    9      2480
   31    2    2   19    2   13    0    1    9      2094
   31    2    2   20    1   19    3    3    1      1227
   31    2    2   21    2   14    0    1    9      3755
   31    2    2   22    2   10    0    1    9      2101
   31    2    2   23    2   24    0    3    9       978
   31    2    2   24    2   14    0    1    9      2780
   31    2    2   25    2   18    0    3    9      1101
   31    2    2   26    2    1    0    1    9      1090
   31    2    2   27    1   31    4    4    1      8199
   31    2    2   28    1    9    1    1    1       960
   31    2    2   29    2   27    0    4    9      1227
   31    2    2   30    1   28    4    4    1      1339
   31    2    2   31    2   24    0    4    9       662
   31    2    2   32    1   25    4    4    1      1773
   31    2    2   33    2   32    0    4    9       663
   31    2    2   34    1   15    2    2    1      2333
   31    2    2   35    1   31    4    4    1      1888
   31    2    2   36    2   24    0    3    9      2197
   31    2    2   37    2   20    0    3    9       734
   31    2    2   38    1   28    4    4    1       577
   31    2    2   39    2    5    0    1    9      1115
   31    2    2   40    2    4    0    2    9      2207
   31    2    2   41    2    8    0    2    9       728
   31    2    2   42    1   15    2    2    1      1372
   31    2    2   43    1    9    1    1    1       886
   31    2    2   44    1   19    3    3    1      3891
   31    2    2   45    2   14    0    1    9      1384
   31    2    2   46    1    7    2    2    1      1059
   31    2    2   47    2   14    0    1    9       857
   31    2    2   48    2   11    0    2    9      1576
   31    2    2   49    1    2    1    1    1       954
   31    2    2   50    1    6    1    1    1       949
   31    2    2   51    2   16    0    2    9       927
   31    2    2   52    1    3    2    2    1      1723
