    9    1    1    1    1   26    2    1    0      3712
    9    1    1    2    1   21    1    1    1      1224
    9    1    1    3    1   22    1    2    0      1376
    9    1    1    4    1    9    1    1    1       763
    9    1    1    5    1   15    2    1    0      1054
    9    1    1    6    1   19    1    2    0       901
    9    1    1    7    1    6    1    1    1       746
    9    1    1    8    1   25    2    1    0       677
    9    1    1    9    1   31    2    2    1       748
    9    1    1   10    1    2    1    1    1       439
    9    1    1   11    1   12    2    1    0       622
    9    1    1   12    1   28    2    2    1      1191
    9    1    1   13    1    7    2    1    0       761
    9    1    1   14    1    3    2    1    0      1524
    9    1    2    1    1    7    2    1    0      1505
    9    1    2    2    1   21    1    1    1       686
    9    1    2    3    1    2    1    2    0       852
    9    1    2    4    1    9    1    1    1       531
    9    1    2    5    1   19    1    2    0       775
    9    1    2    6    1   26    2    1    0       481
    9    1    2    7    1   28    2    2    1       831
    9    1    2    8    1   12    2    2    1       463
    9    1    2    9    1   22    1    1    1       645
    9    1    2   10    1   25    2    1    0       597
    9    1    2   11    1   31    2    2    1       814
    9    1    2   12    1   15    2    2    1       550
    9    1    2   13    1    6    1    1    1       561
    9    1    2   14    1    3    2    1    0       468
    9    1    3    1    1   31    2    2    1      1206
    9    1    3    2    1    7    2    2    1       703
    9    1    3    3    1   26    2    1    0       460
    9    1    3    4    1   15    2    1    0      1179
    9    1    3    5    1   19    1    1    1       598
    9    1    3    6    1    2    1    1    1       471
    9    1    3    7    1   12    2    2    1       581
    9    1    3    8    1    9    1    2    0       398
    9    1    3    9    1   21    1    1    1      1256
    9    1    3   10    1    3    2    1    0       510
    9    1    3   11    1   25    2    1    0      1988
    9    1    3   12    1    6    1    1    1       550
    9    1    3   13    1   28    2    2    1      1456
    9    1    3   14    1   22    1    1    1       903
    9    1    4    1    1   25    2    2    1      2508
    9    1    4    2    1    9    1    2    0       602
    9    1    4    3    1    3    2    1    0       691
    9    1    4    4    1   12    2    2    1       889
    9    1    4    5    1   22    1    1    1       790
    9    1    4    6    1    7    2    2    1       856
    9    1    4    7    1   28    2    2    1       615
    9    1    4    8    1    2    1    1    1       576
    9    1    4    9    1   15    2    2    1       594
    9    1    4   10    1   26    2    1    0       484
    9    1    4   11    1   31    2    2    1      1129
    9    1    4   12    1   21    1    1    1       486
    9    1    4   13    1    6    1    1    1       892
    9    1    4   14    1   19    1    2    0       657
    9    1    5    1    1   25    2    1    0       641
    9    1    5    2    1   28    2    2    1      2753
    9    1    5    3    1    3    2    1    0       788
    9    1    5    4    1   22    1    1    1       901
    9    1    5    5    1   19    1    2    0       586
    9    1    5    6    1   12    2    2    1      1516
    9    1    5    7    1    2    1    1    1       833
    9    1    5    8    1   31    2    2    1       928
    9    1    5    9    1   21    1    1    1       685
    9    1    5   10    1   26    2    2    1      1387
    9    1    5   11    1    7    2    1    0      2237
    9    1    5   12    1   15    2    2    1       541
    9    1    5   13    1    9    1    1    1       712
    9    1    5   14    1    6    1    1    1      1485
    9    1    6    1    1   21    1    1    1      1116
    9    1    6    2    1   22    1    1    1      1712
    9    1    6    3    1   15    2    2    1       646
    9    1    6    4    1   25    2    1    0      1493
    9    1    6    5    1    7    2    2    1      1603
    9    1    6    6    1    9    1    2    0      1164
    9    1    6    7    1    3    2    1    0       871
    9    1    6    8    1   19    1    2    0       525
    9    1    6    9    1    2    1    1    1       937
    9    1    6   10    1   26    2    1    0      2181
    9    1    6   11    1   28    2    2    1       863
    9    1    6   12    1   12    2    2    1       622
    9    1    6   13    1   31    2    2    1      1143
    9    1    6   14    1    6    1    1    1       650
    9    1    7    1    1    2    1    1    1      1145
    9    1    7    2    1    9    1    1    1      1342
    9    1    7    3    1    3    2    2    1      1330
    9    1    7    4    1   19    1    2    0       686
    9    1    7    5    1   31    2    2    1      1356
    9    1    7    6    1   26    2    1    0      1519
    9    1    7    7    1    7    2    2    1      1348
    9    1    7    8    1   12    2    2    1       655
    9    1    7    9    1   21    1    1    1       885
    9    1    7   10    1   15    2    2    1       740
    9    1    7   11    1   25    2    1    0       911
    9    1    7   12    1    6    1    1    1      1100
    9    1    7   13    1   22    1    1    1       538
    9    1    7   14    1   28    2    2    1       477
    9    1    8    1    1    7    2    2    1       972
    9    1    8    2    1    2    1    1    1      1503
    9    1    8    3    1   12    2    2    1       676
    9    1    8    4    1   22    1    1    1       578
    9    1    8    5    1   31    2    2    1      1004
    9    1    8    6    1    3    2    2    1      1101
    9    1    8    7    1   21    1    1    1       794
    9    1    8    8    1   25    2    1    0       708
    9    1    8    9    1   26    2    2    1      1993
    9    1    8   10    1   15    2    2    1      1131
    9    1    8   11    1    6    1    1    1      2382
    9    1    8   12    1    9    1    1    1      1944
    9    1    8   13    1   19    1    2    0       764
    9    1    8   14    1   28    2    2    1       655
    9    1    9    1    1   22    1    1    1       814
    9    1    9    2    1   15    2    2    1       766
    9    1    9    3    1    2    1    1    1       641
    9    1    9    4    1    7    2    2    1       712
    9    1    9    5    1   28    2    2    1       501
    9    1    9    6    1   21    1    1    1      1082
    9    1    9    7    1    9    1    1    1       776
    9    1    9    8    1   31    2    2    1      1018
    9    1    9    9    1   19    1    2    0       850
    9    1    9   10    1    3    2    1    0      1257
    9    1    9   11    1   26    2    2    1      1753
    9    1    9   12    1   12    2    2    1       700
    9    1    9   13    1    6    1    1    1       713
    9    1    9   14    1   25    2    1    0       686
    9    1   10    1    1    3    2    2    1       715
    9    1   10    2    1   19    1    1    1       880
    9    1   10    3    1   26    2    2    1      1406
    9    1   10    4    1    6    1    1    1      1184
    9    1   10    5    1    7    2    2    1       817
    9    1   10    6    1   31    2    2    1       714
    9    1   10    7    1   28    2    2    1       598
    9    1   10    8    1   21    1    1    1       903
    9    1   10    9    1   25    2    2    1      1028
    9    1   10   10    1    9    1    1    1      1396
    9    1   10   11    1   15    2    2    1       918
    9    1   10   12    1   22    1    1    1      1506
    9    1   10   13    1    2    1    1    1       983
    9    1   10   14    1   12    2    2    1       833
    9    2    1    1    1   28    2    2    1      1863
    9    2    1    2    2   20    0    2    9       996
    9    2    1    3    2   17    0    1    9      3550
    9    2    1    4    1   21    1    1    1      1225
    9    2    1    5    1    2    1    1    1      2305
    9    2    1    6    1   25    2    2    1      1030
    9    2    1    7    2   11    0    2    9       822
    9    2    1    8    2   24    0    2    9       911
    9    2    1    9    2   23    0    2    9       884
    9    2    1   10    2   30    0    1    9      1025
    9    2    1   11    1   12    2    2    1      1970
    9    2    1   12    2   24    0    2    9       756
    9    2    1   13    1   19    1    2    0      1623
    9    2    1   14    1   22    1    1    1      1207
    9    2    1   15    1   25    2    2    1      1001
    9    2    1   16    1   12    2    2    1      1274
    9    2    1   17    1    7    2    2    1      2225
    9    2    1   18    1   26    2    2    1      2137
    9    2    1   19    2   27    0    2    9       677
    9    2    1   20    2   29    0    2    9      1131
    9    2    1   21    1   28    2    2    1       943
    9    2    1   22    1    3    2    2    1      1722
    9    2    1   23    1   15    2    2    1       711
    9    2    1   24    2   18    0    1    9      1628
    9    2    1   25    2   14    0    2    9      1516
    9    2    1   26    1   26    2    2    1      1913
    9    2    1   27    1    6    1    2    0       814
    9    2    1   28    2   32    0    2    9      1590
    9    2    1   29    1   31    2    2    1       800
    9    2    1   30    1   22    1    1    1      2689
    9    2    1   31    1    2    1    1    1       959
    9    2    1   32    1   21    1    1    1       786
    9    2    1   33    2   13    0    2    9       891
    9    2    1   34    1    6    1    1    1      1153
    9    2    1   35    2   14    0    1    9      2020
    9    2    1   36    1   19    1    2    0      1173
    9    2    1   37    2   14    0    2    9      1551
    9    2    1   38    2   16    0    2    9       674
    9    2    1   39    2   14    0    2    9      1177
    9    2    1   40    2   24    0    2    9       731
    9    2    1   41    2   10    0    2    9      1919
    9    2    1   42    2    1    0    1    9      1467
    9    2    1   43    1   31    2    2    1       841
    9    2    1   44    2    4    0    2    9       649
    9    2    1   45    1    7    2    2    1       712
    9    2    1   46    2    8    0    2    9       629
    9    2    1   47    1    9    1    2    0      1422
    9    2    1   48    1    9    1    1    1       606
    9    2    1   49    1   15    2    2    1       791
    9    2    1   50    1    3    2    2    1       737
    9    2    1   51    2    5    0    1    9       716
    9    2    1   52    2   24    0    2    9       544
    9    2    2    1    2   16    0    2    9       588
    9    2    2    2    2   13    0    1    9       845
    9    2    2    3    1    3    2    2    1      1021
    9    2    2    4    1   15    2    2    1       534
    9    2    2    5    1   26    2    2    1      1410
    9    2    2    6    2   27    0    2    9       547
    9    2    2    7    1    6    1    1    1       846
    9    2    2    8    2   24    0    2    9       637
    9    2    2    9    1    6    1    1    1       725
    9    2    2   10    2   24    0    2    9       585
    9    2    2   11    2   17    0    1    9       803
    9    2    2   12    1   12    2    2    1       652
    9    2    2   13    1   22    1    1    1       739
    9    2    2   14    2    4    0    2    9       575
    9    2    2   15    1    2    1    1    1       473
    9    2    2   16    2   14    0    1    9      1399
    9    2    2   17    2   14    0    2    9       632
    9    2    2   18    1   19    1    2    0      1144
    9    2    2   19    1   25    2    1    0       636
    9    2    2   20    2   18    0    2    9      1147
    9    2    2   21    1    3    2    2    1       910
    9    2    2   22    2    5    0    1    9      1179
    9    2    2   23    1   19    1    2    0       709
    9    2    2   24    1   26    2    2    1      1331
    9    2    2   25    1    9    1    1    1      1910
    9    2    2   26    1   28    2    2    1      1763
    9    2    2   27    2   14    0    1    9      1638
    9    2    2   28    1   31    2    2    1       814
    9    2    2   29    1   21    1    1    1      1430
    9    2    2   30    1    7    2    2    1       685
    9    2    2   31    2   29    0    1    9      1387
    9    2    2   32    2    1    0    1    9      1013
    9    2    2   33    1   21    1    1    1       710
    9    2    2   34    2   32    0    2    9       555
    9    2    2   35    2   10    0    1    9       838
    9    2    2   36    1   22    1    1    1       526
    9    2    2   37    2    8    0    2    9       594
    9    2    2   38    2   23    0    2    9       747
    9    2    2   39    1   12    2    2    1       478
    9    2    2   40    1   15    2    2    1       661
    9    2    2   41    2   30    0    2    9      1340
    9    2    2   42    2   20    0    2    9       511
    9    2    2   43    2   24    0    2    9       732
    9    2    2   44    1   25    2    2    1       448
    9    2    2   45    1    2    1    1    1      1535
    9    2    2   46    1   31    2    2    1       843
    9    2    2   47    1    9    1    1    1       842
    9    2    2   48    2   14    0    1    9      1274
    9    2    2   49    1    7    2    2    1       656
    9    2    2   50    1   28    2    2    1      1871
    9    2    2   51    2   11    0    2    9       758
    9    2    2   52    2   24    0    2    9       417
