   56    1    1    1    1    6    1    2    0      7814
   56    1    1    2    1   22    3    2    0      1944
   56    1    1    3    1   21    3    3    1      1997
   56    1    1    4    1   25    4    3    0      1766
   56    1    1    5    1   28    4    2    0      3456
   56    1    1    6    1   15    2    3    0      1144
   56    1    1    7    1   12    2    1    0      4131
   56    1    1    8    1   26    4    3    0      4008
   56    1    1    9    1    9    1    1    1      2049
   56    1    1   10    1    3    2    2    1      1945
   56    1    1   11    1    7    2    2    1      1437
   56    1    1   12    1   19    3    3    1      1133
   56    1    1   13    1    2    1    2    0      1504
   56    1    1   14    1   31    4    3    0      4301
   56    1    2    1    1    3    2    2    1      2579
   56    1    2    2    1   19    3    4    0      2430
   56    1    2    3    1   12    2    1    0      2334
   56    1    2    4    1   21    3    3    1      1218
   56    1    2    5    1    7    2    2    1      1339
   56    1    2    6    1   26    4    4    1      2086
   56    1    2    7    1    2    1    2    0      2236
   56    1    2    8    1   25    4    3    0      4940
   56    1    2    9    1   22    3    3    1      2008
   56    1    2   10    1    9    1    2    0      2562
   56    1    2   11    1   31    4    4    1      2053
   56    1    2   12    1   28    4    3    0      1076
   56    1    2   13    1    6    1    1    1      2834
   56    1    2   14    1   15    2    2    1      1051
   56    1    3    1    1    7    2    1    0      3132
   56    1    3    2    1   31    4    4    1      2857
   56    1    3    3    1   19    3    3    1       824
   56    1    3    4    1   12    2    2    1      1129
   56    1    3    5    1   26    4    4    1      2198
   56    1    3    6    1   28    4    4    1       911
   56    1    3    7    1   21    3    3    1       788
   56    1    3    8    1    6    1    2    0      1165
   56    1    3    9    1   15    2    4    0      1680
   56    1    3   10    1    9    1    2    0      5206
   56    1    3   11    1   22    3    3    1      2168
   56    1    3   12    1   25    4    3    0       907
   56    1    3   13    1    2    1    1    1      2824
   56    1    3   14    1    3    2    1    0      1800
   56    1    4    1    1   26    4    3    0      7111
   56    1    4    2    1    9    1    1    1      4909
   56    1    4    3    1    3    2    3    0       963
   56    1    4    4    1    7    2    2    1      2094
   56    1    4    5    1    6    1    1    1      1380
   56    1    4    6    1   15    2    3    0      1214
   56    1    4    7    1   21    3    3    1      1351
   56    1    4    8    1   22    3    3    1      1482
   56    1    4    9    1   19    3    4    0       776
   56    1    4   10    1    2    1    1    1      1906
   56    1    4   11    1   31    4    4    1      1696
   56    1    4   12    1   12    2    2    1      1390
   56    1    4   13    1   28    4    4    1      2255
   56    1    4   14    1   25    4    1    0      2183
   56    1    5    1    1   31    4    4    1      1827
   56    1    5    2    1   22    3    3    1      2947
   56    1    5    3    1   12    2    2    1      1375
   56    1    5    4    1    9    1    2    0      2137
   56    1    5    5    1   21    3    3    1      7437
   56    1    5    6    1    2    1    1    1      2598
   56    1    5    7    1   26    4    4    1      2839
   56    1    5    8    1    7    2    2    1      3823
   56    1    5    9    1   19    3    3    1      2247
   56    1    5   10    1    6    1    1    1      2887
   56    1    5   11    1   25    4    3    0      4852
   56    1    5   12    1   15    2    2    1      3084
   56    1    5   13    1    3    2    2    1      3362
   56    1    5   14    1   28    4    4    1      2269
   56    1    6    1    1   12    2    2    1      1660
   56    1    6    2    1   26    4    4    1      2371
   56    1    6    3    1   22    3    4    0      2190
   56    1    6    4    1   25    4    4    1      4199
   56    1    6    5    1    2    1    1    1      1769
   56    1    6    6    1   19    3    4    0      2187
   56    1    6    7    1   28    4    4    1      2341
   56    1    6    8    1    9    1    2    0      2681
   56    1    6    9    1    6    1    1    1      2279
   56    1    6   10    1   15    2    2    1      4509
   56    1    6   11    1   21    3    3    1      1259
   56    1    6   12    1    3    2    1    0      2882
   56    1    6   13    1    7    2    2    1      2480
   56    1    6   14    1   31    4    4    1      1422
   56    1    7    1    1   26    4    4    1      3298
   56    1    7    2    1    7    2    2    1      3192
   56    1    7    3    1    3    2    1    0      3562
   56    1    7    4    1   28    4    4    1      1165
   56    1    7    5    1   15    2    2    1      1719
   56    1    7    6    1   22    3    3    1      3140
   56    1    7    7    1   19    3    4    0      2792
   56    1    7    8    1    6    1    1    1      4002
   56    1    7    9    1   12    2    4    0      3363
   56    1    7   10    1   21    3    3    1      3014
   56    1    7   11    1   31    4    4    1      4967
   56    1    7   12    1    9    1    1    1      4337
   56    1    7   13    1    2    1    1    1      1446
   56    1    7   14    1   25    4    3    0      2166
   56    1    8    1    1   22    3    3    1      8574
   56    1    8    2    1    9    1    1    1      2178
   56    1    8    3    1    7    2    2    1      2812
   56    1    8    4    1   25    4    4    1      2438
   56    1    8    5    1   21    3    3    1      5765
   56    1    8    6    1    6    1    1    1      2848
   56    1    8    7    1   12    2    2    1      2008
   56    1    8    8    1   28    4    4    1      2585
   56    1    8    9    1   31    4    4    1      4331
   56    1    8   10    1    2    1    1    1      2535
   56    1    8   11    1   15    2    2    1      1107
   56    1    8   12    1   26    4    4    1      2176
   56    1    8   13    1   19    3    3    1      2195
   56    1    8   14    1    3    2    2    1      1613
   56    1    9    1    1   31    4    4    1      1835
   56    1    9    2    1    7    2    2    1      3403
   56    1    9    3    1    6    1    1    1      1148
   56    1    9    4    1    2    1    1    1      1223
   56    1    9    5    1   19    3    3    1      3439
   56    1    9    6    1   21    3    3    1      4351
   56    1    9    7    1   28    4    4    1      3195
   56    1    9    8    1   26    4    4    1      1085
   56    1    9    9    1   25    4    4    1      1787
   56    1    9   10    1   12    2    2    1      1244
   56    1    9   11    1   15    2    2    1       852
   56    1    9   12    1    3    2    2    1      1211
   56    1    9   13    1   22    3    3    1      2476
   56    1    9   14    1    9    1    1    1      2179
   56    1   10    1    1    7    2    2    1      1604
   56    1   10    2    1   31    4    4    1      4901
   56    1   10    3    1   19    3    3    1      7202
   56    1   10    4    1   25    4    4    1      2884
   56    1   10    5    1   28    4    4    1      1170
   56    1   10    6    1   12    2    2    1      1644
   56    1   10    7    1   26    4    4    1      2900
   56    1   10    8    1   22    3    3    1      1513
   56    1   10    9    1    6    1    1    1      5350
   56    1   10   10    1    2    1    1    1       865
   56    1   10   11    1   15    2    2    1      1688
   56    1   10   12    1   21    3    3    1      3557
   56    1   10   13    1    3    2    2    1      1433
   56    1   10   14    1    9    1    1    1      1528
   56    2    1    1    1   21    3    3    1      4049
   56    2    1    2    1    7    2    2    1      1576
   56    2    1    3    1   22    3    3    1      6443
   56    2    1    4    1   21    3    3    1      1331
   56    2    1    5    1   25    4    4    1       807
   56    2    1    6    2   14    0    1    9      2079
   56    2    1    7    2   32    0    4    9      5486
   56    2    1    8    2   24    0    3    9      1980
   56    2    1    9    2    8    0    2    9      2942
   56    2    1   10    1   25    4    4    1      4098
   56    2    1   11    1   12    2    2    1      1887
   56    2    1   12    2   11    0    2    9      5757
   56    2    1   13    2   24    0    3    9      6857
   56    2    1   14    2    1    0    1    9      2377
   56    2    1   15    2   14    0    1    9      9707
   56    2    1   16    1   28    4    4    1      5081
   56    2    1   17    2    4    0    2    9      2815
   56    2    1   18    1   15    2    2    1      1840
   56    2    1   19    2   24    0    3    9      1856
   56    2    1   20    2   18    0    3    9      2999
   56    2    1   21    2   30    0    4    9      1104
   56    2    1   22    1    3    2    1    0       941
   56    2    1   23    1   15    2    2    1      4825
   56    2    1   24    2   29    0    4    9      5433
   56    2    1   25    1    9    1    1    1      1794
   56    2    1   26    1    3    2    2    1      1276
   56    2    1   27    2   16    0    2    9       875
   56    2    1   28    2   13    0    1    9      1394
   56    2    1   29    1   12    2    2    1      1267
   56    2    1   30    2   27    0    4    9      1930
   56    2    1   31    1   26    4    4    1      1453
   56    2    1   32    2    5    0    1    9      2621
   56    2    1   33    1   28    4    4    1      3805
   56    2    1   34    1   31    4    4    1      7462
   56    2    1   35    1    7    2    2    1      4422
   56    2    1   36    1   19    3    3    1      3975
   56    2    1   37    2   20    0    3    9      1833
   56    2    1   38    2   23    0    3    9      2929
   56    2    1   39    1   31    4    4    1      7805
   56    2    1   40    2   17    0    3    9      1368
   56    2    1   41    2   24    0    3    9      7362
   56    2    1   42    2   14    0    1    9      2894
   56    2    1   43    2   10    0    1    9      1452
   56    2    1   44    1   19    3    3    1      3571
   56    2    1   45    1    6    1    1    1      4773
   56    2    1   46    1    6    1    1    1      1568
   56    2    1   47    1    2    1    1    1      1219
   56    2    1   48    1    9    1    1    1      1147
   56    2    1   49    2   14    0    1    9      1759
   56    2    1   50    1    2    1    1    1       802
   56    2    1   51    1   22    3    3    1      1987
   56    2    1   52    1   26    4    3    0       909
   56    2    2    1    2   16    0    2    9      3082
   56    2    2    2    2   14    0    1    9      1424
   56    2    2    3    1   26    4    4    1      1488
   56    2    2    4    2   24    0    3    9      1422
   56    2    2    5    1    6    1    1    1      5606
   56    2    2    6    1   21    3    3    1      1416
   56    2    2    7    2    4    0    2    9      1456
   56    2    2    8    2   32    0    4    9      5695
   56    2    2    9    1   28    4    4    1      1062
   56    2    2   10    2   24    0    3    9      1285
   56    2    2   11    1   22    3    3    1      1267
   56    2    2   12    1    7    2    2    1      1305
   56    2    2   13    2   24    0    3    9      2046
   56    2    2   14    1    3    2    2    1      4958
   56    2    2   15    1    3    2    2    1      1449
   56    2    2   16    2   23    0    3    9      4865
   56    2    2   17    2   14    0    1    9      6343
   56    2    2   18    1    6    1    1    1      5452
   56    2    2   19    2   27    0    4    9      2852
   56    2    2   20    1   28    4    4    1      1483
   56    2    2   21    1   12    2    2    1      5137
   56    2    2   22    2   10    0    1    9      1869
   56    2    2   23    1   21    3    3    1      1772
   56    2    2   24    2   29    0    4    9      2478
   56    2    2   25    2   11    0    2    9      1285
   56    2    2   26    1   19    3    3    1      1394
   56    2    2   27    1    2    1    1    1      2476
   56    2    2   28    2    5    0    1    9      1282
   56    2    2   29    2   20    0    3    9      3016
   56    2    2   30    1   31    4    4    1      2561
   56    2    2   31    2   13    0    1    9      2804
   56    2    2   32    1   15    2    2    1      9197
   56    2    2   33    1    7    2    2    1      1215
   56    2    2   34    1   25    4    4    1      6808
   56    2    2   35    2    8    0    2    9      1801
   56    2    2   36    1    9    1    1    1      1435
   56    2    2   37    1    9    1    1    1       730
   56    2    2   38    2    1    0    1    9      2150
   56    2    2   39    1   25    4    4    1      2289
   56    2    2   40    2   24    0    3    9      2087
   56    2    2   41    1   19    3    3    1      2397
   56    2    2   42    1   22    3    3    1      4358
   56    2    2   43    1   26    4    4    1      1569
   56    2    2   44    2   30    0    4    9       932
   56    2    2   45    1   12    2    2    1      5703
   56    2    2   46    2   14    0    1    9      1173
   56    2    2   47    2   17    0    3    9      1608
   56    2    2   48    2   18    0    3    9      1705
   56    2    2   49    1    2    1    1    1      1510
   56    2    2   50    2   14    0    1    9      1091
   56    2    2   51    1   31    4    4    1      1424
   56    2    2   52    1   15    2    2    1      2201
