   31    1    1    1    1   28    4    1    0      1547
   31    1    1    2    1   15    2    3    0      2395
   31    1    1    3    1    6    1    2    0      1908
   31    1    1    4    1   21    3    1    0      2065
   31    1    1    5    1   25    4    3    0      2215
   31    1    1    6    1   12    2    4    0      5703
   31    1    1    7    1   10    2    1    0      2027
   31    1    1    8    1   22    3    4    0      4851
   31    1    1    9    1    9    2    1    0      2602
   31    1    1   10    1   31    4    4    1      1946
   31    1    1   11    1    3    1    3    0      3789
   31    1    1   12    1   19    3    1    0      2750
   31    1    1   13    1    5    1    3    0      3944
   31    1    1   14    1   26    4    2    0      1892
   31    1    2    1    1    9    2    4    0      2912
   31    1    2    2    1   10    2    2    1      1429
   31    1    2    3    1    6    1    2    0      1741
   31    1    2    4    1   26    4    3    0      3040
   31    1    2    5    1   28    4    1    0      4735
   31    1    2    6    1    3    1    4    0      2138
   31    1    2    7    1   19    3    3    1      2462
   31    1    2    8    1   12    2    4    0      2988
   31    1    2    9    1   31    4    1    0      4797
   31    1    2   10    1   21    3    2    0      3558
   31    1    2   11    1   25    4    3    0      1537
   31    1    2   12    1    5    1    4    0      3308
   31    1    2   13    1   22    3    2    0      1809
   31    1    2   14    1   15    2    4    0      4305
   31    1    3    1    1   28    4    3    0      3181
   31    1    3    2    1   21    3    2    0      4247
   31    1    3    3    1   12    2    2    1      1909
   31    1    3    4    1    3    1    1    1      5274
   31    1    3    5    1   15    2    3    0      4840
   31    1    3    6    1   26    4    3    0      3919
   31    1    3    7    1   31    4    1    0      4779
   31    1    3    8    1   19    3    4    0      3237
   31    1    3    9    1   10    2    1    0      5451
   31    1    3   10    1   22    3    4    0      3306
   31    1    3   11    1    6    1    3    0      1935
   31    1    3   12    1    9    2    1    0      4425
   31    1    3   13    1   25    4    4    1      2897
   31    1    3   14    1    5    1    1    1      1838
   31    1    4    1    1   10    2    2    1      1303
   31    1    4    2    1    6    1    1    1       836
   31    1    4    3    1   21    3    3    1       899
   31    1    4    4    1   15    2    1    0      1696
   31    1    4    5    1   25    4    4    1       533
   31    1    4    6    1   19    3    3    1      1584
   31    1    4    7    1    5    1    1    1      1393
   31    1    4    8    1   28    4    4    1      1162
   31    1    4    9    1    9    2    2    1       637
   31    1    4   10    1   26    4    3    0       820
   31    1    4   11    1   31    4    3    0      1916
   31    1    4   12    1   12    2    2    1      1144
   31    1    4   13    1   22    3    4    0       380
   31    1    4   14    1    3    1    1    1      1061
   31    1    5    1    1   10    2    1    0      1973
   31    1    5    2    1   25    4    3    0      1295
   31    1    5    3    1   12    2    1    0       532
   31    1    5    4    1    3    1    1    1       935
   31    1    5    5    1    5    1    2    0      1026
   31    1    5    6    1   19    3    4    0      1810
   31    1    5    7    1    6    1    1    1      2563
   31    1    5    8    1   26    4    3    0      1117
   31    1    5    9    1    9    2    2    1       777
   31    1    5   10    1   21    3    3    1      1035
   31    1    5   11    1   22    3    4    0      1042
   31    1    5   12    1   31    4    4    1       817
   31    1    5   13    1   15    2    2    1      1217
   31    1    5   14    1   28    4    4    1      1345
   31    1    6    1    1   28    4    3    0       976
   31    1    6    2    1   15    2    1    0      1298
   31    1    6    3    1   26    4    1    0      1030
   31    1    6    4    1    3    1    2    0      3045
   31    1    6    5    1   22    3    4    0       565
   31    1    6    6    1   25    4    4    1      1015
   31    1    6    7    1    6    1    2    0       831
   31    1    6    8    1    5    1    2    0       934
   31    1    6    9    1   21    3    3    1       937
   31    1    6   10    1   31    4    4    1       485
   31    1    6   11    1    9    2    1    0      1122
   31    1    6   12    1   19    3    3    1      2814
   31    1    6   13    1   10    2    2    1      1790
   31    1    6   14    1   12    2    1    0       983
   31    1    7    1    1    6    1    2    0      1631
   31    1    7    2    1    5    1    1    1      1095
   31    1    7    3    1   19    3    4    0      1820
   31    1    7    4    1   10    2    2    1      1244
   31    1    7    5    1   12    2    2    1       571
   31    1    7    6    1   21    3    4    0      1637
   31    1    7    7    1   31    4    4    1       764
   31    1    7    8    1   22    3    4    0       446
   31    1    7    9    1    3    1    1    1      2261
   31    1    7   10    1   28    4    4    1      1020
   31    1    7   11    1   25    4    3    0       564
   31    1    7   12    1    9    2    1    0      2438
   31    1    7   13    1   15    2    2    1       477
   31    1    7   14    1   26    4    3    0       746
   31    1    8    1    1   21    3    3    1      2283
   31    1    8    2    1   26    4    4    1       928
   31    1    8    3    1   19    3    3    1       828
   31    1    8    4    1   31    4    4    1       381
   31    1    8    5    1   15    2    1    0      1166
   31    1    8    6    1    9    2    2    1       712
   31    1    8    7    1   22    3    3    1       988
   31    1    8    8    1   25    4    4    1      1286
   31    1    8    9    1    6    1    1    1       403
   31    1    8   10    1    5    1    1    1       596
   31    1    8   11    1   10    2    2    1       573
   31    1    8   12    1   28    4    3    0       647
   31    1    8   13    1   12    2    2    1       885
   31    1    8   14    1    3    1    1    1       546
   31    1    9    1    1    6    1    1    1      2614
   31    1    9    2    1    3    1    1    1       334
   31    1    9    3    1   28    4    3    0      1025
   31    1    9    4    1   31    4    3    0       449
   31    1    9    5    1   22    3    3    1       392
   31    1    9    6    1   21    3    3    1       313
   31    1    9    7    1   12    2    2    1       525
   31    1    9    8    1   26    4    2    0       920
   31    1    9    9    1   15    2    2    1      2365
   31    1    9   10    1    5    1    1    1       335
   31    1    9   11    1   10    2    1    0       435
   31    1    9   12    1   25    4    4    1      2906
   31    1    9   13    1   19    3    3    1       502
   31    1    9   14    1    9    2    2    1      1043
   31    1   10    1    1   25    4    3    0      2304
   31    1   10    2    1   10    2    2    1      2237
   31    1   10    3    1   22    3    4    0      1284
   31    1   10    4    1    5    1    2    0      1257
   31    1   10    5    1    6    1    1    1       912
   31    1   10    6    1   19    3    3    1      1757
   31    1   10    7    1   21    3    3    1       567
   31    1   10    8    1   31    4    4    1       785
   31    1   10    9    1    9    2    2    1       419
   31    1   10   10    1   15    2    1    0       819
   31    1   10   11    1   12    2    1    0       394
   31    1   10   12    1   26    4    4    1      1540
   31    1   10   13    1    3    1    1    1       742
   31    1   10   14    1   28    4    4    1       650
   31    2    1    1    2   30    0    4    9      2322
   31    2    1    2    1   22    3    3    1      3333
   31    2    1    3    1   12    2    1    0      3904
   31    2    1    4    1   15    2    2    1      2901
   31    2    1    5    2   23    0    3    9      1217
   31    2    1    6    1   21    3    3    1      4017
   31    2    1    7    2   13    0    2    9      1713
   31    2    1    8    1    6    1    1    1      1469
   31    2    1    9    1   15    2    2    1       723
   31    2    1   10    1   25    4    4    1      3223
   31    2    1   11    1   26    4    4    1       806
   31    2    1   12    2   14    0    2    9      1352
   31    2    1   13    2    2    0    1    9       643
   31    2    1   14    2   32    0    4    9     23305
   31    2    1   15    1   28    4    4    1       742
   31    2    1   16    2    8    0    2    9      1209
   31    2    1   17    2   29    0    4    9      1978
   31    2    1   18    1   21    3    3    1       924
   31    2    1   19    2   24    0    3    9       712
   31    2    1   20    2    4    0    1    9      1037
   31    2    1   21    1    3    1    1    1       884
   31    2    1   22    1   28    4    4    1       913
   31    2    1   23    1   19    3    3    1       589
   31    2    1   24    1    3    1    1    1      2502
   31    2    1   25    2   20    0    3    9       867
   31    2    1   26    2   18    0    3    9       673
   31    2    1   27    2   11    0    4    9       679
   31    2    1   28    2    8    0    1    9      1469
   31    2    1   29    1   12    2    2    1       499
   31    2    1   30    2    7    0    1    9      1727
   31    2    1   31    1   22    3    3    1      3787
   31    2    1   32    1   26    4    4    1       933
   31    2    1   33    2    1    0    1    9      1024
   31    2    1   34    2   24    0    3    9      2456
   31    2    1   35    1   10    2    2    1       967
   31    2    1   36    1    5    1    1    1      1249
   31    2    1   37    1   19    3    3    1      1535
   31    2    1   38    1   10    2    2    1      2642
   31    2    1   39    2   24    0    3    9      2058
   31    2    1   40    1    9    2    2    1      1832
   31    2    1   41    2   27    0    4    9      1871
   31    2    1   42    2   17    0    3    9      2677
   31    2    1   43    2   16    0    2    9      1867
   31    2    1   44    2    8    0    1    9       881
   31    2    1   45    1   31    4    4    1      1791
   31    2    1   46    1    5    1    1    1      5096
   31    2    1   47    1   25    4    4    1     16972
   31    2    1   48    1    6    1    1    1      1558
   31    2    1   49    1    9    2    2    1       889
   31    2    1   50    1   31    4    4    1       710
   31    2    1   51    2   24    0    3    9       603
   31    2    1   52    2    8    0    1    9      1523
   31    2    2    1    2   24    0    3    9       759
   31    2    2    2    1   25    4    4    1     11529
   31    2    2    3    2   13    0    2    9      1165
   31    2    2    4    2   20    0    3    9      2255
   31    2    2    5    1   12    2    2    1      1190
   31    2    2    6    2    4    0    1    9       583
   31    2    2    7    1    6    1    1    1      1024
   31    2    2    8    2    8    0    1    9       536
   31    2    2    9    1   15    2    2    1       708
   31    2    2   10    1   21    3    3    1      4536
   31    2    2   11    1   28    4    4    1       803
   31    2    2   12    2    8    0    1    9      8004
   31    2    2   13    1    6    1    1    1       820
   31    2    2   14    1   21    3    3    1       980
   31    2    2   15    1    9    2    2    1      1070
   31    2    2   16    1   22    3    3    1       964
   31    2    2   17    1   12    2    2    1       749
   31    2    2   18    2   24    0    3    9       752
   31    2    2   19    2   16    0    2    9       771
   31    2    2   20    1   25    4    4    1       645
   31    2    2   21    1   22    3    3    1       620
   31    2    2   22    2    8    0    2    9       900
   31    2    2   23    2   14    0    2    9       561
   31    2    2   24    1    3    1    1    1       443
   31    2    2   25    1    5    1    1    1       955
   31    2    2   26    2   11    0    2    9       885
   31    2    2   27    2    1    0    1    9       626
   31    2    2   28    2   30    0    4    9      1162
   31    2    2   29    2    7    0    1    9      1373
   31    2    2   30    1   10    2    2    1      1159
   31    2    2   31    2    2    0    1    9       665
   31    2    2   32    1   26    4    4    1      1199
   31    2    2   33    2   17    0    3    9       560
   31    2    2   34    1   15    2    2    1      1867
   31    2    2   35    2   24    0    3    9      1601
   31    2    2   36    1   28    4    4    1       977
   31    2    2   37    2   32    0    4    9       779
   31    2    2   38    2   29    0    4    9       669
   31    2    2   39    2   23    0    3    9       627
   31    2    2   40    2   24    0    3    9      1083
   31    2    2   41    1   26    4    4    1       721
   31    2    2   42    2    8    0    1    9      1476
   31    2    2   43    1   31    4    4    1      1002
   31    2    2   44    1    3    1    1    1      1251
   31    2    2   45    2   18    0    3    9     13585
   31    2    2   46    1    9    2    2    1       835
   31    2    2   47    1   19    3    3    1       754
   31    2    2   48    1   19    3    3    1       405
   31    2    2   49    2   27    0    4    9       661
   31    2    2   50    1   31    4    4    1       540
   31    2    2   51    1   10    2    2    1      3575
   31    2    2   52    1    5    1    1    1       825
