   50    1    1    1    1   26    2    1    0      7000
   50    1    1    2    1   22    1    2    0      1464
   50    1    1    3    1   12    2    2    1      1318
   50    1    1    4    1   31    2    1    0      3714
   50    1    1    5    1    7    2    2    1       982
   50    1    1    6    1    2    1    1    1      1823
   50    1    1    7    1    9    1    1    1       823
   50    1    1    8    1    6    1    2    0       839
   50    1    1    9    1    3    2    2    1       879
   50    1    1   10    1   15    2    1    0      2316
   50    1    1   11    1   21    1    1    1       808
   50    1    1   12    1   19    1    2    0       937
   50    1    1   13    1   28    2    1    0      2524
   50    1    1   14    1   25    2    1    0       768
   50    1    2    1    1   31    2    2    1      2412
   50    1    2    2    1   26    2    2    1      1340
   50    1    2    3    1    9    1    1    1       584
   50    1    2    4    1   15    2    2    1      2145
   50    1    2    5    1   25    2    1    0       636
   50    1    2    6    1   19    1    1    1      3276
   50    1    2    7    1   21    1    1    1      1946
   50    1    2    8    1    3    2    2    1      1549
   50    1    2    9    1   22    1    1    1      3424
   50    1    2   10    1   12    2    2    1      5352
   50    1    2   11    1   28    2    2    1       979
   50    1    2   12    1    2    1    1    1      1516
   50    1    2   13    1    6    1    1    1      1728
   50    1    2   14    1    7    2    2    1      3132
   50    1    3    1    1   12    2    2    1      2778
   50    1    3    2    1   31    2    2    1      1084
   50    1    3    3    1   22    1    1    1      1809
   50    1    3    4    1   26    2    1    0      2073
   50    1    3    5    1   25    2    1    0      1392
   50    1    3    6    1   28    2    2    1      2338
   50    1    3    7    1    9    1    1    1       660
   50    1    3    8    1    3    2    1    0      1036
   50    1    3    9    1   15    2    2    1      5196
   50    1    3   10    1    7    2    1    0      2029
   50    1    3   11    1   19    1    1    1      1317
   50    1    3   12    1   21    1    1    1      1344
   50    1    3   13    1    2    1    1    1      1179
   50    1    3   14    1    6    1    1    1      1805
   50    1    4    1    1    7    2    2    1      1426
   50    1    4    2    1   12    2    2    1      1210
   50    1    4    3    1   28    2    2    1      1323
   50    1    4    4    1   15    2    2    1      1687
   50    1    4    5    1   19    1    1    1      1284
   50    1    4    6    1    3    2    1    0      1378
   50    1    4    7    1    2    1    1    1      1732
   50    1    4    8    1   25    2    1    0      2431
   50    1    4    9    1    9    1    1    1       886
   50    1    4   10    1   31    2    2    1       852
   50    1    4   11    1    6    1    1    1      1315
   50    1    4   12    1   26    2    2    1      1311
   50    1    4   13    1   22    1    1    1      1196
   50    1    4   14    1   21    1    1    1       941
   50    1    5    1    1   19    1    2    0      1365
   50    1    5    2    1   12    2    2    1      1031
   50    1    5    3    1    9    1    1    1       670
   50    1    5    4    1    7    2    2    1      1492
   50    1    5    5    1   25    2    1    0      1321
   50    1    5    6    1    6    1    1    1       781
   50    1    5    7    1   21    1    1    1      1071
   50    1    5    8    1   26    2    2    1      1253
   50    1    5    9    1   31    2    2    1      1011
   50    1    5   10    1   28    2    2    1      1932
   50    1    5   11    1   15    2    2    1      1439
   50    1    5   12    1    3    2    2    1      2247
   50    1    5   13    1   22    1    1    1      3037
   50    1    5   14    1    2    1    1    1      2645
   50    1    6    1    1    7    2    2    1      1714
   50    1    6    2    1    3    2    2    1      1598
   50    1    6    3    1   25    2    1    0      1535
   50    1    6    4    1   21    1    1    1      1082
   50    1    6    5    1   31    2    2    1      1455
   50    1    6    6    1    6    1    1    1      1990
   50    1    6    7    1   12    2    2    1      1816
   50    1    6    8    1   28    2    2    1      1200
   50    1    6    9    1   22    1    1    1      1681
   50    1    6   10    1    2    1    1    1      1262
   50    1    6   11    1   26    2    2    1      1324
   50    1    6   12    1   19    1    2    0      1385
   50    1    6   13    1    9    1    2    0      4442
   50    1    6   14    1   15    2    2    1      1409
   50    1    7    1    1   31    2    2    1      1374
   50    1    7    2    1    3    2    2    1      1304
   50    1    7    3    1   19    1    1    1      1077
   50    1    7    4    1    7    2    2    1      1771
   50    1    7    5    1   21    1    1    1      1109
   50    1    7    6    1   25    2    1    0      1498
   50    1    7    7    1   22    1    1    1      2102
   50    1    7    8    1   26    2    2    1       931
   50    1    7    9    1   12    2    2    1      1358
   50    1    7   10    1   28    2    2    1      5465
   50    1    7   11    1    2    1    1    1      1967
   50    1    7   12    1    9    1    1    1      1537
   50    1    7   13    1    6    1    1    1      1477
   50    1    7   14    1   15    2    2    1      1018
   50    1    8    1    1   26    2    2    1      1658
   50    1    8    2    1   15    2    2    1      1144
   50    1    8    3    1   12    2    2    1      1404
   50    1    8    4    1    3    2    2    1      2324
   50    1    8    5    1   22    1    1    1      1128
   50    1    8    6    1    2    1    1    1      1020
   50    1    8    7    1    6    1    1    1      1316
   50    1    8    8    1   28    2    2    1       976
   50    1    8    9    1   25    2    1    0      1370
   50    1    8   10    1   21    1    1    1      8764
   50    1    8   11    1    9    1    1    1      1870
   50    1    8   12    1   19    1    1    1      1636
   50    1    8   13    1   31    2    2    1      1187
   50    1    8   14    1    7    2    2    1      4517
   50    1    9    1    1   21    1    1    1      1004
   50    1    9    2    1   15    2    2    1      1189
   50    1    9    3    1   12    2    2    1      1206
   50    1    9    4    1   19    1    1    1      1959
   50    1    9    5    1    6    1    2    0      1529
   50    1    9    6    1    2    1    1    1      1845
   50    1    9    7    1    3    2    1    0      2013
   50    1    9    8    1   28    2    2    1      1221
   50    1    9    9    1   22    1    1    1      1286
   50    1    9   10    1    7    2    2    1      1587
   50    1    9   11    1    9    1    1    1      1461
   50    1    9   12    1   26    2    2    1      2267
   50    1    9   13    1   25    2    1    0      1377
   50    1    9   14    1   31    2    2    1      1283
   50    1   10    1    1    3    2    2    1      3009
   50    1   10    2    1    6    1    1    1      2586
   50    1   10    3    1   19    1    2    0      1939
   50    1   10    4    1   31    2    2    1       926
   50    1   10    5    1    9    1    1    1      1835
   50    1   10    6    1   22    1    2    0      1490
   50    1   10    7    1    2    1    1    1      1359
   50    1   10    8    1   15    2    2    1      1322
   50    1   10    9    1   12    2    2    1      1030
   50    1   10   10    1   26    2    1    0      1917
   50    1   10   11    1   28    2    2    1      1129
   50    1   10   12    1    7    2    1    0      1565
   50    1   10   13    1   25    2    1    0      1959
   50    1   10   14    1   21    1    1    1      1266
   50    2    1    1    2   32    0    2    9      2117
   50    2    1    2    2   24    0    2    9      2336
   50    2    1    3    1    9    1    2    0      6996
   50    2    1    4    1   15    2    2    1      1773
   50    2    1    5    2   24    0    2    9      1688
   50    2    1    6    2   27    0    2    9      1189
   50    2    1    7    2    5    0    1    9      1158
   50    2    1    8    2   23    0    2    9      1193
   50    2    1    9    1    3    2    1    0      2490
   50    2    1   10    2    1    0    1    9      1719
   50    2    1   11    1    7    2    2    1      1027
   50    2    1   12    2   18    0    1    9      1628
   50    2    1   13    1   28    2    2    1      1356
   50    2    1   14    1   22    1    1    1      2806
   50    2    1   15    2    8    0    2    9      1399
   50    2    1   16    2   14    0    1    9      2495
   50    2    1   17    1    6    1    1    1      2013
   50    2    1   18    1   12    2    2    1      1085
   50    2    1   19    1    7    2    2    1      3906
   50    2    1   20    1   31    2    2    1      1255
   50    2    1   21    1   26    2    1    0      1237
   50    2    1   22    1    2    1    1    1      1029
   50    2    1   23    1    3    2    2    1      1597
   50    2    1   24    1    2    1    1    1      1006
   50    2    1   25    1   25    2    1    0      1959
   50    2    1   26    1   25    2    2    1      1145
   50    2    1   27    1   19    1    2    0      1581
   50    2    1   28    1   28    2    2    1      1118
   50    2    1   29    2   17    0    1    9      1202
   50    2    1   30    1   31    2    2    1      5795
   50    2    1   31    2   24    0    2    9      1404
   50    2    1   32    2   14    0    2    9      1813
   50    2    1   33    2   24    0    2    9      1549
   50    2    1   34    1   22    1    1    1       847
   50    2    1   35    2    4    0    2    9      1166
   50    2    1   36    2   29    0    1    9      1488
   50    2    1   37    2   14    0    2    9      1654
   50    2    1   38    1   26    2    1    0      4053
   50    2    1   39    1   21    1    1    1      2868
   50    2    1   40    1   12    2    2    1      1954
   50    2    1   41    2   13    0    2    9      1205
   50    2    1   42    1    9    1    1    1      1173
   50    2    1   43    2   11    0    2    9      1735
   50    2    1   44    2   30    0    2    9      1459
   50    2    1   45    2   20    0    2    9      1481
   50    2    1   46    2   10    0    1    9      3454
   50    2    1   47    1    6    1    1    1      2677
   50    2    1   48    1   15    2    2    1      2203
   50    2    1   49    1   21    1    1    1       932
   50    2    1   50    1   19    1    1    1      2095
   50    2    1   51    2   16    0    2    9      1069
   50    2    1   52    2   14    0    1    9      1442
   50    2    2    1    1   12    2    2    1      1850
   50    2    2    2    2    4    0    2    9      1808
   50    2    2    3    1   25    2    1    0      1465
   50    2    2    4    2   27    0    2    9      1647
   50    2    2    5    2   14    0    2    9      2318
   50    2    2    6    1   26    2    2    1      1634
   50    2    2    7    2   24    0    1    9      1921
   50    2    2    8    1   12    2    1    0      2581
   50    2    2    9    2   23    0    2    9      3023
   50    2    2   10    1   19    1    1    1      3511
   50    2    2   11    2   13    0    1    9      1420
   50    2    2   12    2    5    0    1    9       884
   50    2    2   13    2   14    0    1    9       977
   50    2    2   14    2   10    0    2    9      2923
   50    2    2   15    1    6    1    1    1      1767
   50    2    2   16    2   29    0    2    9      1313
   50    2    2   17    1    3    2    1    0      1726
   50    2    2   18    1    2    1    1    1      1210
   50    2    2   19    2   24    0    2    9      1002
   50    2    2   20    2   17    0    1    9       691
   50    2    2   21    2   14    0    2    9      1352
   50    2    2   22    1    9    1    1    1      1315
   50    2    2   23    1   26    2    1    0      1631
   50    2    2   24    2   20    0    2    9      1071
   50    2    2   25    1    7    2    2    1      4484
   50    2    2   26    1    3    2    2    1      1282
   50    2    2   27    1   22    1    1    1      1007
   50    2    2   28    1   19    1    2    0      1816
   50    2    2   29    1   31    2    2    1      1472
   50    2    2   30    1    9    1    1    1      2726
   50    2    2   31    2   11    0    2    9     13768
   50    2    2   32    2    1    0    1    9      1013
   50    2    2   33    2   16    0    2    9      1245
   50    2    2   34    1   25    2    1    0      2044
   50    2    2   35    2   24    0    2    9      1228
   50    2    2   36    1    2    1    1    1       892
   50    2    2   37    1   15    2    2    1      1658
   50    2    2   38    2   32    0    2    9       808
   50    2    2   39    1   21    1    1    1       745
   50    2    2   40    1   21    1    1    1       668
   50    2    2   41    2   30    0    2    9      1090
   50    2    2   42    1    6    1    1    1       839
   50    2    2   43    1    7    2    2    1      1047
   50    2    2   44    2   14    0    2    9      1357
   50    2    2   45    2   24    0    2    9       952
   50    2    2   46    1   31    2    1    0      1747
   50    2    2   47    1   22    1    1    1       622
   50    2    2   48    1   28    2    2    1      1125
   50    2    2   49    2   18    0    1    9       761
   50    2    2   50    1   15    2    2    1      1084
   50    2    2   51    1   28    2    2    1      2465
   50    2    2   52    2    8    0    2    9      1711
