   12    1    1    1    1   19    1    1    1     10794
   12    1    1    2    1   28    2    2    1      1903
   12    1    1    3    1    6    1    1    1       740
   12    1    1    4    1    2    1    1    1       615
   12    1    1    5    1    3    2    2    1       623
   12    1    1    6    1   21    1    1    1       535
   12    1    1    7    1   22    1    1    1       851
   12    1    1    8    1    7    2    2    1       401
   12    1    1    9    1   25    2    1    0       546
   12    1    1   10    1   31    2    2    1       821
   12    1    1   11    1   26    2    1    0       965
   12    1    1   12    1   12    2    2    1      2519
   12    1    1   13    1    9    1    2    0       995
   12    1    1   14    1   15    2    2    1       772
   12    1    2    1    1   26    2    1    0      1357
   12    1    2    2    1    2    1    2    0       832
   12    1    2    3    1   25    2    2    1      1223
   12    1    2    4    1    3    2    1    0       519
   12    1    2    5    1    9    1    1    1       971
   12    1    2    6    1   28    2    1    0      1669
   12    1    2    7    1    6    1    1    1      1275
   12    1    2    8    1   12    2    2    1       985
   12    1    2    9    1   22    1    2    0      1747
   12    1    2   10    1   31    2    2    1      1077
   12    1    2   11    1   15    2    2    1       827
   12    1    2   12    1    7    2    2    1       619
   12    1    2   13    1   19    1    1    1      1138
   12    1    2   14    1   21    1    1    1      1078
   12    1    3    1    1   28    2    2    1       630
   12    1    3    2    1    9    1    1    1       526
   12    1    3    3    1   12    2    2    1       522
   12    1    3    4    1   26    2    1    0       598
   12    1    3    5    1    7    2    2    1       663
   12    1    3    6    1    2    1    1    1      1405
   12    1    3    7    1   15    2    2    1       566
   12    1    3    8    1   19    1    2    0      1520
   12    1    3    9    1   21    1    1    1       780
   12    1    3   10    1    3    2    2    1       845
   12    1    3   11    1   22    1    1    1      1132
   12    1    3   12    1   31    2    1    0      1280
   12    1    3   13    1   25    2    1    0      1077
   12    1    3   14    1    6    1    1    1      1011
   12    1    4    1    1   21    1    1    1       662
   12    1    4    2    1    3    2    2    1       445
   12    1    4    3    1   22    1    1    1       268
   12    1    4    4    1   15    2    2    1       402
   12    1    4    5    1   25    2    1    0       386
   12    1    4    6    1    2    1    1    1       876
   12    1    4    7    1   28    2    2    1       346
   12    1    4    8    1   26    2    1    0      1373
   12    1    4    9    1   19    1    2    0       495
   12    1    4   10    1    9    1    1    1       740
   12    1    4   11    1    6    1    1    1      1384
   12    1    4   12    1   12    2    2    1      1073
   12    1    4   13    1   31    2    1    0      1607
   12    1    4   14    1    7    2    2    1      4832
   12    1    5    1    1   15    2    2    1       777
   12    1    5    2    1    7    2    2    1      2123
   12    1    5    3    1    9    1    1    1       695
   12    1    5    4    1    3    2    2    1      1836
   12    1    5    5    1   21    1    1    1      2147
   12    1    5    6    1   25    2    1    0       718
   12    1    5    7    1   26    2    1    0      2202
   12    1    5    8    1   22    1    1    1      1835
   12    1    5    9    1   28    2    2    1      1410
   12    1    5   10    1    6    1    1    1      1788
   12    1    5   11    1   19    1    2    0      1493
   12    1    5   12    1   12    2    2    1      1474
   12    1    5   13    1   31    2    1    0      2520
   12    1    5   14    1    2    1    1    1      1196
   12    1    6    1    1   19    1    2    0       877
   12    1    6    2    1   12    2    2    1       931
   12    1    6    3    1   15    2    2    1      1054
   12    1    6    4    1   26    2    2    1      2549
   12    1    6    5    1   28    2    2    1      1327
   12    1    6    6    1    6    1    1    1       827
   12    1    6    7    1    3    2    2    1       780
   12    1    6    8    1    9    1    2    0      2237
   12    1    6    9    1   31    2    2    1      1260
   12    1    6   10    1   22    1    1    1      1723
   12    1    6   11    1    7    2    2    1      1143
   12    1    6   12    1   21    1    1    1       698
   12    1    6   13    1    2    1    1    1      1071
   12    1    6   14    1   25    2    2    1      1941
   12    1    7    1    1    9    1    1    1      1303
   12    1    7    2    1   21    1    1    1      2116
   12    1    7    3    1    6    1    1    1      1856
   12    1    7    4    1   22    1    1    1      1191
   12    1    7    5    1   15    2    2    1      1256
   12    1    7    6    1    2    1    1    1      1463
   12    1    7    7    1   26    2    2    1      1581
   12    1    7    8    1   31    2    2    1      1230
   12    1    7    9    1   25    2    2    1      3069
   12    1    7   10    1   19    1    2    0      2003
   12    1    7   11    1    3    2    2    1      1644
   12    1    7   12    1    7    2    2    1       795
   12    1    7   13    1   28    2    1    0      1837
   12    1    7   14    1   12    2    2    1      1388
   12    1    8    1    1   25    2    1    0       710
   12    1    8    2    1   19    1    2    0      1443
   12    1    8    3    1   31    2    2    1      2114
   12    1    8    4    1   28    2    2    1       766
   12    1    8    5    1   22    1    1    1      1344
   12    1    8    6    1    9    1    1    1      1419
   12    1    8    7    1   21    1    1    1       835
   12    1    8    8    1    3    2    2    1       578
   12    1    8    9    1   26    2    2    1      1725
   12    1    8   10    1   15    2    2    1      2104
   12    1    8   11    1    2    1    1    1      1461
   12    1    8   12    1    6    1    1    1      1052
   12    1    8   13    1    7    2    2    1      1330
   12    1    8   14    1   12    2    2    1      1486
   12    1    9    1    1   21    1    1    1       622
   12    1    9    2    1   12    2    2    1       742
   12    1    9    3    1    7    2    2    1      1770
   12    1    9    4    1   26    2    1    0      3428
   12    1    9    5    1    2    1    2    0       900
   12    1    9    6    1    9    1    1    1       680
   12    1    9    7    1    6    1    1    1      1070
   12    1    9    8    1    3    2    2    1       724
   12    1    9    9    1   25    2    1    0      1224
   12    1    9   10    1   28    2    2    1       736
   12    1    9   11    1   31    2    2    1       964
   12    1    9   12    1   19    1    2    0      1262
   12    1    9   13    1   22    1    1    1      1380
   12    1    9   14    1   15    2    2    1      1118
   12    1   10    1    1   22    1    1    1      1296
   12    1   10    2    1    2    1    1    1      1021
   12    1   10    3    1    7    2    2    1       837
   12    1   10    4    1   31    2    2    1      1956
   12    1   10    5    1   15    2    2    1       807
   12    1   10    6    1   12    2    2    1       808
   12    1   10    7    1   28    2    2    1      1112
   12    1   10    8    1    3    2    2    1       861
   12    1   10    9    1    9    1    1    1      1372
   12    1   10   10    1   25    2    2    1      1670
   12    1   10   11    1    6    1    1    1      1396
   12    1   10   12    1   26    2    2    1      1533
   12    1   10   13    1   21    1    1    1      1009
   12    1   10   14    1   19    1    2    0      1562
   12    2    1    1    2    5    0    1    9       638
   12    2    1    2    1    6    1    1    1      2437
   12    2    1    3    2   16    0    2    9       788
   12    2    1    4    1   31    2    2    1      1622
   12    2    1    5    1   31    2    2    1       965
   12    2    1    6    2   27    0    2    9       703
   12    2    1    7    1    9    1    1    1      1156
   12    2    1    8    1    7    2    2    1      3063
   12    2    1    9    1    3    2    2    1       925
   12    2    1   10    1   19    1    2    0       713
   12    2    1   11    1   28    2    2    1       845
   12    2    1   12    2   14    0    1    9       877
   12    2    1   13    2   32    0    2    9      1867
   12    2    1   14    2   24    0    2    9      1425
   12    2    1   15    2   11    0    2    9      3209
   12    2    1   16    1   19    1    1    1      2633
   12    2    1   17    2    1    0    1    9      1153
   12    2    1   18    1   22    1    2    0      1251
   12    2    1   19    2   20    0    2    9       786
   12    2    1   20    2   29    0    1    9      1475
   12    2    1   21    1   22    1    1    1      2441
   12    2    1   22    1    6    1    1    1       664
   12    2    1   23    2   24    0    2    9       911
   12    2    1   24    1   26    2    2    1      2299
   12    2    1   25    1   25    2    1    0       832
   12    2    1   26    2    4    0    2    9       927
   12    2    1   27    1   12    2    2    1       731
   12    2    1   28    2   14    0    1    9       686
   12    2    1   29    1    9    1    1    1       644
   12    2    1   30    1   28    2    2    1      1003
   12    2    1   31    1    3    2    2    1       916
   12    2    1   32    2   17    0    1    9       800
   12    2    1   33    2    8    0    2    9       705
   12    2    1   34    1   15    2    2    1       821
   12    2    1   35    2   14    0    1    9      1109
   12    2    1   36    1    2    1    1    1       666
   12    2    1   37    2   24    0    2    9       608
   12    2    1   38    2   24    0    2    9       696
   12    2    1   39    1   12    2    2    1       829
   12    2    1   40    1    2    1    1    1       701
   12    2    1   41    2   23    0    2    9      1410
   12    2    1   42    1   15    2    2    1       586
   12    2    1   43    1   21    1    1    1       660
   12    2    1   44    2   10    0    2    9       538
   12    2    1   45    1   25    2    1    0       662
   12    2    1   46    2   14    0    1    9       717
   12    2    1   47    2   30    0    1    9       849
   12    2    1   48    1    7    2    2    1       784
   12    2    1   49    2   13    0    1    9       433
   12    2    1   50    1   26    2    1    0       816
   12    2    1   51    1   21    1    1    1       624
   12    2    1   52    2   18    0    1    9       840
   12    2    2    1    2   14    0    1    9      1192
   12    2    2    2    1   12    2    2    1       521
   12    2    2    3    2   23    0    2    9       693
   12    2    2    4    1   25    2    1    0       538
   12    2    2    5    1   31    2    2    1      1254
   12    2    2    6    1   22    1    1    1      1476
   12    2    2    7    2    1    0    1    9       538
   12    2    2    8    2    4    0    2    9       790
   12    2    2    9    1    6    1    1    1       823
   12    2    2   10    2   13    0    1    9       999
   12    2    2   11    2   17    0    1    9       576
   12    2    2   12    1    6    1    1    1      1034
   12    2    2   13    2    8    0    2    9       609
   12    2    2   14    1   22    1    1    1       650
   12    2    2   15    1   19    1    2    0       816
   12    2    2   16    1    3    2    2    1       624
   12    2    2   17    1   26    2    1    0       536
   12    2    2   18    2   20    0    2    9       452
   12    2    2   19    1   28    2    2    1       450
   12    2    2   20    1   25    2    1    0       417
   12    2    2   21    2   24    0    2    9       401
   12    2    2   22    2   24    0    2    9       466
   12    2    2   23    1    7    2    2    1       656
   12    2    2   24    1   15    2    2    1       278
   12    2    2   25    1    2    1    1    1       860
   12    2    2   26    2   30    0    1    9       667
   12    2    2   27    2   18    0    1    9       529
   12    2    2   28    1   15    2    2    1       733
   12    2    2   29    1    3    2    2    1       608
   12    2    2   30    1   12    2    2    1       585
   12    2    2   31    2   14    0    1    9       754
   12    2    2   32    1    7    2    2    1       469
   12    2    2   33    1   28    2    2    1       627
   12    2    2   34    2   14    0    1    9       859
   12    2    2   35    2   29    0    1    9       954
   12    2    2   36    2   27    0    1    9      1348
   12    2    2   37    2   14    0    1    9      1727
   12    2    2   38    2   32    0    2    9       747
   12    2    2   39    2   16    0    2    9       574
   12    2    2   40    1   19    1    1    1      3031
   12    2    2   41    2   24    0    2    9       783
   12    2    2   42    1    9    1    1    1       576
   12    2    2   43    1   21    1    1    1       426
   12    2    2   44    1   26    2    1    0       970
   12    2    2   45    2   11    0    2    9       532
   12    2    2   46    1   31    2    2    1       623
   12    2    2   47    2   24    0    2    9       599
   12    2    2   48    2    5    0    1    9       576
   12    2    2   49    2   10    0    1    9       874
   12    2    2   50    1   21    1    1    1       472
   12    2    2   51    1    2    1    1    1       646
   12    2    2   52    1    9    1    1    1       477
