   28    1    1    1    1    9    2    1    0      3628
   28    1    1    2    1   22    3    1    0      8184
   28    1    1    3    1    5    1    2    0      3178
   28    1    1    4    1   26    4    4    1      2227
   28    1    1    5    1    6    1    2    0      5500
   28    1    1    6    1    3    1    3    0      5081
   28    1    1    7    1   25    4    4    1      3287
   28    1    1    8    1   28    4    4    1      1797
   28    1    1    9    1   15    2    1    0      4077
   28    1    1   10    1   31    4    2    0      1619
   28    1    1   11    1   19    3    4    0      3531
   28    1    1   12    1   21    3    2    0      6166
   28    1    1   13    1   12    2    4    0      9033
   28    1    1   14    1   10    2    2    1      5608
   28    1    2    1    1   15    2    4    0      3517
   28    1    2    2    1    9    2    2    1      4745
   28    1    2    3    1    5    1    1    1      2860
   28    1    2    4    1   10    2    2    1      4058
   28    1    2    5    1   21    3    3    1      3146
   28    1    2    6    1   12    2    2    1      4476
   28    1    2    7    1   25    4    2    0      3211
   28    1    2    8    1    3    1    4    0      6325
   28    1    2    9    1   22    3    3    1      3825
   28    1    2   10    1   28    4    2    0      1641
   28    1    2   11    1    6    1    4    0      9328
   28    1    2   12    1   31    4    1    0      4516
   28    1    2   13    1   26    4    3    0      3097
   28    1    2   14    1   19    3    2    0      4342
   28    1    3    1    1   21    3    2    0      3600
   28    1    3    2    1   19    3    1    0      2856
   28    1    3    3    1   28    4    4    1     11600
   28    1    3    4    1   26    4    4    1      2081
   28    1    3    5    1   12    2    2    1      3566
   28    1    3    6    1   15    2    2    1      2000
   28    1    3    7    1    5    1    1    1      1376
   28    1    3    8    1    3    1    1    1      1019
   28    1    3    9    1   22    3    3    1      1731
   28    1    3   10    1   25    4    4    1      1534
   28    1    3   11    1   10    2    2    1      2066
   28    1    3   12    1    6    1    1    1      2321
   28    1    3   13    1   31    4    4    1      1621
   28    1    3   14    1    9    2    2    1      1829
   28    1    4    1    1   22    3    3    1      1820
   28    1    4    2    1   21    3    3    1       900
   28    1    4    3    1    3    1    1    1      1121
   28    1    4    4    1    5    1    1    1      1732
   28    1    4    5    1   26    4    4    1      2191
   28    1    4    6    1   25    4    4    1      1513
   28    1    4    7    1    6    1    1    1      1775
   28    1    4    8    1   10    2    2    1      1224
   28    1    4    9    1   31    4    4    1      1305
   28    1    4   10    1   12    2    2    1      1590
   28    1    4   11    1   15    2    2    1      1639
   28    1    4   12    1   19    3    3    1      1478
   28    1    4   13    1   28    4    4    1      1309
   28    1    4   14    1    9    2    2    1      1561
   28    1    5    1    1   31    4    4    1      1678
   28    1    5    2    1    9    2    2    1      2620
   28    1    5    3    1    5    1    1    1      1077
   28    1    5    4    1   19    3    3    1      1563
   28    1    5    5    1    3    1    1    1       989
   28    1    5    6    1   10    2    2    1      3383
   28    1    5    7    1   26    4    4    1      1297
   28    1    5    8    1   21    3    3    1      1086
   28    1    5    9    1    6    1    1    1      1380
   28    1    5   10    1   22    3    3    1      1182
   28    1    5   11    1   25    4    4    1      1247
   28    1    5   12    1   28    4    4    1      1535
   28    1    5   13    1   12    2    2    1      1154
   28    1    5   14    1   15    2    2    1      1174
   28    1    6    1    1   22    3    3    1      1717
   28    1    6    2    1    9    2    2    1      1473
   28    1    6    3    1    5    1    1    1      1384
   28    1    6    4    1   10    2    2    1      1345
   28    1    6    5    1   12    2    2    1      1101
   28    1    6    6    1    3    1    1    1      1026
   28    1    6    7    1   26    4    4    1      2458
   28    1    6    8    1   28    4    4    1       857
   28    1    6    9    1   19    3    3    1      2183
   28    1    6   10    1   21    3    3    1      1793
   28    1    6   11    1   25    4    4    1      1051
   28    1    6   12    1    6    1    1    1      1330
   28    1    6   13    1   15    2    2    1       558
   28    1    6   14    1   31    4    4    1      1337
   28    2    1    1    1   15    2    2    1      3069
   28    2    1    2    1   22    3    3    1      1442
   28    2    1    3    1   10    2    2    1      1226
   28    2    1    4    1    9    2    2    1      1131
   28    2    1    5    2   29    0    4    9      1167
   28    2    1    6    1    6    1    1    1      2434
   28    2    1    7    2   30    0    4    9      1554
   28    2    1    8    2   32    0    4    9      1989
   28    2    1    9    2   18    0    3    9      2486
   28    2    1   10    2   23    0    3    9      1284
   28    2    1   11    2   24    0    3    9      3234
   28    2    1   12    2   14    0    2    9      1346
   28    2    1   13    1   25    4    4    1      1725
   28    2    1   14    2   27    0    4    9      1226
   28    2    1   15    2   24    0    3    9      1434
   28    2    1   16    1   31    4    4    1      3602
   28    2    1   17    1   19    3    3    1      1443
   28    2    1   18    2    8    0    1    9      1803
   28    2    1   19    1    5    1    1    1      1060
   28    2    1   20    1   25    4    4    1      2875
   28    2    1   21    2    8    0    1    9      2970
   28    2    1   22    2   17    0    3    9      2371
   28    2    1   23    1   10    2    2    1      1477
   28    2    1   24    1   21    3    3    1      1979
   28    2    1   25    1   21    3    3    1      1293
   28    2    1   26    2   16    0    2    9      1626
   28    2    1   27    1    3    1    1    1      1610
   28    2    1   28    2    8    0    1    9      1212
   28    2    1   29    2    1    0    1    9       861
   28    2    1   30    1   26    4    4    1      1723
   28    2    1   31    1    5    1    1    1      2168
   28    2    1   32    1   12    2    2    1      1442
   28    2    1   33    1   12    2    2    1      1258
   28    2    1   34    2    2    0    1    9      1177
   28    2    1   35    1   28    4    4    1      1227
   28    2    1   36    2    4    0    1    9      1788
   28    2    1   37    1    3    1    1    1       822
   28    2    1   38    1   26    4    4    1      1526
   28    2    1   39    1   31    4    4    1      1082
   28    2    1   40    1    6    1    1    1      1664
   28    2    1   41    1    9    2    2    1      1310
   28    2    1   42    2    7    0    1    9      1675
   28    2    1   43    1   28    4    4    1      1434
   28    2    1   44    1   22    3    3    1      2098
   28    2    1   45    1   15    2    2    1      1119
   28    2    1   46    2   11    0    2    9      1123
   28    2    1   47    1   19    3    3    1      3143
   28    2    1   48    2    8    0    1    9      1787
   28    2    1   49    2   24    0    3    9      1508
   28    2    1   50    2   20    0    3    9      4184
   28    2    1   51    2   24    0    3    9      1394
   28    2    1   52    2   13    0    2    9      1068
   28    2    2    1    2   17    0    3    9      1378
   28    2    2    2    2   20    0    3    9      1165
   28    2    2    3    2   14    0    2    9      1344
   28    2    2    4    2   27    0    4    9      2284
   28    2    2    5    1   12    2    2    1      5234
   28    2    2    6    1    5    1    1    1      1057
   28    2    2    7    1   26    4    4    1      5079
   28    2    2    8    1    6    1    1    1      2429
   28    2    2    9    1    3    1    1    1      1070
   28    2    2   10    2   24    0    3    9      3412
   28    2    2   11    1   10    2    2    1      1277
   28    2    2   12    1   22    3    3    1      1547
   28    2    2   13    1    5    1    1    1      1326
   28    2    2   14    2   23    0    3    9      1434
   28    2    2   15    2    7    0    1    9      1170
   28    2    2   16    2   24    0    3    9      1381
   28    2    2   17    2   30    0    4    9      1663
   28    2    2   18    1   21    3    3    1      1358
   28    2    2   19    2   24    0    3    9      1481
   28    2    2   20    2    1    0    1    9      2622
   28    2    2   21    2   29    0    4    9       999
   28    2    2   22    1   12    2    2    1      4415
   28    2    2   23    1   15    2    2    1      1456
   28    2    2   24    1   10    2    2    1      1239
   28    2    2   25    2   13    0    2    9      1638
   28    2    2   26    1    9    2    2    1      1157
   28    2    2   27    1   22    3    3    1      1417
   28    2    2   28    2   18    0    3    9       784
   28    2    2   29    1   25    4    4    1      1346
   28    2    2   30    1    3    1    1    1      2077
   28    2    2   31    1   19    3    3    1      1260
   28    2    2   32    2    8    0    1    9      5179
   28    2    2   33    1   21    3    3    1      1517
   28    2    2   34    2   11    0    2    9      1474
   28    2    2   35    1   26    4    4    1      1305
   28    2    2   36    2    8    0    1    9      1525
   28    2    2   37    1   25    4    4    1      1529
   28    2    2   38    2   24    0    3    9      1469
   28    2    2   39    1   28    4    4    1      2739
   28    2    2   40    2    2    0    1    9      1495
   28    2    2   41    1   15    2    2    1      1181
   28    2    2   42    1   31    4    4    1      1294
   28    2    2   43    1    6    1    1    1      2557
   28    2    2   44    2    8    0    1    9      1400
   28    2    2   45    2    8    0    1    9       961
   28    2    2   46    1   28    4    4    1      3004
   28    2    2   47    1   31    4    4    1      1205
   28    2    2   48    1    9    2    2    1      1222
   28    2    2   49    2   32    0    4    9      1191
   28    2    2   50    1   19    3    3    1      1417
   28    2    2   51    2   16    0    2    9      1410
   28    2    2   52    2    4    0    1    9      1067
