   63    1    1    1    1   26    2    1    0      7663
   63    1    1    2    1   22    1    2    0      1351
   63    1    1    3    1   21    1    2    0      9530
   63    1    1    4    1    2    1    2    0      1840
   63    1    1    5    1   19    1    1    1      9575
   63    1    1    6    1   31    2    1    0      2691
   63    1    1    7    1   12    2    1    0      5801
   63    1    1    8    1    7    2    1    0      2179
   63    1    1    9    1   25    2    1    0      1438
   63    1    1   10    1   15    2    2    1      2046
   63    1    1   11    1   28    2    2    1      2261
   63    1    1   12    1    9    1    1    1      1445
   63    1    1   13    1    6    1    1    1       845
   63    1    1   14    1    3    2    2    1      1460
   63    1    2    1    1   31    2    2    1      2438
   63    1    2    2    1    3    2    2    1      1998
   63    1    2    3    1    6    1    1    1      1031
   63    1    2    4    1   19    1    2    0      1551
   63    1    2    5    1   25    2    1    0      2434
   63    1    2    6    1   21    1    2    0      2122
   63    1    2    7    1   28    2    2    1      3182
   63    1    2    8    1   15    2    2    1     11200
   63    1    2    9    1   26    2    2    1      5107
   63    1    2   10    1    7    2    2    1      2616
   63    1    2   11    1    9    1    1    1      1121
   63    1    2   12    1    2    1    1    1      6445
   63    1    2   13    1   22    1    1    1      2637
   63    1    2   14    1   12    2    2    1      1237
   63    1    3    1    1   12    2    2    1      1292
   63    1    3    2    1   22    1    1    1      1513
   63    1    3    3    1   15    2    2    1      1542
   63    1    3    4    1   19    1    1    1      4546
   63    1    3    5    1   25    2    1    0      3438
   63    1    3    6    1   31    2    2    1      1238
   63    1    3    7    1    3    2    1    0      3718
   63    1    3    8    1    2    1    1    1      1699
   63    1    3    9    1    9    1    1    1      2096
   63    1    3   10    1   21    1    1    1      2350
   63    1    3   11    1    6    1    1    1      2089
   63    1    3   12    1   26    2    2    1      1375
   63    1    3   13    1    7    2    2    1      1281
   63    1    3   14    1   28    2    2    1       903
   63    1    4    1    1    3    2    1    0      1789
   63    1    4    2    1   21    1    1    1      2262
   63    1    4    3    1    9    1    1    1      6589
   63    1    4    4    1    7    2    2    1      1592
   63    1    4    5    1   12    2    2    1      2026
   63    1    4    6    1   25    2    1    0      1410
   63    1    4    7    1   19    1    1    1      5083
   63    1    4    8    1   22    1    1    1      2418
   63    1    4    9    1   15    2    2    1       930
   63    1    4   10    1   31    2    2    1      2294
   63    1    4   11    1    6    1    1    1      1660
   63    1    4   12    1   28    2    2    1      1187
   63    1    4   13    1   26    2    2    1      2996
   63    1    4   14    1    2    1    1    1      1726
   63    1    5    1    1    6    1    2    0      1658
   63    1    5    2    1   28    2    2    1      1441
   63    1    5    3    1   22    1    1    1      3497
   63    1    5    4    1   31    2    2    1      1327
   63    1    5    5    1   19    1    1    1      1859
   63    1    5    6    1   25    2    2    1      1850
   63    1    5    7    1   26    2    2    1      1641
   63    1    5    8    1    9    1    1    1      2353
   63    1    5    9    1   15    2    2    1      3372
   63    1    5   10    1    7    2    2    1      2207
   63    1    5   11    1    2    1    1    1      1433
   63    1    5   12    1   12    2    2    1      1432
   63    1    5   13    1   21    1    1    1      1536
   63    1    5   14    1    3    2    1    0      2236
   63    1    6    1    1   31    2    2    1      3410
   63    1    6    2    1    3    2    1    0      2628
   63    1    6    3    1   19    1    2    0      4740
   63    1    6    4    1    2    1    1    1      2657
   63    1    6    5    1   25    2    2    1      2088
   63    1    6    6    1    6    1    1    1      2054
   63    1    6    7    1    7    2    2    1      1893
   63    1    6    8    1   26    2    2    1      2571
   63    1    6    9    1   22    1    1    1      4094
   63    1    6   10    1   28    2    2    1      1788
   63    1    6   11    1   21    1    1    1      2110
   63    1    6   12    1   15    2    2    1      1603
   63    1    6   13    1   12    2    2    1      1404
   63    1    6   14    1    9    1    2    0      2429
   63    1    7    1    1   28    2    2    1      2524
   63    1    7    2    1    7    2    2    1      2129
   63    1    7    3    1   26    2    2    1      2918
   63    1    7    4    1   31    2    2    1      1307
   63    1    7    5    1   15    2    2    1      1352
   63    1    7    6    1   21    1    1    1      2747
   63    1    7    7    1   19    1    1    1      3278
   63    1    7    8    1   12    2    2    1      2309
   63    1    7    9    1    2    1    1    1      2354
   63    1    7   10    1    9    1    2    0      3525
   63    1    7   11    1   22    1    1    1      3714
   63    1    7   12    1    3    2    1    0      4406
   63    1    7   13    1   25    2    2    1      6528
   63    1    7   14    1    6    1    1    1      4141
   63    1    8    1    1   31    2    2    1      1411
   63    1    8    2    1   28    2    2    1      1524
   63    1    8    3    1    3    2    2    1      4353
   63    1    8    4    1   12    2    2    1      1948
   63    1    8    5    1   25    2    2    1      3775
   63    1    8    6    1   21    1    1    1      2402
   63    1    8    7    1    7    2    2    1      2067
   63    1    8    8    1   15    2    2    1      1970
   63    1    8    9    1   22    1    1    1      2100
   63    1    8   10    1   26    2    2    1      1850
   63    1    8   11    1    2    1    1    1      4097
   63    1    8   12    1    9    1    2    0      3262
   63    1    8   13    1    6    1    1    1      1734
   63    1    8   14    1   19    1    1    1      2634
   63    1    9    1    1   12    2    2    1      1740
   63    1    9    2    1   31    2    2    1      1104
   63    1    9    3    1   28    2    2    1      1101
   63    1    9    4    1    3    2    2    1      4138
   63    1    9    5    1    7    2    2    1      2078
   63    1    9    6    1   26    2    2    1      3004
   63    1    9    7    1    6    1    1    1      2422
   63    1    9    8    1   21    1    1    1      1838
   63    1    9    9    1   15    2    2    1      2774
   63    1    9   10    1    2    1    1    1      2289
   63    1    9   11    1    9    1    1    1      1950
   63    1    9   12    1   19    1    1    1      2818
   63    1    9   13    1   22    1    1    1      2498
   63    1    9   14    1   25    2    1    0      2992
   63    1   10    1    1    2    1    1    1      5823
   63    1   10    2    1    3    2    1    0      3088
   63    1   10    3    1    9    1    1    1      1606
   63    1   10    4    1   19    1    1    1      4312
   63    1   10    5    1   22    1    1    1      5589
   63    1   10    6    1   28    2    2    1      1711
   63    1   10    7    1    6    1    1    1      2541
   63    1   10    8    1   26    2    2    1      2568
   63    1   10    9    1   25    2    1    0      2275
   63    1   10   10    1   12    2    2    1      2889
   63    1   10   11    1   31    2    2    1      1863
   63    1   10   12    1   15    2    2    1      1438
   63    1   10   13    1    7    2    2    1      1366
   63    1   10   14    1   21    1    1    1      3704
   63    2    1    1    2   14    0    2    9      2631
   63    2    1    2    2   32    0    2    9      1784
   63    2    1    3    1    7    2    2    1      2057
   63    2    1    4    1    3    2    1    0      2625
   63    2    1    5    2   24    0    2    9      2705
   63    2    1    6    1   19    1    2    0      2246
   63    2    1    7    2   23    0    2    9      7021
   63    2    1    8    1   28    2    2    1      1479
   63    2    1    9    1   26    2    2    1      1461
   63    2    1   10    2    1    0    1    9      4028
   63    2    1   11    1   26    2    2    1      7429
   63    2    1   12    1    9    1    1    1      2094
   63    2    1   13    1    3    2    1    0      3076
   63    2    1   14    2   13    0    2    9      1747
   63    2    1   15    2   14    0    2    9      1350
   63    2    1   16    1   22    1    1    1      1761
   63    2    1   17    1    7    2    2    1      1908
   63    2    1   18    1   12    2    2    1      1657
   63    2    1   19    1   19    1    1    1      2712
   63    2    1   20    1    2    1    1    1      1413
   63    2    1   21    2   14    0    2    9      3782
   63    2    1   22    1   12    2    2    1      1656
   63    2    1   23    2   14    0    2    9      1335
   63    2    1   24    2   24    0    2    9      5203
   63    2    1   25    2   24    0    2    9      1189
   63    2    1   26    1   22    1    1    1      2390
   63    2    1   27    1   15    2    2    1      6040
   63    2    1   28    2   29    0    2    9      2737
   63    2    1   29    1   28    2    2    1      2148
   63    2    1   30    2   27    0    2    9      3976
   63    2    1   31    2   17    0    1    9      2130
   63    2    1   32    2    4    0    2    9      2198
   63    2    1   33    2   10    0    2    9      2055
   63    2    1   34    1   25    2    1    0      1983
   63    2    1   35    2    8    0    2    9      1841
   63    2    1   36    1    9    1    1    1      1825
   63    2    1   37    2   20    0    2    9      1577
   63    2    1   38    1   31    2    2    1      1756
   63    2    1   39    1   21    1    1    1      1887
   63    2    1   40    2   16    0    2    9      1189
   63    2    1   41    2   11    0    2    9      4943
   63    2    1   42    1    2    1    2    0      4771
   63    2    1   43    1    6    1    1    1      2238
   63    2    1   44    1   25    2    1    0      3813
   63    2    1   45    2   18    0    1    9      1254
   63    2    1   46    2   24    0    2    9      1605
   63    2    1   47    1    6    1    1    1      1550
   63    2    1   48    1   31    2    2    1      1257
   63    2    1   49    1   15    2    2    1      1353
   63    2    1   50    2    5    0    1    9      1475
   63    2    1   51    2   30    0    2    9      1474
   63    2    1   52    1   21    1    1    1      1792
   63    2    2    1    1   22    1    1    1      2146
   63    2    2    2    1   26    2    2    1      1534
   63    2    2    3    1   15    2    2    1      1090
   63    2    2    4    1   25    2    2    1      1544
   63    2    2    5    1   12    2    2    1      3364
   63    2    2    6    1    7    2    2    1      1951
   63    2    2    7    2   11    0    2    9      1258
   63    2    2    8    1   21    1    1    1      1537
   63    2    2    9    1   26    2    1    0      1700
   63    2    2   10    2   10    0    2    9      1897
   63    2    2   11    2   16    0    2    9       831
   63    2    2   12    2   14    0    2    9      2414
   63    2    2   13    2    4    0    2    9      1447
   63    2    2   14    1    9    1    1    1      2806
   63    2    2   15    2   24    0    2    9      1679
   63    2    2   16    1   31    2    2    1      1382
   63    2    2   17    2   13    0    2    9      5439
   63    2    2   18    1    7    2    2    1      1807
   63    2    2   19    2   23    0    2    9      1192
   63    2    2   20    1   31    2    2    1      1035
   63    2    2   21    2   27    0    2    9      1011
   63    2    2   22    2   32    0    2    9       860
   63    2    2   23    1   12    2    2    1      1114
   63    2    2   24    1   28    2    2    1      1023
   63    2    2   25    2   17    0    1    9      2647
   63    2    2   26    1    3    2    1    0      3542
   63    2    2   27    2   14    0    2    9      9362
   63    2    2   28    2    1    0    1    9      1478
   63    2    2   29    1   19    1    2    0      4700
   63    2    2   30    1    2    1    1    1      1906
   63    2    2   31    1   28    2    2    1      1719
   63    2    2   32    2   29    0    2    9      1675
   63    2    2   33    2   20    0    2    9      2194
   63    2    2   34    2   14    0    2    9      2043
   63    2    2   35    1    3    2    2    1      7019
   63    2    2   36    2   24    0    2    9      4356
   63    2    2   37    1   25    2    2    1      4616
   63    2    2   38    2   14    0    2    9      3337
   63    2    2   39    1    6    1    1    1      3069
   63    2    2   40    1   22    1    1    1      2035
   63    2    2   41    2   24    0    2    9      1315
   63    2    2   42    1   19    1    2    0      5791
   63    2    2   43    1   21    1    1    1      1794
   63    2    2   44    2   24    0    2    9      1412
   63    2    2   45    2   30    0    2    9      7564
   63    2    2   46    1    9    1    1    1      3904
   63    2    2   47    1    6    1    1    1      2621
   63    2    2   48    1    2    1    1    1      1206
   63    2    2   49    1   15    2    2    1      1367
   63    2    2   50    2   18    0    1    9      2033
   63    2    2   51    2    5    0    1    9      5561
   63    2    2   52    2    8    0    2    9      1221
