   16    1    1    1    1   12    2    3    0     11545
   16    1    1    2    1   28    4    2    0     10793
   16    1    1    3    1   15    2    1    0      8994
   16    1    1    4    1   19    4    1    0      4196
   16    1    1    5    1    2    1    1    1      4068
   16    1    1    6    1    9    1    3    0      4964
   16    1    1    7    1   22    3    3    1      7221
   16    1    1    8    1   31    4    4    1      9685
   16    1    1    9    1    3    2    1    0      2515
   16    1    1   10    1   25    3    3    1      5479
   16    1    1   11    1   18    3    1    0      8413
   16    1    1   12    1    6    1    2    0     16196
   16    1    1   13    1    7    2    2    1      2261
   16    1    1   14    1   23    4    2    0      1900
   16    1    2    1    1    9    1    1    1      1907
   16    1    2    2    1   25    3    3    1      2264
   16    1    2    3    1    3    2    2    1      2046
   16    1    2    4    1   23    4    4    1      1757
   16    1    2    5    1   28    4    1    0      1703
   16    1    2    6    1   22    3    2    0      2716
   16    1    2    7    1   15    2    1    0      1864
   16    1    2    8    1    7    2    2    1      3462
   16    1    2    9    1   12    2    3    0      3356
   16    1    2   10    1   31    4    4    1      2048
   16    1    2   11    1    2    1    1    1      2735
   16    1    2   12    1   18    3    3    1      3634
   16    1    2   13    1   19    4    3    0      3217
   16    1    2   14    1    6    1    2    0      7481
   16    1    3    1    1    9    1    1    1      2627
   16    1    3    2    1   12    2    1    0      2715
   16    1    3    3    1   23    4    2    0      9639
   16    1    3    4    1    6    1    3    0      3022
   16    1    3    5    1   28    4    4    1      2686
   16    1    3    6    1   22    3    3    1      4451
   16    1    3    7    1    2    1    1    1      4979
   16    1    3    8    1   18    3    3    1      3837
   16    1    3    9    1   19    4    3    0      5364
   16    1    3   10    1   25    3    4    0      4358
   16    1    3   11    1   15    2    1    0      5489
   16    1    3   12    1    3    2    1    0      4254
   16    1    3   13    1    7    2    2    1      1773
   16    1    3   14    1   31    4    4    1      1863
   16    1    4    1    1   28    4    4    1      1681
   16    1    4    2    1    3    2    2    1      2047
   16    1    4    3    1   22    3    3    1      2221
   16    1    4    4    1    6    1    2    0      1958
   16    1    4    5    1   15    2    2    1      2784
   16    1    4    6    1   25    3    3    1      1458
   16    1    4    7    1   23    4    3    0      2056
   16    1    4    8    1   12    2    2    1      3327
   16    1    4    9    1   31    4    4    1      2555
   16    1    4   10    1    9    1    2    0      1637
   16    1    4   11    1    2    1    1    1      1485
   16    1    4   12    1   19    4    3    0      1522
   16    1    4   13    1    7    2    2    1      5022
   16    1    4   14    1   18    3    3    1      2086
   16    1    5    1    1    9    1    2    0      4468
   16    1    5    2    1    3    2    1    0      1753
   16    1    5    3    1    2    1    1    1      1500
   16    1    5    4    1   22    3    3    1      1809
   16    1    5    5    1   12    2    2    1      1705
   16    1    5    6    1   31    4    3    0      1573
   16    1    5    7    1   15    2    2    1      1920
   16    1    5    8    1   18    3    3    1      1684
   16    1    5    9    1    6    1    1    1      4161
   16    1    5   10    1   19    4    4    1      1484
   16    1    5   11    1   28    4    4    1      1201
   16    1    5   12    1    7    2    2    1      2882
   16    1    5   13    1   23    4    4    1      1935
   16    1    5   14    1   25    3    3    1      1603
   16    1    6    1    1   31    4    4    1      2053
   16    1    6    2    1    7    2    2    1      1380
   16    1    6    3    1   19    4    4    1      1421
   16    1    6    4    1   22    3    3    1      1861
   16    1    6    5    1    3    2    2    1      1468
   16    1    6    6    1    9    1    1    1      1074
   16    1    6    7    1   28    4    4    1      1016
   16    1    6    8    1   23    4    3    0       848
   16    1    6    9    1   18    3    3    1      1175
   16    1    6   10    1   15    2    2    1      1353
   16    1    6   11    1   25    3    3    1      1380
   16    1    6   12    1   12    2    2    1      1374
   16    1    6   13    1    6    1    1    1      3416
   16    1    6   14    1    2    1    1    1      2000
   16    1    7    1    1    2    1    1    1      3421
   16    1    7    2    1   12    2    2    1      1285
   16    1    7    3    1   22    3    3    1      1394
   16    1    7    4    1    7    2    2    1      1164
   16    1    7    5    1   15    2    2    1      1342
   16    1    7    6    1    9    1    1    1      1449
   16    1    7    7    1   23    4    4    1      2352
   16    1    7    8    1   25    3    3    1      1362
   16    1    7    9    1    3    2    2    1      2525
   16    1    7   10    1   19    4    4    1      1770
   16    1    7   11    1   31    4    4    1      1300
   16    1    7   12    1   18    3    3    1      1201
   16    1    7   13    1   28    4    4    1       578
   16    1    7   14    1    6    1    1    1      1564
   16    1    8    1    1   22    3    3    1      1628
   16    1    8    2    1    7    2    2    1      1580
   16    1    8    3    1   15    2    2    1      1325
   16    1    8    4    1   19    4    3    0       937
   16    1    8    5    1    6    1    1    1      2988
   16    1    8    6    1   12    2    2    1      1285
   16    1    8    7    1   28    4    4    1      1155
   16    1    8    8    1   18    3    3    1      1574
   16    1    8    9    1    3    2    2    1      1640
   16    1    8   10    1    9    1    1    1      1303
   16    1    8   11    1   23    4    4    1      1731
   16    1    8   12    1   25    3    3    1      1247
   16    1    8   13    1    2    1    1    1      2045
   16    1    8   14    1   31    4    4    1      1693
   16    1    9    1    1   18    3    3    1      1837
   16    1    9    2    1   23    4    4    1      1045
   16    1    9    3    1   28    4    4    1       972
   16    1    9    4    1   25    3    3    1      1094
   16    1    9    5    1   31    4    4    1      1275
   16    1    9    6    1   22    3    3    1      1049
   16    1    9    7    1    2    1    1    1      1856
   16    1    9    8    1    3    2    2    1      1287
   16    1    9    9    1    6    1    1    1      1460
   16    1    9   10    1   12    2    2    1      1243
   16    1    9   11    1    9    1    1    1      1258
   16    1    9   12    1    7    2    2    1      1081
   16    1    9   13    1   19    4    4    1      1614
   16    1    9   14    1   15    2    2    1      1326
   16    1   10    1    1   15    2    2    1      2633
   16    1   10    2    1   22    3    3    1      1553
   16    1   10    3    1   23    4    4    1      1043
   16    1   10    4    1   28    4    4    1      1115
   16    1   10    5    1    3    2    2    1      1439
   16    1   10    6    1   19    4    4    1      1350
   16    1   10    7    1    6    1    1    1      1857
   16    1   10    8    1    9    1    1    1      1208
   16    1   10    9    1   25    3    3    1      1401
   16    1   10   10    1   12    2    2    1      1394
   16    1   10   11    1    2    1    1    1      1516
   16    1   10   12    1   18    3    3    1      1601
   16    1   10   13    1    7    2    2    1      1474
   16    1   10   14    1   31    4    4    1      1208
   16    2    1    1    1   25    3    3    1      3755
   16    2    1    2    2   30    0    3    9      1509
   16    2    1    3    2   30    0    3    9      2474
   16    2    1    4    2    5    0    1    9      1416
   16    2    1    5    1   19    4    4    1      2432
   16    2    1    6    2    8    0    2    9      1343
   16    2    1    7    2   17    0    3    9      1402
   16    2    1    8    2    4    0    2    9      1347
   16    2    1    9    1   23    4    4    1      1294
   16    2    1   10    2   16    0    2    9      1307
   16    2    1   11    2   21    0    3    9      2040
   16    2    1   12    1    9    1    1    1      1223
   16    2    1   13    1    3    2    2    1      1175
   16    2    1   14    1   19    4    4    1      1033
   16    2    1   15    1    7    2    2    1      2176
   16    2    1   16    1   28    4    4    1       986
   16    2    1   17    1    3    2    2    1      2100
   16    2    1   18    1   15    2    2    1      1104
   16    2    1   19    1    7    2    2    1      1637
   16    2    1   20    2   29    0    3    9      1332
   16    2    1   21    2   20    0    4    9      1360
   16    2    1   22    1   25    3    3    1      1098
   16    2    1   23    1    9    1    1    1      1471
   16    2    1   24    1   28    4    4    1      1397
   16    2    1   25    1    6    1    1    1      2333
   16    2    1   26    1    2    1    1    1      1137
   16    2    1   27    1   18    3    3    1      1364
   16    2    1   28    1   18    3    3    1      1294
   16    2    1   29    1   22    3    3    1      1147
   16    2    1   30    2   14    0    1    9      1758
   16    2    1   31    2   30    0    3    9      1801
   16    2    1   32    1   31    4    4    1      1969
   16    2    1   33    2   14    0    1    9      1987
   16    2    1   34    2   24    0    4    9      1845
   16    2    1   35    2   10    0    1    9      3004
   16    2    1   36    1   22    3    3    1      1429
   16    2    1   37    2   13    0    1    9      1661
   16    2    1   38    1    2    1    1    1      1307
   16    2    1   39    1   23    4    3    0      1080
   16    2    1   40    2   14    0    1    9      2733
   16    2    1   41    1   12    2    2    1      1137
   16    2    1   42    2   30    0    3    9      1204
   16    2    1   43    2   27    0    4    9      1269
   16    2    1   44    1   15    2    2    1      1571
   16    2    1   45    2    1    0    1    9      1765
   16    2    1   46    1    6    1    1    1      1471
   16    2    1   47    2   32    0    4    9      1237
   16    2    1   48    2   11    0    2    9      1492
   16    2    1   49    1   12    2    2    1      1241
   16    2    1   50    2   26    0    3    9      1337
   16    2    1   51    1   31    4    4    1       932
   16    2    1   52    2   14    0    1    9      3007
   16    2    2    1    1   31    4    3    0      1704
   16    2    2    2    1   18    3    3    1      1861
   16    2    2    3    1    6    1    1    1      2779
   16    2    2    4    1   23    4    4    1      1709
   16    2    2    5    1   25    3    3    1      1386
   16    2    2    6    2   14    0    1    9      2979
   16    2    2    7    1   15    2    2    1      1101
   16    2    2    8    2   30    0    3    9      1154
   16    2    2    9    1    9    1    1    1      1077
   16    2    2   10    2   14    0    1    9      1403
   16    2    2   11    2   14    0    1    9      1283
   16    2    2   12    1   18    3    3    1      1569
   16    2    2   13    2   26    0    3    9      1043
   16    2    2   14    1    7    2    2    1      1258
   16    2    2   15    2   21    0    3    9      1816
   16    2    2   16    2   16    0    2    9      1312
   16    2    2   17    1   31    4    4    1      1309
   16    2    2   18    2    4    0    2    9      1274
   16    2    2   19    1   12    2    2    1      1128
   16    2    2   20    2   30    0    3    9      1100
   16    2    2   21    1   19    4    4    1      1440
   16    2    2   22    1   22    3    3    1      2072
   16    2    2   23    2    8    0    2    9      1126
   16    2    2   24    1   19    4    4    1      2074
   16    2    2   25    2   14    0    1    9      1976
   16    2    2   26    2   11    0    2    9      1146
   16    2    2   27    1    2    1    1    1      1133
   16    2    2   28    1   28    4    4    1      1168
   16    2    2   29    2   30    0    3    9      1378
   16    2    2   30    2   24    0    4    9       940
   16    2    2   31    1    9    1    1    1      1224
   16    2    2   32    1    3    2    2    1      4776
   16    2    2   33    1   25    3    3    1      1098
   16    2    2   34    2   30    0    3    9      1086
   16    2    2   35    2    1    0    1    9      1476
   16    2    2   36    2   32    0    4    9      1082
   16    2    2   37    1    7    2    2    1      1023
   16    2    2   38    1    2    1    1    1      1847
   16    2    2   39    2   10    0    1    9      1070
   16    2    2   40    1   28    4    4    1       963
   16    2    2   41    1   22    3    3    1      1438
   16    2    2   42    1   23    4    4    1      1141
   16    2    2   43    2   27    0    4    9       920
   16    2    2   44    2   13    0    1    9      1060
   16    2    2   45    1   12    2    2    1      1243
   16    2    2   46    2    5    0    1    9      1082
   16    2    2   47    2   17    0    3    9      1184
   16    2    2   48    2   29    0    3    9      1057
   16    2    2   49    1    3    2    2    1      1175
   16    2    2   50    1    6    1    1    1      1098
   16    2    2   51    1   15    2    2    1       894
   16    2    2   52    2   20    0    4    9       891
