   29    1    1    1    1   28    4    1    0     14161
   29    1    1    2    1   21    3    1    0      2008
   29    1    1    3    1   19    3    2    0      6592
   29    1    1    4    1    5    1    2    0      4353
   29    1    1    5    1    3    1    3    0      2332
   29    1    1    6    1   12    2    1    0      1175
   29    1    1    7    1   22    3    4    0      6945
   29    1    1    8    1    6    1    2    0      1012
   29    1    1    9    1   25    4    3    0      3157
   29    1    1   10    1   31    4    2    0     11166
   29    1    1   11    1   15    2    2    1      4682
   29    1    1   12    1   26    4    2    0      8927
   29    1    1   13    1    9    2    1    0      6082
   29    1    1   14    1   10    2    2    1      1017
   29    1    2    1    1    3    1    3    0      6542
   29    1    2    2    1    6    1    2    0       993
   29    1    2    3    1   22    3    1    0      1714
   29    1    2    4    1    9    2    4    0     18070
   29    1    2    5    1    5    1    1    1      3100
   29    1    2    6    1   12    2    4    0     11792
   29    1    2    7    1   10    2    4    0      5537
   29    1    2    8    1   15    2    1    0      6878
   29    1    2    9    1   26    4    2    0      6067
   29    1    2   10    1   31    4    4    1      3498
   29    1    2   11    1   19    3    1    0      4815
   29    1    2   12    1   21    3    2    0      4312
   29    1    2   13    1   25    4    4    1      2612
   29    1    2   14    1   28    4    4    1      1741
   29    1    3    1    1    9    2    2    1      2515
   29    1    3    2    1   12    2    1    0      5406
   29    1    3    3    1   10    2    2    1      1822
   29    1    3    4    1   15    2    1    0      1767
   29    1    3    5    1   19    3    4    0      1674
   29    1    3    6    1   25    4    3    0      3695
   29    1    3    7    1    6    1    2    0      1893
   29    1    3    8    1   21    3    4    0      2003
   29    1    3    9    1    5    1    4    0      3436
   29    1    3   10    1    3    1    2    0      3244
   29    1    3   11    1   31    4    4    1      3268
   29    1    3   12    1   26    4    4    1      1825
   29    1    3   13    1   22    3    2    0      2954
   29    1    3   14    1   28    4    4    1      2541
   29    1    4    1    1   31    4    4    1      3053
   29    1    4    2    1   21    3    4    0      1972
   29    1    4    3    1   25    4    2    0      2015
   29    1    4    4    1   10    2    1    0      3399
   29    1    4    5    1   12    2    2    1      2329
   29    1    4    6    1    9    2    3    0      2541
   29    1    4    7    1   28    4    4    1      2224
   29    1    4    8    1   19    3    3    1      1961
   29    1    4    9    1   26    4    4    1      1899
   29    1    4   10    1    5    1    2    0      1440
   29    1    4   11    1    3    1    2    0      2016
   29    1    4   12    1   15    2    1    0      1657
   29    1    4   13    1   22    3    1    0      4272
   29    1    4   14    1    6    1    2    0      1919
   29    1    5    1    1   19    3    2    0      2599
   29    1    5    2    1    5    1    1    1      4376
   29    1    5    3    1    6    1    1    1      2315
   29    1    5    4    1    9    2    3    0      1471
   29    1    5    5    1   21    3    3    1      1261
   29    1    5    6    1   10    2    2    1      2973
   29    1    5    7    1   26    4    3    0      4807
   29    1    5    8    1   31    4    4    1      2240
   29    1    5    9    1   12    2    1    0      3591
   29    1    5   10    1    3    1    3    0      1712
   29    1    5   11    1   15    2    4    0      4597
   29    1    5   12    1   28    4    4    1      1526
   29    1    5   13    1   25    4    3    0      2329
   29    1    5   14    1   22    3    1    0      1749
   29    1    6    1    1    6    1    1    1      3238
   29    1    6    2    1   15    2    2    1      2229
   29    1    6    3    1   21    3    3    1      2701
   29    1    6    4    1   12    2    2    1      2530
   29    1    6    5    1   25    4    2    0      2847
   29    1    6    6    1   28    4    4    1      5637
   29    1    6    7    1    5    1    2    0      3780
   29    1    6    8    1   19    3    3    1      7366
   29    1    6    9    1   26    4    3    0      2305
   29    1    6   10    1    9    2    1    0      1727
   29    1    6   11    1   10    2    2    1      6242
   29    1    6   12    1   22    3    3    1      8234
   29    1    6   13    1   31    4    4    1      2594
   29    1    6   14    1    3    1    2    0      5516
   29    1    7    1    1   31    4    4    1      2591
   29    1    7    2    1   22    3    3    1      1160
   29    1    7    3    1    6    1    1    1      2267
   29    1    7    4    1   19    3    3    1      1490
   29    1    7    5    1   15    2    4    0      1735
   29    1    7    6    1   28    4    3    0      5420
   29    1    7    7    1   25    4    1    0      1131
   29    1    7    8    1    5    1    3    0      2583
   29    1    7    9    1   21    3    3    1      2424
   29    1    7   10    1   12    2    1    0      1593
   29    1    7   11    1   26    4    1    0       643
   29    1    7   12    1    9    2    3    0      2563
   29    1    7   13    1    3    1    2    0      2501
   29    1    7   14    1   10    2    1    0      2619
   29    1    8    1    1    5    1    1    1       979
   29    1    8    2    1    6    1    2    0      3804
   29    1    8    3    1   19    3    3    1      3550
   29    1    8    4    1   31    4    4    1      2177
   29    1    8    5    1    9    2    2    1      4331
   29    1    8    6    1   28    4    4    1      3567
   29    1    8    7    1   12    2    1    0      2034
   29    1    8    8    1   15    2    2    1      3290
   29    1    8    9    1    3    1    3    0      3575
   29    1    8   10    1   26    4    4    1      5169
   29    1    8   11    1   25    4    4    1      2723
   29    1    8   12    1   22    3    3    1       999
   29    1    8   13    1   21    3    3    1      1120
   29    1    8   14    1   10    2    2    1      1652
   29    1    9    1    1    5    1    1    1      1027
   29    1    9    2    1   12    2    2    1      1307
   29    1    9    3    1   19    3    3    1       823
   29    1    9    4    1   15    2    1    0      1416
   29    1    9    5    1    6    1    1    1      1080
   29    1    9    6    1    9    2    1    0       653
   29    1    9    7    1   22    3    3    1       556
   29    1    9    8    1   28    4    4    1       632
   29    1    9    9    1   10    2    1    0      1695
   29    1    9   10    1    3    1    2    0       869
   29    1    9   11    1   31    4    3    0      1451
   29    1    9   12    1   21    3    4    0       777
   29    1    9   13    1   25    4    3    0       771
   29    1    9   14    1   26    4    4    1       429
   29    1   10    1    1    3    1    2    0       784
   29    1   10    2    1   22    3    3    1       666
   29    1   10    3    1   10    2    2    1       848
   29    1   10    4    1   19    3    4    0      1039
   29    1   10    5    1   25    4    4    1       654
   29    1   10    6    1   15    2    2    1      1397
   29    1   10    7    1   28    4    4    1       877
   29    1   10    8    1    6    1    1    1      1035
   29    1   10    9    1   12    2    2    1      1075
   29    1   10   10    1    5    1    1    1       984
   29    1   10   11    1   21    3    3    1      1042
   29    1   10   12    1   26    4    4    1       665
   29    1   10   13    1    9    2    2    1       719
   29    1   10   14    1   31    4    4    1       787
   29    2    1    1    2   16    0    2    9      3380
   29    2    1    2    1    9    2    2    1      1676
   29    2    1    3    1   10    2    2    1      1802
   29    2    1    4    2    4    0    1    9      1171
   29    2    1    5    1   12    2    2    1      2181
   29    2    1    6    1   26    4    4    1      3823
   29    2    1    7    2    8    0    1    9      4278
   29    2    1    8    2    8    0    1    9      4348
   29    2    1    9    1    3    1    1    1      1327
   29    2    1   10    1   31    4    4    1      1099
   29    2    1   11    1   19    3    3    1      1088
   29    2    1   12    2   30    0    4    9       742
   29    2    1   13    2    8    0    1    9      1881
   29    2    1   14    2   17    0    3    9      1902
   29    2    1   15    1   15    2    2    1      2098
   29    2    1   16    1    9    2    2    1       880
   29    2    1   17    1   21    3    3    1      2061
   29    2    1   18    1    5    1    1    1      3228
   29    2    1   19    1    3    1    1    1      1276
   29    2    1   20    1   19    3    3    1      1050
   29    2    1   21    1    6    1    1    1      1057
   29    2    1   22    1   25    4    4    1      1831
   29    2    1   23    2   13    0    2    9      1070
   29    2    1   24    1    6    1    1    1      1028
   29    2    1   25    1   21    3    3    1      1036
   29    2    1   26    1   26    4    4    1      2547
   29    2    1   27    2   24    0    3    9       990
   29    2    1   28    2   14    0    2    9       759
   29    2    1   29    2   24    0    3    9      1034
   29    2    1   30    2   11    0    2    9      1025
   29    2    1   31    1   22    3    3    1      1353
   29    2    1   32    1   28    4    4    1       820
   29    2    1   33    2   32    0    4    9       851
   29    2    1   34    2   24    0    3    9      1091
   29    2    1   35    1   31    4    4    1       569
   29    2    1   36    1   10    2    2    1       660
   29    2    1   37    2   27    0    4    9      1050
   29    2    1   38    2   23    0    3    9       656
   29    2    1   39    2   20    0    3    9      1128
   29    2    1   40    1   25    4    4    1       812
   29    2    1   41    2   29    0    4    9       572
   29    2    1   42    2    8    0    1    9      1144
   29    2    1   43    1   22    3    3    1      1659
   29    2    1   44    2    7    0    1    9       938
   29    2    1   45    1   12    2    2    1      1141
   29    2    1   46    1   28    4    4    1       777
   29    2    1   47    2    2    0    1    9       811
   29    2    1   48    2   18    0    3    9       908
   29    2    1   49    2   24    0    3    9       920
   29    2    1   50    1    5    1    1    1       692
   29    2    1   51    1   15    2    2    1      1099
   29    2    1   52    2    1    0    1    9      1344
   29    2    2    1    1    3    1    1    1       523
   29    2    2    2    2   11    0    2    9      1911
   29    2    2    3    2   24    0    3    9      3035
   29    2    2    4    1   28    4    4    1      1091
   29    2    2    5    2   24    0    3    9      1097
   29    2    2    6    1   12    2    2    1       846
   29    2    2    7    2   20    0    3    9      1436
   29    2    2    8    1   31    4    4    1      1189
   29    2    2    9    1   10    2    2    1      1383
   29    2    2   10    2    7    0    1    9       800
   29    2    2   11    1    9    2    2    1      1025
   29    2    2   12    2   32    0    4    9      1561
   29    2    2   13    2   27    0    4    9      1693
   29    2    2   14    2    8    0    1    9      2970
   29    2    2   15    1   26    4    4    1      4869
   29    2    2   16    2    2    0    1    9       963
   29    2    2   17    2   30    0    4    9      3484
   29    2    2   18    1   22    3    3    1      1635
   29    2    2   19    1    6    1    1    1      1010
   29    2    2   20    1   10    2    2    1       939
   29    2    2   21    2    8    0    1    9       631
   29    2    2   22    1   19    3    3    1       911
   29    2    2   23    2    1    0    1    9       715
   29    2    2   24    2   29    0    4    9       591
   29    2    2   25    1   26    4    3    0       680
   29    2    2   26    2   23    0    3    9      2206
   29    2    2   27    2   14    0    2    9      3031
   29    2    2   28    1    6    1    1    1       782
   29    2    2   29    1    5    1    1    1      1280
   29    2    2   30    1   28    4    4    1      1581
   29    2    2   31    1   19    3    3    1      1662
   29    2    2   32    1   25    4    4    1      1405
   29    2    2   33    1   12    2    2    1       949
   29    2    2   34    1    5    1    1    1       608
   29    2    2   35    1   21    3    3    1       873
   29    2    2   36    1    9    2    2    1       647
   29    2    2   37    2   24    0    3    9      1837
   29    2    2   38    2    8    0    1    9      1060
   29    2    2   39    2   16    0    2    9       827
   29    2    2   40    1   21    3    3    1       923
   29    2    2   41    2   18    0    3    9       792
   29    2    2   42    2   17    0    3    9       569
   29    2    2   43    2    4    0    1    9      1587
   29    2    2   44    1   22    3    3    1       901
   29    2    2   45    2   24    0    3    9       625
   29    2    2   46    1   15    2    2    1       665
   29    2    2   47    1    3    1    1    1      1184
   29    2    2   48    2    8    0    1    9      1170
   29    2    2   49    1   25    4    4    1      1140
   29    2    2   50    1   15    2    2    1      1623
   29    2    2   51    2   13    0    2    9       552
   29    2    2   52    1   31    4    4    1       626
