   39    1    1    1    1   19    1    2    0      5219
   39    1    1    2    1   12    2    2    1      3572
   39    1    1    3    1    9    1    1    1      1335
   39    1    1    4    1   25    2    2    1      1714
   39    1    1    5    1   15    2    2    1      1118
   39    1    1    6    1    7    2    2    1      1282
   39    1    1    7    1   22    1    1    1       735
   39    1    1    8    1    2    1    1    1       706
   39    1    1    9    1   28    2    2    1       807
   39    1    1   10    1    6    1    1    1       824
   39    1    1   11    1    3    2    2    1       600
   39    1    1   12    1   26    2    1    0       432
   39    1    1   13    1   21    1    2    0      1816
   39    1    1   14    1   31    2    2    1      1208
   39    1    2    1    1    3    2    1    0      1180
   39    1    2    2    1   21    1    2    0       997
   39    1    2    3    1   25    2    2    1       806
   39    1    2    4    1    6    1    2    0      1111
   39    1    2    5    1   15    2    2    1      1827
   39    1    2    6    1    2    1    1    1       571
   39    1    2    7    1   19    1    2    0      1045
   39    1    2    8    1    9    1    2    0       932
   39    1    2    9    1    7    2    2    1      2216
   39    1    2   10    1   12    2    2    1       880
   39    1    2   11    1   22    1    1    1      1565
   39    1    2   12    1   28    2    2    1       975
   39    1    2   13    1   26    2    2    1      2057
   39    1    2   14    1   31    2    2    1      1032
   39    1    3    1    1   12    2    2    1      1124
   39    1    3    2    1   25    2    1    0      1944
   39    1    3    3    1    3    2    1    0       692
   39    1    3    4    1   26    2    2    1      1585
   39    1    3    5    1   22    1    1    1       866
   39    1    3    6    1   31    2    2    1      2528
   39    1    3    7    1   15    2    2    1       972
   39    1    3    8    1    6    1    1    1      1046
   39    1    3    9    1   28    2    2    1      1245
   39    1    3   10    1   19    1    1    1       700
   39    1    3   11    1    7    2    2    1       897
   39    1    3   12    1    2    1    1    1       670
   39    1    3   13    1    9    1    2    0       900
   39    1    3   14    1   21    1    1    1       648
   39    1    4    1    1   15    2    2    1       940
   39    1    4    2    1   26    2    2    1       792
   39    1    4    3    1    2    1    1    1       809
   39    1    4    4    1    3    2    1    0       649
   39    1    4    5    1   12    2    2    1       744
   39    1    4    6    1   25    2    2    1      1324
   39    1    4    7    1   19    1    1    1      1560
   39    1    4    8    1   31    2    2    1       650
   39    1    4    9    1   22    1    1    1      2225
   39    1    4   10    1    6    1    1    1       761
   39    1    4   11    1    9    1    2    0       907
   39    1    4   12    1   28    2    2    1       976
   39    1    4   13    1   21    1    1    1      1034
   39    1    4   14    1    7    2    2    1      1553
   39    1    5    1    1    9    1    2    0      1593
   39    1    5    2    1   28    2    2    1       755
   39    1    5    3    1    7    2    2    1       693
   39    1    5    4    1   22    1    2    0      1323
   39    1    5    5    1   26    2    2    1       863
   39    1    5    6    1   25    2    1    0       781
   39    1    5    7    1    6    1    1    1      1063
   39    1    5    8    1   19    1    1    1      1229
   39    1    5    9    1    2    1    1    1       669
   39    1    5   10    1   12    2    2    1       771
   39    1    5   11    1    3    2    2    1      1125
   39    1    5   12    1   15    2    2    1       841
   39    1    5   13    1   31    2    2    1       713
   39    1    5   14    1   21    1    1    1      1308
   39    1    6    1    1   28    2    2    1       949
   39    1    6    2    1   15    2    2    1       736
   39    1    6    3    1    2    1    2    0      1475
   39    1    6    4    1   12    2    2    1       625
   39    1    6    5    1   31    2    2    1       665
   39    1    6    6    1   19    1    2    0      1343
   39    1    6    7    1   21    1    1    1      1074
   39    1    6    8    1    9    1    1    1      1449
   39    1    6    9    1    6    1    1    1       623
   39    1    6   10    1   25    2    1    0      1559
   39    1    6   11    1   22    1    1    1       738
   39    1    6   12    1    7    2    1    0       645
   39    1    6   13    1   26    2    1    0       964
   39    1    6   14    1    3    2    1    0       694
   39    1    7    1    1   19    1    2    0      1942
   39    1    7    2    1    2    1    1    1      1026
   39    1    7    3    1    6    1    1    1      1578
   39    1    7    4    1   25    2    2    1      1324
   39    1    7    5    1   22    1    1    1      1288
   39    1    7    6    1   26    2    2    1       789
   39    1    7    7    1   12    2    2    1      1206
   39    1    7    8    1    3    2    2    1      1719
   39    1    7    9    1   28    2    2    1      1235
   39    1    7   10    1   31    2    2    1      1091
   39    1    7   11    1   15    2    2    1      1096
   39    1    7   12    1   21    1    1    1      1373
   39    1    7   13    1    7    2    2    1      1367
   39    1    7   14    1    9    1    2    0      1393
   39    1    8    1    1   21    1    1    1      1612
   39    1    8    2    1   25    2    2    1      1021
   39    1    8    3    1    2    1    1    1      1701
   39    1    8    4    1   28    2    2    1      1586
   39    1    8    5    1   12    2    2    1      1331
   39    1    8    6    1   19    1    1    1      3230
   39    1    8    7    1   22    1    1    1      1838
   39    1    8    8    1    7    2    2    1      1365
   39    1    8    9    1    9    1    2    0      2511
   39    1    8   10    1   26    2    1    0      1556
   39    1    8   11    1   31    2    2    1      1599
   39    1    8   12    1    3    2    1    0      1583
   39    1    8   13    1    6    1    1    1      1897
   39    1    8   14    1   15    2    2    1      1774
   39    1    9    1    1   15    2    2    1      1492
   39    1    9    2    1   28    2    2    1      2138
   39    1    9    3    1    7    2    2    1      1717
   39    1    9    4    1    2    1    1    1      1857
   39    1    9    5    1   31    2    2    1      1271
   39    1    9    6    1   26    2    2    1      1381
   39    1    9    7    1   22    1    1    1      1039
   39    1    9    8    1    6    1    1    1      1494
   39    1    9    9    1   12    2    2    1      1436
   39    1    9   10    1   19    1    2    0      1459
   39    1    9   11    1   25    2    2    1     12401
   39    1    9   12    1    3    2    2    1      2946
   39    1    9   13    1   21    1    1    1      2733
   39    1    9   14    1    9    1    2    0      6464
   39    1   10    1    1   15    2    2    1      1781
   39    1   10    2    1    7    2    2    1      1135
   39    1   10    3    1    9    1    1    1       754
   39    1   10    4    1   28    2    2    1       789
   39    1   10    5    1   12    2    2    1       710
   39    1   10    6    1    3    2    2    1       939
   39    1   10    7    1   19    1    2    0       742
   39    1   10    8    1   21    1    1    1       817
   39    1   10    9    1    6    1    1    1       913
   39    1   10   10    1   25    2    1    0       621
   39    1   10   11    1    2    1    2    0       717
   39    1   10   12    1   31    2    2    1       649
   39    1   10   13    1   26    2    2    1       384
   39    1   10   14    1   22    1    2    0       849
   39    2    1    1    2   11    0    1    9      6178
   39    2    1    2    1    6    1    1    1      2507
   39    2    1    3    1   28    2    2    1      1064
   39    2    1    4    2   24    0    2    9       878
   39    2    1    5    1   19    1    2    0       780
   39    2    1    6    1    6    1    1    1      1309
   39    2    1    7    1   25    2    1    0       810
   39    2    1    8    1   26    2    1    0      2106
   39    2    1    9    1   22    1    1    1      1703
   39    2    1   10    2   17    0    1    9       740
   39    2    1   11    1   22    1    1    1      1815
   39    2    1   12    1   28    2    1    0      1103
   39    2    1   13    1    7    2    2    1      1412
   39    2    1   14    2   14    0    1    9      1308
   39    2    1   15    2   32    0    2    9      1385
   39    2    1   16    2   13    0    1    9       626
   39    2    1   17    2   14    0    1    9       922
   39    2    1   18    2   20    0    2    9       950
   39    2    1   19    1   12    2    2    1       977
   39    2    1   20    2   16    0    2    9       923
   39    2    1   21    1   25    2    1    0       535
   39    2    1   22    2   24    0    2    9      1234
   39    2    1   23    1   31    2    1    0      1634
   39    2    1   24    1    3    2    1    0       769
   39    2    1   25    1   15    2    2    1       531
   39    2    1   26    1    7    2    2    1       702
   39    2    1   27    2    1    0    1    9       531
   39    2    1   28    2   10    0    2    9       686
   39    2    1   29    1   12    2    2    1       820
   39    2    1   30    1    9    1    1    1       468
   39    2    1   31    1    3    2    2    1       690
   39    2    1   32    1   15    2    2    1       583
   39    2    1   33    2   30    0    1    9      1184
   39    2    1   34    1   21    1    1    1       450
   39    2    1   35    1   26    2    2    1       736
   39    2    1   36    2   14    0    1    9       435
   39    2    1   37    2    4    0    2    9       307
   39    2    1   38    1    9    1    1    1        24
   39    2    1   39    1   21    1    1    1       519
   39    2    1   40    2   14    0    1    9       292
   39    2    1   41    2   23    0    2    9       313
   39    2    1   42    2    5    0    2    9       365
   39    2    1   43    1   19    1    2    0       511
   39    2    1   44    2   18    0    1    9       572
   39    2    1   45    2    8    0    2    9       565
   39    2    1   46    2   29    0    1    9       431
   39    2    1   47    1    2    1    1    1       671
   39    2    1   48    1   31    2    2    1       917
   39    2    1   49    2   27    0    2    9       481
   39    2    1   50    2   24    0    2    9       910
   39    2    1   51    1    2    1    1    1       875
   39    2    1   52    2   24    0    2    9       537
   39    2    2    1    1    2    1    1    1       564
   39    2    2    2    2   24    0    2    9       798
   39    2    2    3    1   22    1    1    1       495
   39    2    2    4    2   20    0    2    9       556
   39    2    2    5    1    7    2    2    1       631
   39    2    2    6    1   19    1    2    0       750
   39    2    2    7    1   21    1    1    1       513
   39    2    2    8    2   11    0    2    9       781
   39    2    2    9    2   29    0    1    9       526
   39    2    2   10    1   12    2    2    1       698
   39    2    2   11    1   15    2    2    1       447
   39    2    2   12    2   17    0    1    9       493
   39    2    2   13    2   16    0    2    9       587
   39    2    2   14    2   32    0    2    9       500
   39    2    2   15    1   25    2    1    0       481
   39    2    2   16    2   24    0    2    9       351
   39    2    2   17    2   24    0    2    9       417
   39    2    2   18    1   12    2    2    1       497
   39    2    2   19    2   23    0    2    9      1582
   39    2    2   20    2   30    0    2    9       847
   39    2    2   21    1   22    1    1    1       558
   39    2    2   22    1   28    2    2    1      1081
   39    2    2   23    2    4    0    2    9       494
   39    2    2   24    2    1    0    1    9       523
   39    2    2   25    1   26    2    1    0       359
   39    2    2   26    1   31    2    1    0       282
   39    2    2   27    2   13    0    1    9       543
   39    2    2   28    2   18    0    1    9       411
   39    2    2   29    2   14    0    1    9       491
   39    2    2   30    2   14    0    1    9       489
   39    2    2   31    1   19    1    1    1       311
   39    2    2   32    1    7    2    2    1       779
   39    2    2   33    1   31    2    1    0      2141
   39    2    2   34    1   15    2    2    1       617
   39    2    2   35    1    2    1    2    0      1793
   39    2    2   36    1   28    2    2    1      1338
   39    2    2   37    1    9    1    1    1       661
   39    2    2   38    2   14    0    1    9       460
   39    2    2   39    2   10    0    1    9       827
   39    2    2   40    2   27    0    2    9      1563
   39    2    2   41    1   21    1    1    1       973
   39    2    2   42    1    6    1    1    1      1463
   39    2    2   43    2    8    0    2    9      1213
   39    2    2   44    2    5    0    1    9       845
   39    2    2   45    2   24    0    2    9      1229
   39    2    2   46    1    3    2    1    0       909
   39    2    2   47    1    6    1    1    1       650
   39    2    2   48    1    3    2    2    1       641
   39    2    2   49    2   14    0    1    9       952
   39    2    2   50    1   26    2    1    0      1074
   39    2    2   51    1    9    1    1    1       728
   39    2    2   52    1   25    2    1    0       684
