   17    1    1    1    1   19    3    3    1      5172
   17    1    1    2    1   22    3    2    0      4185
   17    1    1    3    1    5    1    2    0      5435
   17    1    1    4    1    9    2    1    0      4602
   17    1    1    5    1    6    1    1    1      5963
   17    1    1    6    1    3    1    2    0      3101
   17    1    1    7    1   12    2    4    0      4985
   17    1    1    8    1   15    2    1    0      8683
   17    1    1    9    1   31    4    4    1      9608
   17    1    1   10    1   10    2    3    0      3433
   17    1    1   11    1   28    4    2    0      4488
   17    1    1   12    1   21    3    2    0      3341
   17    1    1   13    1   25    4    1    0      5824
   17    1    1   14    1   26    4    2    0      2880
   17    1    2    1    1    3    1    3    0      7175
   17    1    2    2    1   22    3    2    0      7073
   17    1    2    3    1   10    2    3    0      9663
   17    1    2    4    1   19    3    3    1      4757
   17    1    2    5    1   21    3    1    0      3768
   17    1    2    6    1   31    4    4    1      4042
   17    1    2    7    1   12    2    3    0     12489
   17    1    2    8    1    5    1    1    1      3934
   17    1    2    9    1   28    4    4    1      5505
   17    1    2   10    1   15    2    3    0      3958
   17    1    2   11    1   25    4    1    0      2657
   17    1    2   12    1   26    4    2    0      3455
   17    1    2   13    1    9    2    1    0      2670
   17    1    2   14    1    6    1    2    0      6540
   17    1    3    1    1   21    3    1    0      2498
   17    1    3    2    1    6    1    2    0      5142
   17    1    3    3    1    3    1    2    0      5905
   17    1    3    4    1   22    3    2    0      5390
   17    1    3    5    1    9    2    3    0      9823
   17    1    3    6    1   25    4    2    0      3519
   17    1    3    7    1   15    2    4    0     13771
   17    1    3    8    1   31    4    2    0      5725
   17    1    3    9    1   19    3    2    0      9377
   17    1    3   10    1   28    4    3    0      6563
   17    1    3   11    1   12    2    3    0      4853
   17    1    3   12    1   26    4    1    0      2683
   17    1    3   13    1    5    1    1    1      1625
   17    1    3   14    1   10    2    4    0      5481
   17    1    4    1    1   19    3    2    0      6176
   17    1    4    2    1   12    2    2    1      7569
   17    1    4    3    1    5    1    1    1      2211
   17    1    4    4    1    9    2    1    0      3036
   17    1    4    5    1   10    2    2    1      3051
   17    1    4    6    1   22    3    4    0      2994
   17    1    4    7    1   31    4    4    1      2515
   17    1    4    8    1    6    1    2    0      4671
   17    1    4    9    1   15    2    3    0      4717
   17    1    4   10    1   21    3    2    0      1881
   17    1    4   11    1   28    4    3    0      2854
   17    1    4   12    1   25    4    2    0      2333
   17    1    4   13    1   26    4    1    0      5080
   17    1    4   14    1    3    1    3    0      4166
   17    1    5    1    1    3    1    3    0      3275
   17    1    5    2    1   15    2    4    0      7121
   17    1    5    3    1   12    2    3    0      4301
   17    1    5    4    1   21    3    2    0      2954
   17    1    5    5    1   31    4    4    1      1932
   17    1    5    6    1   28    4    3    0      2896
   17    1    5    7    1   10    2    2    1      5509
   17    1    5    8    1    9    2    2    1      6713
   17    1    5    9    1   22    3    3    1      5277
   17    1    5   10    1   25    4    2    0      5180
   17    1    5   11    1    5    1    2    0      5253
   17    1    5   12    1   26    4    2    0      4891
   17    1    5   13    1   19    3    1    0      3489
   17    1    5   14    1    6    1    1    1      4478
   17    1    6    1    1   25    4    3    0      5991
   17    1    6    2    1   26    4    3    0      3217
   17    1    6    3    1   22    3    3    1      1945
   17    1    6    4    1   19    3    3    1      1692
   17    1    6    5    1   10    2    2    1      4249
   17    1    6    6    1   28    4    4    1      4352
   17    1    6    7    1   31    4    4    1      2371
   17    1    6    8    1   15    2    2    1      3204
   17    1    6    9    1   12    2    2    1      2005
   17    1    6   10    1    5    1    1    1      2566
   17    1    6   11    1    9    2    2    1      2080
   17    1    6   12    1   21    3    3    1      2477
   17    1    6   13    1    3    1    1    1      2075
   17    1    6   14    1    6    1    1    1      1769
   17    1    7    1    1   10    2    2    1      1944
   17    1    7    2    1   28    4    4    1      2235
   17    1    7    3    1   26    4    4    1      1426
   17    1    7    4    1   25    4    4    1      1290
   17    1    7    5    1    9    2    2    1      1640
   17    1    7    6    1   31    4    4    1      1399
   17    1    7    7    1   15    2    2    1      1616
   17    1    7    8    1   21    3    3    1      1408
   17    1    7    9    1    3    1    1    1      1336
   17    1    7   10    1   12    2    2    1      2068
   17    1    7   11    1   22    3    3    1      2834
   17    1    7   12    1    5    1    1    1      2305
   17    1    7   13    1   19    3    3    1      1446
   17    1    7   14    1    6    1    1    1      2093
   17    1    8    1    1   10    2    2    1      1523
   17    1    8    2    1   26    4    4    1      2216
   17    1    8    3    1   21    3    3    1      6559
   17    1    8    4    1    5    1    1    1      1818
   17    1    8    5    1    6    1    1    1      1330
   17    1    8    6    1   31    4    4    1      1389
   17    1    8    7    1   19    3    3    1      4775
   17    1    8    8    1   12    2    2    1      1529
   17    1    8    9    1    9    2    2    1      1485
   17    1    8   10    1   28    4    4    1      2274
   17    1    8   11    1   22    3    3    1      1576
   17    1    8   12    1   15    2    2    1      2282
   17    1    8   13    1    3    1    1    1      1503
   17    1    8   14    1   25    4    4    1      5268
   17    1    9    1    1   28    4    4    1      2824
   17    1    9    2    1    6    1    1    1      2136
   17    1    9    3    1    3    1    1    1      1139
   17    1    9    4    1   31    4    4    1      2631
   17    1    9    5    1   22    3    3    1      1470
   17    1    9    6    1   25    4    4    1      1748
   17    1    9    7    1   21    3    3    1      1407
   17    1    9    8    1    9    2    2    1      1319
   17    1    9    9    1   12    2    2    1      1171
   17    1    9   10    1    5    1    1    1      1861
   17    1    9   11    1   15    2    2    1      1388
   17    1    9   12    1   10    2    2    1      1509
   17    1    9   13    1   19    3    3    1      4138
   17    1    9   14    1   26    4    4    1      2101
   17    2    1    1    1   25    4    4    1      2687
   17    2    1    2    2    8    0    1    9      1188
   17    2    1    3    2    2    0    1    9      3381
   17    2    1    4    1   22    3    3    1      2303
   17    2    1    5    1    5    1    1    1      1763
   17    2    1    6    2    8    0    1    9      1933
   17    2    1    7    2    8    0    1    9      5888
   17    2    1    8    1   26    4    4    1      3559
   17    2    1    9    2   24    0    3    9      1929
   17    2    1   10    1    6    1    1    1      6413
   17    2    1   11    1   12    2    2    1      1101
   17    2    1   12    1   15    2    2    1      1393
   17    2    1   13    2   30    0    4    9      1483
   17    2    1   14    2   11    0    2    9      2160
   17    2    1   15    2    1    0    1    9      1483
   17    2    1   16    1   19    3    3    1      1296
   17    2    1   17    1   26    4    4    1      1421
   17    2    1   18    2   32    0    4    9      1157
   17    2    1   19    2   29    0    4    9      1128
   17    2    1   20    1   12    2    2    1      1548
   17    2    1   21    1   21    3    3    1      2702
   17    2    1   22    1   31    4    4    1      1011
   17    2    1   23    1    3    1    1    1      1436
   17    2    1   24    2   27    0    4    9      1907
   17    2    1   25    2   23    0    3    9      1128
   17    2    1   26    2   16    0    2    9      1532
   17    2    1   27    1   28    4    4    1      1599
   17    2    1   28    1    3    1    1    1      1600
   17    2    1   29    2   17    0    3    9      2928
   17    2    1   30    1    6    1    1    1      3836
   17    2    1   31    1   28    4    4    1      2132
   17    2    1   32    2   18    0    3    9      1599
   17    2    1   33    2   13    0    2    9      1760
   17    2    1   34    2   24    0    3    9      2058
   17    2    1   35    1   21    3    3    1      1769
   17    2    1   36    1   15    2    2    1      1443
   17    2    1   37    1   25    4    4    1      1914
   17    2    1   38    2   14    0    2    9      1774
   17    2    1   39    2    7    0    1    9      4792
   17    2    1   40    1    9    2    2    1      2602
   17    2    1   41    1   19    3    3    1      1970
   17    2    1   42    1    9    2    2    1      1748
   17    2    1   43    2   24    0    3    9      1471
   17    2    1   44    1    5    1    1    1      1733
   17    2    1   45    2    4    0    1    9      1184
   17    2    1   46    1   22    3    3    1      2465
   17    2    1   47    1   31    4    4    1      1328
   17    2    1   48    2   24    0    3    9      1148
   17    2    1   49    2   20    0    3    9      2399
   17    2    1   50    1   10    2    2    1      1600
   17    2    1   51    1   10    2    2    1       736
   17    2    1   52    2    8    0    1    9       787
   17    2    2    1    2   14    0    2    9      1013
   17    2    2    2    1   15    2    2    1       813
   17    2    2    3    2   29    0    4    9      2013
   17    2    2    4    1   25    4    4    1       958
   17    2    2    5    1    5    1    1    1      1624
   17    2    2    6    1   15    2    2    1       888
   17    2    2    7    2   18    0    3    9      1685
   17    2    2    8    2   17    0    3    9      1075
   17    2    2    9    2   16    0    2    9      2921
   17    2    2   10    1   19    3    3    1      2053
   17    2    2   11    2   24    0    3    9      2963
   17    2    2   12    1    9    2    2    1      1789
   17    2    2   13    1   19    3    3    1      1287
   17    2    2   14    1    3    1    1    1      1316
   17    2    2   15    2    8    0    1    9      1216
   17    2    2   16    1   28    4    4    1      1584
   17    2    2   17    1   10    2    2    1      1121
   17    2    2   18    1   21    3    3    1      1557
   17    2    2   19    2   24    0    3    9      5416
   17    2    2   20    2   11    0    2    9      1248
   17    2    2   21    1   25    4    4    1      1391
   17    2    2   22    2   20    0    3    9      1144
   17    2    2   23    1   31    4    4    1      1147
   17    2    2   24    1   26    4    4    1      1662
   17    2    2   25    1    5    1    1    1      1388
   17    2    2   26    1   28    4    4    1      3206
   17    2    2   27    2    7    0    1    9      1511
   17    2    2   28    2   27    0    4    9      2476
   17    2    2   29    2    8    0    1    9      2154
   17    2    2   30    2   32    0    4    9      4196
   17    2    2   31    1    6    1    1    1      1949
   17    2    2   32    1   21    3    3    1      1808
   17    2    2   33    1   12    2    2    1      3576
   17    2    2   34    2   24    0    3    9      2698
   17    2    2   35    1    9    2    2    1      2127
   17    2    2   36    1   22    3    3    1      2219
   17    2    2   37    1   22    3    3    1      1251
   17    2    2   38    2    2    0    1    9      1010
   17    2    2   39    2    1    0    1    9      1066
   17    2    2   40    1   26    4    4    1      3279
   17    2    2   41    2   23    0    3    9      1151
   17    2    2   42    1   10    2    2    1      1570
   17    2    2   43    2    8    0    1    9      3332
   17    2    2   44    2   30    0    4    9      3535
   17    2    2   45    2   24    0    3    9      2498
   17    2    2   46    1   12    2    2    1      1471
   17    2    2   47    1    6    1    1    1      1237
   17    2    2   48    2   13    0    2    9      1268
   17    2    2   49    2    8    0    1    9      1794
   17    2    2   50    2    4    0    1    9      1211
   17    2    2   51    1   31    4    4    1      1244
   17    2    2   52    1    3    1    1    1      3355
