   63    1    1    1    1   22    3    1    0     31281
   63    1    1    2    1   31    4    3    0      6462
   63    1    1    3    1    3    2    2    1      5925
   63    1    1    4    1    2    1    2    0      1001
   63    1    1    5    1   25    3    1    0      3497
   63    1    1    6    1    9    1    3    0      2917
   63    1    1    7    1   23    4    2    0      4121
   63    1    1    8    1   28    4    2    0      2285
   63    1    1    9    1    6    1    1    1      4154
   63    1    1   10    1    7    2    2    1      3253
   63    1    1   11    1   19    4    3    0      1972
   63    1    1   12    1   15    2    4    0      1693
   63    1    1   13    1   12    2    4    0      3811
   63    1    1   14    1   18    3    1    0      1875
   63    1    2    1    1   19    4    1    0      7362
   63    1    2    2    1   22    3    1    0      5077
   63    1    2    3    1   18    3    1    0      3011
   63    1    2    4    1    3    2    4    0      6419
   63    1    2    5    1   15    2    4    0      1451
   63    1    2    6    1    7    2    1    0      9465
   63    1    2    7    1    2    1    1    1      4088
   63    1    2    8    1   25    3    2    0      1317
   63    1    2    9    1   28    4    4    1      3065
   63    1    2   10    1    6    1    2    0      1022
   63    1    2   11    1   31    4    1    0      1950
   63    1    2   12    1   23    4    2    0      3224
   63    1    2   13    1   12    2    1    0      1937
   63    1    2   14    1    9    1    1    1      3020
   63    1    3    1    1   19    4    3    0      4983
   63    1    3    2    1   31    4    4    1      2904
   63    1    3    3    1    9    1    1    1      2405
   63    1    3    4    1   28    4    4    1      1765
   63    1    3    5    1   18    3    2    0      2095
   63    1    3    6    1    7    2    2    1      2261
   63    1    3    7    1   25    3    1    0      1562
   63    1    3    8    1    2    1    1    1      1990
   63    1    3    9    1   23    4    3    0      2295
   63    1    3   10    1   15    2    4    0      4084
   63    1    3   11    1    3    2    2    1      2170
   63    1    3   12    1    6    1    3    0      3811
   63    1    3   13    1   22    3    1    0      2516
   63    1    3   14    1   12    2    4    0      9208
   63    1    4    1    1    2    1    1    1      4345
   63    1    4    2    1   23    4    4    1      2717
   63    1    4    3    1   19    4    3    0      1729
   63    1    4    4    1   18    3    3    1      1269
   63    1    4    5    1   22    3    3    1       787
   63    1    4    6    1    6    1    2    0      1268
   63    1    4    7    1   31    4    4    1      2058
   63    1    4    8    1    9    1    1    1      1080
   63    1    4    9    1   25    3    3    1      1918
   63    1    4   10    1   28    4    4    1      1090
   63    1    4   11    1   15    2    2    1      1959
   63    1    4   12    1    7    2    2    1       810
   63    1    4   13    1   12    2    4    0      1306
   63    1    4   14    1    3    2    2    1      1231
   63    1    5    1    1    9    1    1    1       844
   63    1    5    2    1    2    1    2    0       668
   63    1    5    3    1   22    3    3    1      1177
   63    1    5    4    1   19    4    4    1       923
   63    1    5    5    1   31    4    4    1      1655
   63    1    5    6    1   25    3    1    0       870
   63    1    5    7    1   18    3    3    1       732
   63    1    5    8    1    6    1    1    1      1423
   63    1    5    9    1    7    2    2    1       967
   63    1    5   10    1    3    2    2    1       737
   63    1    5   11    1   23    4    4    1      2036
   63    1    5   12    1   12    2    2    1      1732
   63    1    5   13    1   28    4    4    1      1471
   63    1    5   14    1   15    2    2    1      1493
   63    1    6    1    1   15    2    2    1      1308
   63    1    6    2    1   23    4    4    1      1497
   63    1    6    3    1    7    2    2    1       749
   63    1    6    4    1   31    4    2    0       912
   63    1    6    5    1   22    3    3    1      2420
   63    1    6    6    1   12    2    2    1      1348
   63    1    6    7    1    6    1    1    1      1215
   63    1    6    8    1    3    2    2    1      1247
   63    1    6    9    1   19    4    4    1      1390
   63    1    6   10    1   18    3    3    1      1271
   63    1    6   11    1    2    1    1    1      2101
   63    1    6   12    1    9    1    1    1       689
   63    1    6   13    1   25    3    3    1      1479
   63    1    6   14    1   28    4    4    1       941
   63    1    7    1    1    3    2    2    1      2098
   63    1    7    2    1    2    1    1    1       879
   63    1    7    3    1    7    2    2    1       685
   63    1    7    4    1   31    4    4    1      1666
   63    1    7    5    1   23    4    4    1       865
   63    1    7    6    1   12    2    2    1      1470
   63    1    7    7    1    6    1    1    1      4212
   63    1    7    8    1   25    3    3    1      3517
   63    1    7    9    1   15    2    2    1      1153
   63    1    7   10    1   18    3    3    1      2003
   63    1    7   11    1   22    3    3    1      1252
   63    1    7   12    1   19    4    4    1       819
   63    1    7   13    1    9    1    1    1      1394
   63    1    7   14    1   28    4    4    1      1948
   63    1    8    1    1    7    2    2    1      2427
   63    1    8    2    1    9    1    1    1      1435
   63    1    8    3    1   12    2    2    1      1362
   63    1    8    4    1   28    4    4    1      1629
   63    1    8    5    1   25    3    3    1      1373
   63    1    8    6    1   31    4    4    1      1111
   63    1    8    7    1   23    4    4    1      1756
   63    1    8    8    1    2    1    1    1      2070
   63    1    8    9    1    3    2    2    1       788
   63    1    8   10    1   19    4    4    1      1493
   63    1    8   11    1   22    3    3    1      1818
   63    1    8   12    1   18    3    3    1      1218
   63    1    8   13    1   15    2    2    1      1091
   63    1    8   14    1    6    1    1    1       889
   63    1    9    1    1   12    2    2    1      1698
   63    1    9    2    1   18    3    3    1      1278
   63    1    9    3    1    3    2    2    1      1100
   63    1    9    4    1    2    1    1    1      1921
   63    1    9    5    1   23    4    4    1      1973
   63    1    9    6    1   31    4    4    1       807
   63    1    9    7    1   15    2    2    1       952
   63    1    9    8    1    7    2    2    1       611
   63    1    9    9    1   22    3    3    1      1692
   63    1    9   10    1   19    4    4    1       729
   63    1    9   11    1   28    4    4    1       877
   63    1    9   12    1    6    1    1    1      1899
   63    1    9   13    1    9    1    1    1       751
   63    1    9   14    1   25    3    3    1      1169
   63    2    1    1    2   26    0    3    9      2503
   63    2    1    2    1   22    3    3    1      2275
   63    2    1    3    1   25    3    3    1      1097
   63    2    1    4    1    2    1    1    1      1677
   63    2    1    5    1    3    2    2    1      1211
   63    2    1    6    2   13    0    1    9      1052
   63    2    1    7    2   30    0    3    9      1954
   63    2    1    8    2   16    0    2    9      1589
   63    2    1    9    1    7    2    2    1      1222
   63    2    1   10    1   25    3    3    1      1446
   63    2    1   11    2   17    0    3    9      1133
   63    2    1   12    2   14    0    1    9      1760
   63    2    1   13    1   23    4    4    1      1915
   63    2    1   14    1   28    4    4    1       559
   63    2    1   15    1    7    2    2    1      1049
   63    2    1   16    2    1    0    1    9       560
   63    2    1   17    2   10    0    1    9      1147
   63    2    1   18    1   12    2    2    1      1197
   63    2    1   19    1   22    3    3    1      1086
   63    2    1   20    1   12    2    2    1      1251
   63    2    1   21    2   14    0    1    9      1330
   63    2    1   22    1   15    2    2    1      1293
   63    2    1   23    1    3    2    2    1       586
   63    2    1   24    2   24    0    4    9       676
   63    2    1   25    2    5    0    1    9       730
   63    2    1   26    1   31    4    3    0      1181
   63    2    1   27    1   19    4    4    1      1662
   63    2    1   28    2   30    0    3    9      1261
   63    2    1   29    1   28    4    4    1       619
   63    2    1   30    1    2    1    1    1      2371
   63    2    1   31    2   30    0    1    9       629
   63    2    1   32    1    9    1    1    1       605
   63    2    1   33    1   18    3    3    1      1685
   63    2    1   34    1    6    1    1    1      1219
   63    2    1   35    1   23    4    4    1       850
   63    2    1   36    2   27    0    4    9       545
   63    2    1   37    1    6    1    1    1       828
   63    2    1   38    1   15    2    2    1       637
   63    2    1   39    2   29    0    3    9      1188
   63    2    1   40    2   14    0    1    9      1573
   63    2    1   41    2   30    0    1    9       695
   63    2    1   42    1   18    3    3    1       908
   63    2    1   43    2   14    0    1    9      1209
   63    2    1   44    2    4    0    2    9      1833
   63    2    1   45    1   19    4    4    1      3089
   63    2    1   46    2   32    0    4    9       726
   63    2    1   47    1    9    1    1    1      1146
   63    2    1   48    2   21    0    3    9      1005
   63    2    1   49    2   20    0    4    9       821
   63    2    1   50    2    8    0    4    9       741
   63    2    1   51    2   11    0    2    9       776
   63    2    1   52    1   31    4    4    1       986
   63    2    2    1    2   16    0    2    9       916
   63    2    2    2    2   27    0    4    9      7775
   63    2    2    3    1    9    1    1    1       938
   63    2    2    4    2   10    0    1    9      1269
   63    2    2    5    2   13    0    1    9      1331
   63    2    2    6    1    2    1    1    1       766
   63    2    2    7    1   28    4    4    1       752
   63    2    2    8    1   12    2    4    0       867
   63    2    2    9    1   19    4    4    1      1681
   63    2    2   10    1   19    4    4    1      1134
   63    2    2   11    2   32    0    4    9       817
   63    2    2   12    1   31    4    4    1       881
   63    2    2   13    1   25    3    3    1      1631
   63    2    2   14    1    7    2    2    1      1054
   63    2    2   15    2   26    0    3    9      1092
   63    2    2   16    1   15    2    2    1      1673
   63    2    2   17    1    3    2    2    1       968
   63    2    2   18    1    7    2    2    1      1297
   63    2    2   19    1    6    1    1    1      1086
   63    2    2   20    2   30    0    3    9      2307
   63    2    2   21    2   20    0    4    9      1000
   63    2    2   22    1   22    3    3    1       913
   63    2    2   23    2   30    0    3    9       525
   63    2    2   24    2    1    0    1    9      1001
   63    2    2   25    1   31    4    4    1      1986
   63    2    2   26    2   14    0    1    9      1219
   63    2    2   27    1   25    3    3    1      3027
   63    2    2   28    2   17    0    3    9       699
   63    2    2   29    1   18    3    3    1       847
   63    2    2   30    1   23    4    4    1      1278
   63    2    2   31    1   12    2    2    1      1756
   63    2    2   32    2    8    0    2    9       599
   63    2    2   33    1    6    1    1    1       687
   63    2    2   34    2    5    0    1    9       597
   63    2    2   35    2   11    0    2    9      1005
   63    2    2   36    2   14    0    1    9       838
   63    2    2   37    1   23    4    3    0       981
   63    2    2   38    2    4    0    2    9       751
   63    2    2   39    1   22    3    3    1      1201
   63    2    2   40    1   18    3    3    1       626
   63    2    2   41    1    2    1    1    1      1674
   63    2    2   42    2   14    0    1    9       680
   63    2    2   43    2   14    0    1    9       845
   63    2    2   44    1    9    1    1    1      1212
   63    2    2   45    1    3    2    2    1       829
   63    2    2   46    1   15    2    2    1       621
   63    2    2   47    2   29    0    3    9       997
   63    2    2   48    1   28    4    4    1       781
   63    2    2   49    2   30    0    3    9      1071
   63    2    2   50    2   21    0    3    9      1237
   63    2    2   51    2   30    0    3    9       868
   63    2    2   52    2   24    0    4    9       642
