   48    1    1    1    1   22    1    1    1     11706
   48    1    1    2    1   26    2    1    0      2987
   48    1    1    3    1   19    1    1    1      4444
   48    1    1    4    1    6    1    2    0      3323
   48    1    1    5    1    3    2    1    0      3631
   48    1    1    6    1   25    2    1    0      2022
   48    1    1    7    1    9    1    1    1      2478
   48    1    1    8    1   15    2    2    1      2780
   48    1    1    9    1   12    2    2    1      2270
   48    1    1   10    1    7    2    1    0      2675
   48    1    1   11    1   28    2    1    0      3025
   48    1    1   12    1    2    1    1    1      3153
   48    1    1   13    1   31    2    1    0      3332
   48    1    1   14    1   21    1    1    1     10615
   48    1    2    1    1   26    2    2    1      4887
   48    1    2    2    1    3    2    1    0      3492
   48    1    2    3    1    9    1    2    0      4258
   48    1    2    4    1   31    2    2    1      6560
   48    1    2    5    1   22    1    1    1      3131
   48    1    2    6    1   28    2    2    1      5822
   48    1    2    7    1    7    2    2    1      3990
   48    1    2    8    1   12    2    2    1      2727
   48    1    2    9    1   21    1    1    1      2251
   48    1    2   10    1    2    1    1    1      4258
   48    1    2   11    1   15    2    2    1      3544
   48    1    2   12    1    6    1    1    1      3611
   48    1    2   13    1   25    2    1    0      2940
   48    1    2   14    1   19    1    1    1      4303
   48    1    3    1    1   31    2    1    0      5363
   48    1    3    2    1   19    1    2    0      4245
   48    1    3    3    1   22    1    2    0      3428
   48    1    3    4    1    9    1    1    1      4436
   48    1    3    5    1   21    1    1    1      4291
   48    1    3    6    1   26    2    2    1      3913
   48    1    3    7    1    2    1    1    1      1932
   48    1    3    8    1    3    2    2    1      1680
   48    1    3    9    1   12    2    2    1      1293
   48    1    3   10    1   25    2    1    0      1674
   48    1    3   11    1   15    2    2    1      2976
   48    1    3   12    1    6    1    1    1      1738
   48    1    3   13    1    7    2    2    1      2645
   48    1    3   14    1   28    2    2    1      2973
   48    1    4    1    1   12    2    2    1      1761
   48    1    4    2    1   22    1    1    1      1259
   48    1    4    3    1   28    2    2    1      1883
   48    1    4    4    1   31    2    2    1      1408
   48    1    4    5    1   21    1    1    1      1449
   48    1    4    6    1   25    2    1    0      1472
   48    1    4    7    1   15    2    2    1      1486
   48    1    4    8    1    7    2    2    1      1971
   48    1    4    9    1    3    2    2    1      1413
   48    1    4   10    1   26    2    2    1      1884
   48    1    4   11    1    6    1    1    1      1811
   48    1    4   12    1   19    1    2    0      1995
   48    1    4   13    1    2    1    1    1      1940
   48    1    4   14    1    9    1    2    0      2296
   48    1    5    1    1   25    2    1    0      2210
   48    1    5    2    1   22    1    1    1      2658
   48    1    5    3    1   21    1    1    1      1465
   48    1    5    4    1   15    2    2    1      1519
   48    1    5    5    1    6    1    1    1      1635
   48    1    5    6    1   28    2    2    1      1858
   48    1    5    7    1    3    2    2    1      2009
   48    1    5    8    1   19    1    1    1      2313
   48    1    5    9    1    2    1    1    1      1645
   48    1    5   10    1    7    2    2    1      1852
   48    1    5   11    1    9    1    1    1      4275
   48    1    5   12    1   26    2    2    1      2137
   48    1    5   13    1   31    2    2    1      1732
   48    1    5   14    1   12    2    2    1      1888
   48    1    6    1    1   12    2    2    1      1769
   48    1    6    2    1    6    1    1    1      2371
   48    1    6    3    1   26    2    2    1      1989
   48    1    6    4    1    7    2    2    1      2503
   48    1    6    5    1   22    1    1    1      1747
   48    1    6    6    1   21    1    1    1      1566
   48    1    6    7    1    3    2    2    1      1856
   48    1    6    8    1   19    1    2    0      1686
   48    1    6    9    1    2    1    1    1      1803
   48    1    6   10    1   28    2    2    1      2004
   48    1    6   11    1   31    2    2    1      1909
   48    1    6   12    1   25    2    2    1      1961
   48    1    6   13    1    9    1    1    1      1836
   48    1    6   14    1   15    2    2    1      2675
   48    1    7    1    1    3    2    2    1      2274
   48    1    7    2    1   21    1    1    1      2088
   48    1    7    3    1   22    1    1    1      2261
   48    1    7    4    1    6    1    1    1      2268
   48    1    7    5    1   15    2    2    1      1842
   48    1    7    6    1    7    2    2    1      1961
   48    1    7    7    1   31    2    2    1      2267
   48    1    7    8    1   19    1    2    0      1969
   48    1    7    9    1   28    2    2    1      2859
   48    1    7   10    1    2    1    1    1      1674
   48    1    7   11    1    9    1    1    1      4760
   48    1    7   12    1   12    2    2    1      1562
   48    1    7   13    1   25    2    2    1      2349
   48    1    7   14    1   26    2    2    1      2367
   48    1    8    1    1   26    2    2    1      4972
   48    1    8    2    1    2    1    1    1      2966
   48    1    8    3    1    6    1    1    1      1808
   48    1    8    4    1   19    1    2    0      1977
   48    1    8    5    1    7    2    2    1      2003
   48    1    8    6    1   15    2    2    1      1812
   48    1    8    7    1   22    1    1    1      1724
   48    1    8    8    1   21    1    1    1      1832
   48    1    8    9    1    9    1    1    1      2879
   48    1    8   10    1   28    2    2    1      2589
   48    1    8   11    1   25    2    2    1      2790
   48    1    8   12    1   31    2    2    1      1767
   48    1    8   13    1    3    2    2    1      1857
   48    1    8   14    1   12    2    2    1      1880
   48    1    9    1    1    3    2    2    1      2967
   48    1    9    2    1   25    2    1    0      2481
   48    1    9    3    1    6    1    1    1      1303
   48    1    9    4    1    2    1    1    1      1315
   48    1    9    5    1   19    1    2    0      1039
   48    1    9    6    1   21    1    1    1      1295
   48    1    9    7    1   26    2    2    1      1820
   48    1    9    8    1   28    2    2    1      1252
   48    1    9    9    1   15    2    2    1      1667
   48    1    9   10    1    9    1    2    0      2624
   48    1    9   11    1    7    2    2    1      1377
   48    1    9   12    1   12    2    2    1      1434
   48    1    9   13    1   22    1    1    1      1346
   48    1    9   14    1   31    2    2    1      1133
   48    1   10    1    1   26    2    1    0      3055
   48    1   10    2    1   28    2    2    1      2030
   48    1   10    3    1    7    2    2    1      1949
   48    1   10    4    1    6    1    1    1      2032
   48    1   10    5    1   25    2    2    1      2175
   48    1   10    6    1    2    1    1    1      2009
   48    1   10    7    1   19    1    2    0      3066
   48    1   10    8    1   22    1    1    1      2135
   48    1   10    9    1   12    2    2    1      2067
   48    1   10   10    1    3    2    2    1      2465
   48    1   10   11    1    9    1    1    1      1663
   48    1   10   12    1   15    2    2    1      1677
   48    1   10   13    1   31    2    2    1      2107
   48    1   10   14    1   21    1    1    1      1527
   48    2    1    1    1   15    2    2    1      3064
   48    2    1    2    1   31    2    2    1      2494
   48    2    1    3    2   32    0    2    9      2043
   48    2    1    4    1    6    1    1    1      2138
   48    2    1    5    1    9    1    2    0      3142
   48    2    1    6    2   13    0    1    9      1641
   48    2    1    7    1   19    1    2    0      2072
   48    2    1    8    1   19    1    1    1      2470
   48    2    1    9    2    5    0    1    9      1716
   48    2    1   10    2   20    0    2    9      2544
   48    2    1   11    1   26    2    1    0      3083
   48    2    1   12    1   22    1    1    1      1856
   48    2    1   13    1   26    2    2    1      1447
   48    2    1   14    2   24    0    2    9      1566
   48    2    1   15    1   28    2    2    1      1680
   48    2    1   16    1   21    1    1    1      1597
   48    2    1   17    1    3    2    2    1      1741
   48    2    1   18    2   14    0    1    9      2233
   48    2    1   19    1    9    1    1    1      1553
   48    2    1   20    2   18    0    1    9      1573
   48    2    1   21    1   15    2    2    1      1687
   48    2    1   22    1   21    1    1    1      1668
   48    2    1   23    1   28    2    2    1      1618
   48    2    1   24    2   24    0    2    9      1714
   48    2    1   25    2   30    0    1    9      5421
   48    2    1   26    1    3    2    2    1      3398
   48    2    1   27    2   24    0    2    9      1998
   48    2    1   28    2   10    0    1    9      2384
   48    2    1   29    1   25    2    1    0      2433
   48    2    1   30    2   23    0    2    9      1808
   48    2    1   31    1    6    1    1    1      2586
   48    2    1   32    1    7    2    2    1      2115
   48    2    1   33    2    8    0    2    9      1903
   48    2    1   34    2   29    0    1    9      2404
   48    2    1   35    1    7    2    2    1      2756
   48    2    1   36    2   27    0    2    9      1959
   48    2    1   37    2   14    0    1    9      2009
   48    2    1   38    2   17    0    1    9      1674
   48    2    1   39    2    1    0    1    9      2632
   48    2    1   40    2   16    0    2    9      2047
   48    2    1   41    1   12    2    2    1      3005
   48    2    1   42    1    2    1    1    1      2375
   48    2    1   43    1   12    2    2    1      1705
   48    2    1   44    1   31    2    2    1      1814
   48    2    1   45    1   25    2    2    1      1966
   48    2    1   46    2   24    0    2    9      1984
   48    2    1   47    2   14    0    1    9      1937
   48    2    1   48    2    4    0    2    9      2292
   48    2    1   49    2   14    0    1    9      3337
   48    2    1   50    1   22    1    1    1      1765
   48    2    1   51    2   11    0    2    9      1759
   48    2    1   52    1    2    1    1    1      3113
   48    2    2    1    2   29    0    2    9      3677
   48    2    2    2    1   19    1    2    0      1595
   48    2    2    3    1   15    2    2    1      2220
   48    2    2    4    2   13    0    1    9      2548
   48    2    2    5    2   24    0    2    9      1935
   48    2    2    6    1   25    2    2    1      2226
   48    2    2    7    1    3    2    2    1      1850
   48    2    2    8    2    4    0    2    9      1905
   48    2    2    9    2   30    0    2    9      3589
   48    2    2   10    1   26    2    1    0      1943
   48    2    2   11    2   14    0    1    9      3290
   48    2    2   12    1   21    1    1    1      1527
   48    2    2   13    1    9    1    2    0      2267
   48    2    2   14    1    2    1    1    1      1345
   48    2    2   15    2   24    0    2    9      1564
   48    2    2   16    2    5    0    1    9      2462
   48    2    2   17    2   24    0    2    9      1517
   48    2    2   18    2   14    0    2    9      1665
   48    2    2   19    1   22    1    1    1      1822
   48    2    2   20    1    9    1    2    0      2039
   48    2    2   21    2   27    0    2    9      2422
   48    2    2   22    2   14    0    2    9      1958
   48    2    2   23    2   32    0    2    9      1640
   48    2    2   24    1   21    1    1    1      1784
   48    2    2   25    1   25    2    2    1      2113
   48    2    2   26    2   17    0    1    9      1788
   48    2    2   27    2   11    0    2    9      1862
   48    2    2   28    1    7    2    2    1      1821
   48    2    2   29    2   16    0    2    9      1573
   48    2    2   30    2   14    0    2    9      2087
   48    2    2   31    1   19    1    2    0      1637
   48    2    2   32    1   22    1    1    1      2052
   48    2    2   33    1    3    2    2    1      1507
   48    2    2   34    1   28    2    2    1      1911
   48    2    2   35    1   31    2    2    1      1852
   48    2    2   36    1   12    2    2    1      1826
   48    2    2   37    2   18    0    1    9      1562
   48    2    2   38    1    2    1    1    1      1469
   48    2    2   39    1    6    1    1    1      2195
   48    2    2   40    1   28    2    2    1      1964
   48    2    2   41    1   12    2    2    1      1550
   48    2    2   42    1   31    2    2    1      1873
   48    2    2   43    1    6    1    1    1      2134
   48    2    2   44    2   10    0    1    9       947
   48    2    2   45    2   24    0    2    9      1485
   48    2    2   46    1   26    2    2    1      2050
   48    2    2   47    2   20    0    2    9      1489
   48    2    2   48    1    7    2    2    1      1174
   48    2    2   49    2    1    0    1    9      1432
   48    2    2   50    1   15    2    2    1      1711
   48    2    2   51    2   23    0    2    9      1772
   48    2    2   52    2    8    0    2    9      1398
