   15    1    1    1    1    3    1    2    0     25018
   15    1    1    2    1   12    2    3    0     15549
   15    1    1    3    1    9    2    2    1     21937
   15    1    1    4    1    6    1    1    1     12152
   15    1    1    5    1    5    1    1    1     19716
   15    1    1    6    1   26    4    1    0      7147
   15    1    1    7    1   19    3    4    0      7263
   15    1    1    8    1   22    3    1    0      4343
   15    1    1    9    1   15    2    1    0      4115
   15    1    1   10    1   31    4    1    0     17951
   15    1    1   11    1   25    4    4    1      5430
   15    1    1   12    1   10    2    1    0      3502
   15    1    1   13    1   28    4    2    0     12515
   15    1    1   14    1   21    3    2    0     11561
   15    1    2    1    1   25    4    3    0     14915
   15    1    2    2    1    9    2    3    0     11041
   15    1    2    3    1   10    2    1    0      8123
   15    1    2    4    1   28    4    1    0      8728
   15    1    2    5    1   21    3    2    0      8533
   15    1    2    6    1    5    1    2    0     12354
   15    1    2    7    1    3    1    3    0     18799
   15    1    2    8    1   19    3    2    0     30082
   15    1    2    9    1   31    4    3    0     27628
   15    1    2   10    1   26    4    3    0      4303
   15    1    2   11    1    6    1    2    0      4101
   15    1    2   12    1   12    2    4    0     11058
   15    1    2   13    1   15    2    1    0      3523
   15    1    2   14    1   22    3    1    0     10368
   15    1    3    1    1    6    1    3    0      6584
   15    1    3    2    1    3    1    1    1      9642
   15    1    3    3    1   12    2    1    0      5260
   15    1    3    4    1   22    3    2    0      9411
   15    1    3    5    1   28    4    4    1     13109
   15    1    3    6    1   26    4    1    0     35171
   15    1    3    7    1    5    1    2    0     22530
   15    1    3    8    1   25    4    4    1      3281
   15    1    3    9    1   15    2    1    0      3144
   15    1    3   10    1   31    4    3    0      5949
   15    1    3   11    1    9    2    4    0      6856
   15    1    3   12    1   10    2    1    0      5824
   15    1    3   13    1   19    3    1    0      4154
   15    1    3   14    1   21    3    1    0      1821
   15    1    4    1    1    3    1    3    0     31178
   15    1    4    2    1   22    3    2    0      7768
   15    1    4    3    1   31    4    4    1      4884
   15    1    4    4    1    6    1    3    0      4730
   15    1    4    5    1   26    4    2    0      7814
   15    1    4    6    1    5    1    1    1      5231
   15    1    4    7    1   28    4    3    0     29535
   15    1    4    8    1   10    2    2    1      2159
   15    1    4    9    1   19    3    3    1      1554
   15    1    4   10    1   21    3    1    0      1342
   15    1    4   11    1   12    2    4    0      1305
   15    1    4   12    1   15    2    1    0      4942
   15    1    4   13    1   25    4    2    0      1651
   15    1    4   14    1    9    2    4    0      4754
   15    1    5    1    1    3    1    2    0     16480
   15    1    5    2    1   25    4    2    0     10121
   15    1    5    3    1   28    4    1    0      5118
   15    1    5    4    1   10    2    1    0     10164
   15    1    5    5    1    9    2    2    1     12143
   15    1    5    6    1   26    4    3    0      7524
   15    1    5    7    1   22    3    2    0      5362
   15    1    5    8    1   15    2    2    1      9261
   15    1    5    9    1   12    2    2    1      7349
   15    1    5   10    1   19    3    4    0     11873
   15    1    5   11    1   31    4    1    0      7913
   15    1    5   12    1   21    3    2    0      4694
   15    1    5   13    1    6    1    2    0      7381
   15    1    5   14    1    5    1    3    0      5496
   15    1    6    1    1   21    3    1    0     35083
   15    1    6    2    1    9    2    1    0      3021
   15    1    6    3    1    6    1    3    0      2014
   15    1    6    4    1   19    3    4    0      3303
   15    1    6    5    1   10    2    1    0      7500
   15    1    6    6    1   25    4    2    0      7026
   15    1    6    7    1   22    3    1    0      5819
   15    1    6    8    1   15    2    3    0      9964
   15    1    6    9    1   12    2    4    0      2976
   15    1    6   10    1   28    4    1    0      5891
   15    1    6   11    1   31    4    1    0      5881
   15    1    6   12    1    3    1    3    0      4744
   15    1    6   13    1   26    4    3    0      2156
   15    1    6   14    1    5    1    1    1      2759
   15    1    7    1    1   22    3    3    1      7275
   15    1    7    2    1    3    1    2    0      7978
   15    1    7    3    1   21    3    3    1     15813
   15    1    7    4    1   19    3    3    1      1848
   15    1    7    5    1   31    4    4    1       975
   15    1    7    6    1   25    4    3    0      1026
   15    1    7    7    1    9    2    2    1      1794
   15    1    7    8    1    5    1    2    0       316
   15    1    7    9    1   28    4    3    0      1336
   15    1    7   10    1   10    2    2    1      1844
   15    1    7   11    1   15    2    1    0      1620
   15    1    7   12    1   26    4    3    0      4588
   15    1    7   13    1    6    1    2    0      9878
   15    1    7   14    1   12    2    3    0      7462
   15    1    8    1    1    3    1    2    0     10759
   15    1    8    2    1   22    3    3    1      6499
   15    1    8    3    1    5    1    2    0      2521
   15    1    8    4    1   19    3    4    0      4478
   15    1    8    5    1   21    3    3    1      8380
   15    1    8    6    1   25    4    3    0      2431
   15    1    8    7    1   26    4    3    0      3159
   15    1    8    8    1    9    2    1    0      7946
   15    1    8    9    1   15    2    2    1      2294
   15    1    8   10    1    6    1    1    1      8604
   15    1    8   11    1   28    4    4    1      3382
   15    1    8   12    1   10    2    1    0      4392
   15    1    8   13    1   31    4    4    1      3202
   15    1    8   14    1   12    2    1    0      5052
   15    1    9    1    1    9    2    1    0      2408
   15    1    9    2    1    3    1    1    1      3545
   15    1    9    3    1   15    2    2    1      2054
   15    1    9    4    1   28    4    4    1      8069
   15    1    9    5    1   10    2    2    1      4852
   15    1    9    6    1   22    3    3    1      8435
   15    1    9    7    1    5    1    2    0      3972
   15    1    9    8    1   12    2    1    0      4463
   15    1    9    9    1   31    4    3    0      5214
   15    1    9   10    1   25    4    4    1      3543
   15    1    9   11    1   21    3    4    0      4947
   15    1    9   12    1   26    4    4    1      3071
   15    1    9   13    1   19    3    3    1      5733
   15    1    9   14    1    6    1    1    1      5969
   15    1   10    1    1    6    1    1    1      2818
   15    1   10    2    1   22    3    3    1      2650
   15    1   10    3    1    3    1    1    1     10833
   15    1   10    4    1   28    4    4    1      4051
   15    1   10    5    1    5    1    2    0      3450
   15    1   10    6    1   25    4    3    0      5034
   15    1   10    7    1   12    2    1    0      3322
   15    1   10    8    1   19    3    4    0      2735
   15    1   10    9    1   15    2    2    1      3491
   15    1   10   10    1   26    4    3    0      2697
   15    1   10   11    1   21    3    4    0      4862
   15    1   10   12    1   31    4    3    0      9174
   15    1   10   13    1   10    2    2    1      5842
   15    1   10   14    1    9    2    2    1      1594
   15    2    1    1    2    2    0    1    9      5905
   15    2    1    2    1   19    3    4    0      5543
   15    2    1    3    1    9    2    2    1      4059
   15    2    1    4    1    5    1    2    0      4098
   15    2    1    5    2   30    0    3    9      2712
   15    2    1    6    1    9    2    2    1      3653
   15    2    1    7    2   11    0    1    9     13148
   15    2    1    8    1   28    4    4    1     13289
   15    2    1    9    2   24    0    4    9      2000
   15    2    1   10    1   22    3    3    1      3961
   15    2    1   11    1   12    2    1    0      2373
   15    2    1   12    2   17    0    3    9      3608
   15    2    1   13    1   21    3    4    0      3881
   15    2    1   14    2   14    0    2    9      2383
   15    2    1   15    1    5    1    2    0      3521
   15    2    1   16    1    6    1    1    1      9110
   15    2    1   17    1    3    1    1    1     13596
   15    2    1   18    2    4    0    1    9      3407
   15    2    1   19    1   12    2    1    0      2432
   15    2    1   20    1   31    4    3    0      3984
   15    2    1   21    1   15    2    2    1      4914
   15    2    1   22    1   25    4    3    0      2495
   15    2    1   23    1    6    1    1    1      3477
   15    2    1   24    1   28    4    4    1      4804
   15    2    1   25    1   19    3    4    0      7141
   15    2    1   26    2    8    0    1    9     12946
   15    2    1   27    1   21    3    3    1      3119
   15    2    1   28    2   18    0    4    9      9284
   15    2    1   29    1   22    3    3    1      2251
   15    2    1   30    2   27    0    3    9      2738
   15    2    1   31    2   29    0    4    9      1758
   15    2    1   32    2   16    0    1    9      4321
   15    2    1   33    1    3    1    1    1      3525
   15    2    1   34    2   13    0    2    9      2482
   15    2    1   35    2    8    0    1    9      2192
   15    2    1   36    1   25    4    3    0      4714
   15    2    1   37    2    8    0    1    9      3559
   15    2    1   38    2   24    0    4    9      4907
   15    2    1   39    2    1    0    1    9      3288
   15    2    1   40    1   10    2    2    1      4086
   15    2    1   41    1   10    2    2    1      2204
   15    2    1   42    1   26    4    4    1      8197
   15    2    1   43    2   32    0    3    9      7639
   15    2    1   44    2   24    0    3    9      7568
   15    2    1   45    1   31    4    4    1      5140
   15    2    1   46    1   26    4    4    1      3376
   15    2    1   47    1   15    2    2    1      8419
   15    2    1   48    2    7    0    1    9      5164
   15    2    1   49    2   24    0    3    9      3671
   15    2    1   50    2    8    0    1    9      3413
   15    2    1   51    2   20    0    3    9      3022
   15    2    1   52    2   23    0    3    9      2911
   15    2    2    1    1    9    2    2    1      2764
   15    2    2    2    2   24    0    3    9      2870
   15    2    2    3    2    7    0    1    9      2501
   15    2    2    4    2   11    0    1    9      2122
   15    2    2    5    1    6    1    1    1      5111
   15    2    2    6    2    8    0    1    9      2388
   15    2    2    7    2   27    0    3    9      6734
   15    2    2    8    2   17    0    3    9      2818
   15    2    2    9    1   28    4    3    0      5803
   15    2    2   10    2   30    0    4    9      6013
   15    2    2   11    1   22    3    3    1      2654
   15    2    2   12    2   16    0    3    9      6710
   15    2    2   13    1    6    1    1    1      5651
   15    2    2   14    2    8    0    1    9      2635
   15    2    2   15    1   22    3    3    1      2724
   15    2    2   16    1    5    1    2    0      2240
   15    2    2   17    2    4    0    1    9      3177
   15    2    2   18    1    5    1    1    1      3251
   15    2    2   19    1   12    2    1    0      2403
   15    2    2   20    1   19    3    3    1      4164
   15    2    2   21    2    2    0    1    9      3806
   15    2    2   22    2   20    0    3    9      2856
   15    2    2   23    2   29    0    4    9      7319
   15    2    2   24    2   14    0    2    9      4196
   15    2    2   25    1   28    4    3    0      5869
   15    2    2   26    2    8    0    1    9      4309
   15    2    2   27    1   25    4    3    0      2162
   15    2    2   28    1    3    1    1    1      4461
   15    2    2   29    2   24    0    4    9      3252
   15    2    2   30    2   24    0    4    9      1500
   15    2    2   31    2   24    0    4    9      2417
   15    2    2   32    1   25    4    3    0      5193
   15    2    2   33    2    1    0    1    9      5196
   15    2    2   34    1   26    4    2    0      5478
   15    2    2   35    1   15    2    2    1      3381
   15    2    2   36    2   13    0    1    9      2703
   15    2    2   37    1   19    3    3    1      5292
   15    2    2   38    1   12    2    1    0      3306
   15    2    2   39    1   31    4    4    1      3760
   15    2    2   40    2   23    0    4    9      4699
   15    2    2   41    1   21    3    4    0      5297
   15    2    2   42    1   15    2    2    1      5191
   15    2    2   43    1   21    3    3    1      5529
   15    2    2   44    1   10    2    2    1      3694
   15    2    2   45    2   32    0    3    9      2605
   15    2    2   46    1   31    4    4    1      2758
   15    2    2   47    1   10    2    2    1      3242
   15    2    2   48    1    3    1    1    1      4258
   15    2    2   49    1    9    2    1    0      2553
   15    2    2   50    1   26    4    4    1      4556
   15    2    2   51    2    8    0    1    9      3728
   15    2    2   52    2   18    0    3    9      3644
