    9    1    1    1    1   21    3    1    0      5557
    9    1    1    2    1    6    1    2    0      4941
    9    1    1    3    1   25    4    3    0       970
    9    1    1    4    1    3    1    2    0      5532
    9    1    1    5    1    5    1    3    0      1744
    9    1    1    6    1   15    2    4    0      4228
    9    1    1    7    1   31    4    2    0      3573
    9    1    1    8    1   12    2    2    1      3736
    9    1    1    9    1   10    2    1    0      4204
    9    1    1   10    1   28    4    4    1      1590
    9    1    1   11    1    9    2    3    0      1207
    9    1    1   12    1   26    4    2    0      1057
    9    1    1   13    1   19    3    3    1      1096
    9    1    1   14    1   22    3    1    0      1389
    9    1    2    1    1   10    2    3    0      4466
    9    1    2    2    1   25    4    3    0      1409
    9    1    2    3    1   12    2    1    0      1650
    9    1    2    4    1   19    3    3    1       769
    9    1    2    5    1   28    4    2    0      1788
    9    1    2    6    1   31    4    1    0      3429
    9    1    2    7    1    3    1    3    0      1054
    9    1    2    8    1    9    2    3    0      1061
    9    1    2    9    1   21    3    3    1      1252
    9    1    2   10    1   15    2    2    1      3331
    9    1    2   11    1    5    1    2    0      1056
    9    1    2   12    1    6    1    1    1      1623
    9    1    2   13    1   26    4    3    0      2399
    9    1    2   14    1   22    3    4    0      1025
    9    1    3    1    1   21    3    3    1      1523
    9    1    3    2    1   25    4    4    1      2240
    9    1    3    3    1    3    1    2    0      1919
    9    1    3    4    1    6    1    2    0      2676
    9    1    3    5    1   26    4    4    1      2243
    9    1    3    6    1   12    2    2    1      2730
    9    1    3    7    1   28    4    4    1       934
    9    1    3    8    1   15    2    1    0      2850
    9    1    3    9    1    5    1    1    1      1385
    9    1    3   10    1   10    2    4    0       923
    9    1    3   11    1   22    3    3    1      1280
    9    1    3   12    1    9    2    2    1      1310
    9    1    3   13    1   19    3    3    1      1579
    9    1    3   14    1   31    4    4    1      1013
    9    1    4    1    1   26    4    4    1       870
    9    1    4    2    1   12    2    2    1      1684
    9    1    4    3    1    3    1    1    1       858
    9    1    4    4    1   19    3    3    1       785
    9    1    4    5    1   15    2    2    1       666
    9    1    4    6    1    9    2    2    1       857
    9    1    4    7    1    5    1    1    1      1192
    9    1    4    8    1   28    4    4    1      1106
    9    1    4    9    1   22    3    3    1       607
    9    1    4   10    1   25    4    4    1      2008
    9    1    4   11    1    6    1    1    1      3881
    9    1    4   12    1   10    2    2    1       727
    9    1    4   13    1   21    3    3    1       948
    9    1    4   14    1   31    4    4    1       422
    9    1    5    1    1    5    1    1    1      1611
    9    1    5    2    1   25    4    4    1       677
    9    1    5    3    1   31    4    4    1       739
    9    1    5    4    1   22    3    3    1       807
    9    1    5    5    1   19    3    3    1      1087
    9    1    5    6    1   12    2    2    1       701
    9    1    5    7    1   21    3    3    1       947
    9    1    5    8    1   15    2    2    1      1478
    9    1    5    9    1   10    2    2    1      2020
    9    1    5   10    1   26    4    4    1       909
    9    1    5   11    1    6    1    1    1      1986
    9    1    5   12    1   28    4    4    1      1596
    9    1    5   13    1    3    1    1    1      2613
    9    1    5   14    1    9    2    2    1       710
    9    1    6    1    1   22    3    3    1      3361
    9    1    6    2    1   31    4    4    1       541
    9    1    6    3    1   25    4    4    1       841
    9    1    6    4    1   12    2    2    1       665
    9    1    6    5    1    5    1    1    1      1272
    9    1    6    6    1    3    1    1    1       694
    9    1    6    7    1   21    3    3    1      1204
    9    1    6    8    1   19    3    3    1       725
    9    1    6    9    1   26    4    4    1      1098
    9    1    6   10    1   10    2    2    1      2047
    9    1    6   11    1    9    2    2    1       710
    9    1    6   12    1   28    4    4    1      1163
    9    1    6   13    1   15    2    2    1      1878
    9    1    6   14    1    6    1    1    1      1092
    9    2    1    1    1    5    1    1    1      1965
    9    2    1    2    2   13    0    2    9       911
    9    2    1    3    1   10    2    2    1      1500
    9    2    1    4    2    2    0    1    9      1186
    9    2    1    5    1   31    4    4    1      1211
    9    2    1    6    1    3    1    1    1      2804
    9    2    1    7    1   28    4    4    1       845
    9    2    1    8    2   24    0    4    9       853
    9    2    1    9    2   32    0    4    9      3348
    9    2    1   10    2    7    0    1    9      3631
    9    2    1   11    1    3    1    1    1       999
    9    2    1   12    1   31    4    4    1       832
    9    2    1   13    2   24    0    3    9       729
    9    2    1   14    1   25    4    4    1       653
    9    2    1   15    2   14    0    2    9      1156
    9    2    1   16    2   29    0    4    9      1591
    9    2    1   17    1   21    3    3    1      1217
    9    2    1   18    1   28    4    4    1      1497
    9    2    1   19    2    4    0    1    9      1182
    9    2    1   20    2    1    0    1    9       888
    9    2    1   21    2   23    0    3    9      4045
    9    2    1   22    1    5    1    1    1      1221
    9    2    1   23    2   18    0    3    9       798
    9    2    1   24    2    8    0    1    9      1623
    9    2    1   25    2   16    0    2    9      1159
    9    2    1   26    1    9    2    2    1       826
    9    2    1   27    1   12    2    2    1      1107
    9    2    1   28    1   19    3    3    1      1656
    9    2    1   29    2    8    0    1    9      2303
    9    2    1   30    1   22    3    3    1      1701
    9    2    1   31    1   26    4    4    1       922
    9    2    1   32    2    8    0    1    9      1390
    9    2    1   33    1   26    4    3    0      4408
    9    2    1   34    1   19    3    3    1      1265
    9    2    1   35    2    8    0    1    9      2312
    9    2    1   36    2   20    0    3    9      1076
    9    2    1   37    1    6    1    1    1      2195
    9    2    1   38    1   21    3    3    1      1493
    9    2    1   39    1   12    2    4    0      1035
    9    2    1   40    1    9    2    2    1      2067
    9    2    1   41    2   27    0    4    9      1465
    9    2    1   42    1   15    2    2    1      1089
    9    2    1   43    1   10    2    2    1       886
    9    2    1   44    1   22    3    3    1      1052
    9    2    1   45    2   30    0    4    9       683
    9    2    1   46    1    6    1    1    1      1496
    9    2    1   47    2   11    0    2    9      1855
    9    2    1   48    2   17    0    3    9       918
    9    2    1   49    2   24    0    3    9       874
    9    2    1   50    1   15    2    2    1      2072
    9    2    1   51    2   24    0    3    9      1335
    9    2    1   52    1   25    4    4    1       963
    9    2    2    1    1   10    2    2    1      1342
    9    2    2    2    1    5    1    1    1      1498
    9    2    2    3    2   24    0    3    9       871
    9    2    2    4    2   24    0    3    9      1309
    9    2    2    5    2    8    0    1    9      1538
    9    2    2    6    2    1    0    1    9      1637
    9    2    2    7    2    8    0    1    9       901
    9    2    2    8    2   24    0    3    9      1706
    9    2    2    9    1    5    1    1    1      1895
    9    2    2   10    1   31    4    4    1      1157
    9    2    2   11    2   30    0    4    9       584
    9    2    2   12    1   15    2    2    1       987
    9    2    2   13    2   20    0    3    9      1765
    9    2    2   14    1   21    3    3    1      1263
    9    2    2   15    2    8    0    1    9      1262
    9    2    2   16    1   28    4    4    1      1157
    9    2    2   17    1   12    2    2    1      1168
    9    2    2   18    1   12    2    2    1      1394
    9    2    2   19    2   24    0    3    9       868
    9    2    2   20    2   23    0    3    9       714
    9    2    2   21    1   21    3    3    1      1222
    9    2    2   22    2   32    0    4    9       807
    9    2    2   23    1   31    4    4    1       840
    9    2    2   24    1    9    2    2    1      1367
    9    2    2   25    2   18    0    3    9       978
    9    2    2   26    2   14    0    2    9      1084
    9    2    2   27    1    3    1    1    1       955
    9    2    2   28    2   16    0    2    9      1245
    9    2    2   29    1   15    2    2    1       837
    9    2    2   30    1   10    2    2    1      1101
    9    2    2   31    1   25    4    4    1      3602
    9    2    2   32    1    3    1    1    1       819
    9    2    2   33    1    9    2    2    1      9491
    9    2    2   34    1   25    4    4    1      2762
    9    2    2   35    1   28    4    4    1      1014
    9    2    2   36    2   11    0    2    9      1798
    9    2    2   37    2    7    0    1    9      2663
    9    2    2   38    2    8    0    1    9      4021
    9    2    2   39    2    2    0    1    9      1462
    9    2    2   40    1    6    1    1    1      1125
    9    2    2   41    1   22    3    3    1      3050
    9    2    2   42    2   17    0    3    9       929
    9    2    2   43    1   22    3    3    1      1613
    9    2    2   44    1   26    4    4    1      1069
    9    2    2   45    1   26    4    4    1       556
    9    2    2   46    1    6    1    1    1      2431
    9    2    2   47    1   19    3    3    1      1255
    9    2    2   48    2   27    0    4    9      1606
    9    2    2   49    1   19    3    3    1       887
    9    2    2   50    2    4    0    1    9      1213
    9    2    2   51    2   13    0    2    9      2038
    9    2    2   52    2   29    0    4    9      1742
