   62    1    1    1    1   22    3    2    0     10694
   62    1    1    2    1    7    2    2    1     12967
   62    1    1    3    1    6    1    1    1      1787
   62    1    1    4    1   21    3    1    0      2269
   62    1    1    5    1    3    2    2    1      2339
   62    1    1    6    1   19    3    2    0      2247
   62    1    1    7    1   31    4    2    0      7686
   62    1    1    8    1   28    4    3    0      4941
   62    1    1    9    1    9    1    2    0      2658
   62    1    1   10    1   15    2    2    1      5241
   62    1    1   11    1   26    4    3    0      1593
   62    1    1   12    1    2    1    4    0       811
   62    1    1   13    1   12    2    3    0      2492
   62    1    1   14    1   25    4    2    0      1754
   62    1    2    1    1   12    2    2    1      2431
   62    1    2    2    1   21    3    4    0      1175
   62    1    2    3    1    9    1    4    0      3201
   62    1    2    4    1   15    2    2    1      2059
   62    1    2    5    1    3    2    3    0      1226
   62    1    2    6    1   26    4    3    0      1362
   62    1    2    7    1   28    4    1    0      1230
   62    1    2    8    1   22    3    3    1      4462
   62    1    2    9    1   31    4    4    1       934
   62    1    2   10    1   25    4    2    0      1049
   62    1    2   11    1   19    3    4    0      1160
   62    1    2   12    1    2    1    1    1      1371
   62    1    2   13    1    7    2    2    1      1190
   62    1    2   14    1    6    1    1    1       904
   62    1    3    1    1    7    2    2    1      2615
   62    1    3    2    1    2    1    1    1       536
   62    1    3    3    1    3    2    2    1       947
   62    1    3    4    1   19    3    4    0       798
   62    1    3    5    1    9    1    1    1      2039
   62    1    3    6    1   25    4    2    0      1255
   62    1    3    7    1   26    4    2    0      6046
   62    1    3    8    1   28    4    4    1      4430
   62    1    3    9    1    6    1    1    1       631
   62    1    3   10    1   31    4    3    0      2198
   62    1    3   11    1   21    3    2    0       863
   62    1    3   12    1   22    3    3    1      1966
   62    1    3   13    1   15    2    2    1       552
   62    1    3   14    1   12    2    4    0      1051
   62    1    4    1    1   15    2    2    1      1388
   62    1    4    2    1   12    2    3    0      1557
   62    1    4    3    1   28    4    2    0      1609
   62    1    4    4    1   22    3    3    1      2617
   62    1    4    5    1   26    4    4    1      1914
   62    1    4    6    1    3    2    1    0      1287
   62    1    4    7    1   19    3    3    1      1661
   62    1    4    8    1   31    4    4    1      1563
   62    1    4    9    1    6    1    1    1      4294
   62    1    4   10    1    2    1    1    1      2564
   62    1    4   11    1   21    3    2    0      7271
   62    1    4   12    1   25    4    4    1      3926
   62    1    4   13    1    9    1    2    0      5331
   62    1    4   14    1    7    2    1    0     10863
   62    1    5    1    1    2    1    1    1      2917
   62    1    5    2    1   28    4    4    1      1378
   62    1    5    3    1   31    4    4    1      3436
   62    1    5    4    1   26    4    4    1      1332
   62    1    5    5    1   21    3    3    1      2208
   62    1    5    6    1    7    2    2    1      1857
   62    1    5    7    1    6    1    1    1      1000
   62    1    5    8    1   22    3    3    1      4697
   62    1    5    9    1    3    2    1    0      2807
   62    1    5   10    1   15    2    4    0      1528
   62    1    5   11    1   12    2    2    1      1389
   62    1    5   12    1   25    4    4    1      1438
   62    1    5   13    1   19    3    4    0      2278
   62    1    5   14    1    9    1    1    1      1565
   62    1    6    1    1   28    4    4    1      1691
   62    1    6    2    1    6    1    1    1      1905
   62    1    6    3    1   26    4    3    0      4166
   62    1    6    4    1   12    2    2    1      7969
   62    1    6    5    1    2    1    1    1      1940
   62    1    6    6    1   15    2    1    0      3008
   62    1    6    7    1   21    3    3    1      2065
   62    1    6    8    1   22    3    4    0      2552
   62    1    6    9    1    9    1    1    1      5851
   62    1    6   10    1   31    4    4    1      2955
   62    1    6   11    1    3    2    2    1      3142
   62    1    6   12    1   25    4    4    1      2898
   62    1    6   13    1   19    3    3    1      4119
   62    1    6   14    1    7    2    1    0      2628
   62    1    7    1    1    2    1    1    1      1392
   62    1    7    2    1   22    3    4    0       802
   62    1    7    3    1   31    4    4    1       627
   62    1    7    4    1   12    2    2    1      1379
   62    1    7    5    1   15    2    1    0      1501
   62    1    7    6    1    7    2    1    0      1339
   62    1    7    7    1    9    1    1    1      1430
   62    1    7    8    1   28    4    4    1       774
   62    1    7    9    1    6    1    1    1      1633
   62    1    7   10    1   19    3    3    1      2840
   62    1    7   11    1   21    3    2    0      4032
   62    1    7   12    1    3    2    1    0       912
   62    1    7   13    1   25    4    3    0      2181
   62    1    7   14    1   26    4    4    1      1672
   62    1    8    1    1    3    2    4    0      1881
   62    1    8    2    1   12    2    2    1      1319
   62    1    8    3    1   19    3    3    1       763
   62    1    8    4    1    9    1    1    1       550
   62    1    8    5    1   31    4    1    0       649
   62    1    8    6    1    7    2    1    0      2080
   62    1    8    7    1   21    3    3    1      1478
   62    1    8    8    1    2    1    1    1       756
   62    1    8    9    1   25    4    1    0       615
   62    1    8   10    1   15    2    1    0       608
   62    1    8   11    1   26    4    3    0      1313
   62    1    8   12    1   28    4    4    1       951
   62    1    8   13    1    6    1    1    1      1513
   62    1    8   14    1   22    3    3    1      1390
   62    1    9    1    1   15    2    1    0       988
   62    1    9    2    1   26    4    1    0      1509
   62    1    9    3    1   28    4    4    1      1755
   62    1    9    4    1    6    1    1    1       582
   62    1    9    5    1   12    2    2    1      1255
   62    1    9    6    1    7    2    1    0      1078
   62    1    9    7    1   19    3    3    1       981
   62    1    9    8    1    2    1    1    1       671
   62    1    9    9    1   25    4    3    0      1141
   62    1    9   10    1   21    3    3    1      1088
   62    1    9   11    1    3    2    2    1      2519
   62    1    9   12    1   22    3    4    0      2131
   62    1    9   13    1   31    4    4    1      2151
   62    1    9   14    1    9    1    1    1       891
   62    1   10    1    1   22    3    3    1      2174
   62    1   10    2    1   19    3    4    0      1945
   62    1   10    3    1    7    2    1    0      6932
   62    1   10    4    1   21    3    3    1      3641
   62    1   10    5    1   12    2    1    0      1281
   62    1   10    6    1   28    4    4    1      1999
   62    1   10    7    1    9    1    1    1      1288
   62    1   10    8    1   26    4    3    0      1310
   62    1   10    9    1    3    2    2    1      1851
   62    1   10   10    1    2    1    1    1      1562
   62    1   10   11    1   15    2    1    0      3189
   62    1   10   12    1    6    1    1    1      2207
   62    1   10   13    1   25    4    3    0      7984
   62    1   10   14    1   31    4    4    1      5115
   62    2    1    1    2    1    0    1    9      4345
   62    2    1    2    1   21    3    4    0       740
   62    2    1    3    1   15    2    1    0       832
   62    2    1    4    2   14    0    1    9      2088
   62    2    1    5    2    8    0    2    9       934
   62    2    1    6    1   25    4    4    1      1626
   62    2    1    7    1    2    1    2    0      1842
   62    2    1    8    2   23    0    3    9      1074
   62    2    1    9    1    9    1    1    1       832
   62    2    1   10    2   32    0    4    9       552
   62    2    1   11    1    3    2    2    1       435
   62    2    1   12    2   10    0    3    9       267
   62    2    1   13    1    6    1    1    1       209
   62    2    1   14    2   13    0    3    9         0
   62    2    1   15    2    5    0    2    9       203
   62    2    1   16    2   24    0    3    9       260
   62    2    1   17    2   11    0    2    9       195
   62    2    1   18    2   16    0    3    9       237
   62    2    1   19    2   17    0    3    9      3573
   62    2    1   20    1   21    3    3    1      1872
   62    2    1   21    1   22    3    1    0       542
   62    2    1   22    1   19    3    1    0       298
   62    2    1   23    1   31    4    4    1       383
   62    2    1   24    2   29    0    3    9       273
   62    2    1   25    2   20    0    3    9       239
   62    2    1   26    2   14    0    3    9       239
   62    2    1   27    2   24    0    4    9      1143
   62    2    1   28    1    2    1    1    1       322
   62    2    1   29    1   12    2    4    0         0
   62    2    1   30    2   14    0    1    9       495
   62    2    1   31    1    9    1    2    0        93
   62    2    1   32    1    6    1    1    1       499
   62    2    1   33    2   24    0    4    9       447
   62    2    1   34    2    4    0    1    9       847
   62    2    1   35    1   26    4    4    1       407
   62    2    1   36    2   27    0    4    9       736
   62    2    1   37    1   31    4    4    1       451
   62    2    1   38    2   24    0    3    9       194
   62    2    1   39    2   18    0    3    9       452
   62    2    1   40    1   19    3    4    0       419
   62    2    1   41    1    7    2    1    0      1803
   62    2    1   42    2   30    0    2    9         0
   62    2    1   43    1   22    3    4    0       405
   62    2    1   44    2   14    0    4    9       222
   62    2    1   45    1   28    4    4    1       398
   62    2    1   46    1   25    4    4    1       351
   62    2    1   47    1   26    4    3    0       451
   62    2    1   48    1    7    2    1    0       650
   62    2    1   49    1   28    4    4    1       249
   62    2    1   50    1   12    2    2    1        31
   62    2    1   51    1    3    2    4    0        79
   62    2    1   52    1   15    2    1    0       341
   62    2    2    1    1   21    3    4    0       169
   62    2    2    2    1    3    2    1    0        59
   62    2    2    3    2   14    0    4    9        10
   62    2    2    4    1   19    3    1    0         0
   62    2    2    5    2   24    0    4    9         0
   62    2    2    6    2   10    0    1    9       397
   62    2    2    7    1   12    2    1    0       302
   62    2    2    8    2   14    0    1    9       299
   62    2    2    9    1    7    2    2    1       136
   62    2    2   10    2   16    0    1    9       443
   62    2    2   11    2   13    0    1    9         0
   62    2    2   12    2    4    0    1    9       116
   62    2    2   13    1    7    2    1    0         0
   62    2    2   14    2   14    0    2    9         0
   62    2    2   15    2   24    0    3    9       811
   62    2    2   16    2   14    0    1    9      2236
   62    2    2   17    1   19    3    3    1      1195
   62    2    2   18    2    5    0    1    9       686
   62    2    2   19    1    6    1    1    1       731
   62    2    2   20    2   11    0    2    9       647
   62    2    2   21    1    2    1    1    1       543
   62    2    2   22    1   31    4    4    1       411
   62    2    2   23    2   20    0    4    9       404
   62    2    2   24    1    9    1    2    0       317
   62    2    2   25    1   21    3    3    1       313
   62    2    2   26    2   32    0    1    9        62
   62    2    2   27    2   24    0    4    9       293
   62    2    2   28    1   15    2    1    0       402
   62    2    2   29    1   25    4    3    0       259
   62    2    2   30    1   31    4    1    0         0
   62    2    2   31    2   18    0    3    9      2411
   62    2    2   32    1   28    4    4    1       949
   62    2    2   33    1   15    2    1    0       329
   62    2    2   34    2   29    0    3    9       629
   62    2    2   35    2   24    0    3    9       317
   62    2    2   36    2   27    0    4    9       289
   62    2    2   37    1   22    3    3    1        63
   62    2    2   38    1   25    4    3    0       318
   62    2    2   39    1    6    1    4    0        34
   62    2    2   40    2    1    0    1    9       346
   62    2    2   41    2   30    0    3    9       293
   62    2    2   42    2   17    0    4    9        91
   62    2    2   43    1   26    4    4    1       208
   62    2    2   44    1    3    2    1    0       369
   62    2    2   45    1   12    2    2    1       380
   62    2    2   46    1   26    4    3    0       718
   62    2    2   47    1    2    1    1    1       267
   62    2    2   48    1    9    1    3    0       433
   62    2    2   49    1   28    4    3    0       569
   62    2    2   50    1   22    3    4    0       299
   62    2    2   51    2   23    0    4    9       353
   62    2    2   52    2    8    0    1    9       347
