   27    1    1    1    1   15    2    1    0      5407
   27    1    1    2    1   12    2    4    0      4964
   27    1    1    3    1    2    1    1    1      4854
   27    1    1    4    1   31    4    2    0      2181
   27    1    1    5    1    7    2    3    0      2006
   27    1    1    6    1   19    3    2    0      2463
   27    1    1    7    1   26    4    1    0      2325
   27    1    1    8    1    3    2    1    0      2945
   27    1    1    9    1   28    4    3    0      2996
   27    1    1   10    1    9    1    3    0      3125
   27    1    1   11    1   22    3    3    1      7825
   27    1    1   12    1   25    4    1    0      3288
   27    1    1   13    1    6    1    4    0      3407
   27    1    1   14    1   21    3    4    0      2687
   27    1    2    1    1   25    4    3    0      5137
   27    1    2    2    1   26    4    3    0      2845
   27    1    2    3    1   15    2    1    0      2292
   27    1    2    4    1    7    2    2    1      1778
   27    1    2    5    1   21    3    1    0      1420
   27    1    2    6    1   31    4    2    0      1964
   27    1    2    7    1    9    1    3    0      1558
   27    1    2    8    1   19    3    2    0      1297
   27    1    2    9    1    2    1    1    1      1413
   27    1    2   10    1    3    2    1    0       621
   27    1    2   11    1    6    1    2    0      1758
   27    1    2   12    1   12    2    1    0      1984
   27    1    2   13    1   28    4    3    0      1353
   27    1    2   14    1   22    3    4    0      1147
   27    1    3    1    1   28    4    3    0      1371
   27    1    3    2    1    9    1    2    0      1453
   27    1    3    3    1    6    1    2    0      1468
   27    1    3    4    1   21    3    4    0      1034
   27    1    3    5    1   19    3    4    0      1129
   27    1    3    6    1   25    4    4    1      1013
   27    1    3    7    1   22    3    3    1       925
   27    1    3    8    1   12    2    1    0      1033
   27    1    3    9    1    7    2    1    0      1273
   27    1    3   10    1   26    4    3    0      2447
   27    1    3   11    1   31    4    3    0      1253
   27    1    3   12    1   15    2    1    0      1772
   27    1    3   13    1    3    2    1    0       990
   27    1    3   14    1    2    1    2    0      1439
   27    1    4    1    1   26    4    3    0      1248
   27    1    4    2    1    3    2    1    0      1335
   27    1    4    3    1   31    4    3    0      1354
   27    1    4    4    1   21    3    3    1      1661
   27    1    4    5    1    2    1    2    0      4635
   27    1    4    6    1   28    4    4    1      2411
   27    1    4    7    1   15    2    2    1      2571
   27    1    4    8    1   25    4    3    0      2885
   27    1    4    9    1   19    3    3    1      2922
   27    1    4   10    1   12    2    2    1      1878
   27    1    4   11    1    6    1    1    1      2013
   27    1    4   12    1    9    1    2    0      1949
   27    1    4   13    1   22    3    3    1      2376
   27    1    4   14    1    7    2    2    1      2313
   27    1    5    1    1   28    4    4    1      2780
   27    1    5    2    1    2    1    1    1      6156
   27    1    5    3    1   15    2    2    1      1080
   27    1    5    4    1   22    3    3    1      2350
   27    1    5    5    1    6    1    2    0      2224
   27    1    5    6    1    9    1    1    1      4592
   27    1    5    7    1   25    4    4    1      6169
   27    1    5    8    1   26    4    3    0      1316
   27    1    5    9    1    7    2    2    1      2744
   27    1    5   10    1   19    3    4    0      2523
   27    1    5   11    1   21    3    3    1      6991
   27    1    5   12    1   12    2    2    1      9352
   27    1    5   13    1   31    4    3    0      3475
   27    1    5   14    1    3    2    1    0      3841
   27    1    6    1    1   19    3    3    1      5987
   27    1    6    2    1    9    1    1    1      3077
   27    1    6    3    1   22    3    3    1      4795
   27    1    6    4    1   25    4    4    1      2796
   27    1    6    5    1   21    3    4    0      4381
   27    1    6    6    1   28    4    3    0      2854
   27    1    6    7    1    2    1    2    0      3293
   27    1    6    8    1   31    4    4    1      4482
   27    1    6    9    1   12    2    1    0      6655
   27    1    6   10    1    6    1    1    1      4382
   27    1    6   11    1    7    2    2    1      4079
   27    1    6   12    1   15    2    2    1      1485
   27    1    6   13    1   26    4    3    0      1618
   27    1    6   14    1    3    2    2    1      2362
   27    1    7    1    1    9    1    1    1      6050
   27    1    7    2    1    3    2    2    1      2960
   27    1    7    3    1   21    3    3    1      1915
   27    1    7    4    1   22    3    4    0      1663
   27    1    7    5    1   19    3    4    0      1141
   27    1    7    6    1    6    1    2    0      3792
   27    1    7    7    1    2    1    1    1       962
   27    1    7    8    1    7    2    2    1       956
   27    1    7    9    1   26    4    3    0      6838
   27    1    7   10    1   25    4    3    0      3919
   27    1    7   11    1   15    2    2    1      1627
   27    1    7   12    1   28    4    3    0      5083
   27    1    7   13    1   12    2    2    1      1432
   27    1    7   14    1   31    4    3    0      1536
   27    1    8    1    1    7    2    3    0       903
   27    1    8    2    1    6    1    4    0      1628
   27    1    8    3    1   21    3    3    1       756
   27    1    8    4    1   26    4    3    0       822
   27    1    8    5    1   19    3    3    1      1038
   27    1    8    6    1   25    4    3    0      1126
   27    1    8    7    1    2    1    2    0      1250
   27    1    8    8    1   31    4    4    1       616
   27    1    8    9    1    3    2    1    0      1184
   27    1    8   10    1   15    2    2    1      1290
   27    1    8   11    1   12    2    1    0       887
   27    1    8   12    1    9    1    1    1      2508
   27    1    8   13    1   22    3    4    0       905
   27    1    8   14    1   28    4    4    1       734
   27    1    9    1    1   19    3    3    1      3302
   27    1    9    2    1    6    1    2    0       995
   27    1    9    3    1   15    2    2    1      2212
   27    1    9    4    1   28    4    4    1       941
   27    1    9    5    1   25    4    3    0      2120
   27    1    9    6    1   26    4    3    0      1788
   27    1    9    7    1   21    3    3    1      2318
   27    1    9    8    1   12    2    1    0      1329
   27    1    9    9    1    7    2    1    0      2677
   27    1    9   10    1    9    1    1    1       963
   27    1    9   11    1   22    3    4    0       861
   27    1    9   12    1    2    1    2    0       820
   27    1    9   13    1   31    4    4    1      1100
   27    1    9   14    1    3    2    2    1       880
   27    1   10    1    1   31    4    4    1      1007
   27    1   10    2    1    7    2    2    1       904
   27    1   10    3    1   15    2    1    0      1093
   27    1   10    4    1    3    2    1    0      1138
   27    1   10    5    1   21    3    3    1       653
   27    1   10    6    1   28    4    4    1      1444
   27    1   10    7    1   25    4    3    0      1052
   27    1   10    8    1    6    1    2    0       858
   27    1   10    9    1   26    4    4    1      1057
   27    1   10   10    1   22    3    3    1      1064
   27    1   10   11    1    2    1    1    1      1229
   27    1   10   12    1   12    2    2    1      1725
   27    1   10   13    1    9    1    1    1      1177
   27    1   10   14    1   19    3    4    0      1451
   27    2    1    1    2   14    0    2    9      3908
   27    2    1    2    1   21    3    1    0      1319
   27    2    1    3    2   24    0    3    9      4099
   27    2    1    4    1   15    2    2    1      1760
   27    2    1    5    2   14    0    2    9       842
   27    2    1    6    2    1    0    1    9       586
   27    2    1    7    1   22    3    3    1       563
   27    2    1    8    1    2    1    1    1      1181
   27    2    1    9    2   24    0    3    9      1230
   27    2    1   10    1   28    4    4    1      1838
   27    2    1   11    2   24    0    3    9      1237
   27    2    1   12    1   26    4    4    1       773
   27    2    1   13    2   13    0    1    9      1110
   27    2    1   14    1   25    4    4    1      1179
   27    2    1   15    1    7    2    2    1      1389
   27    2    1   16    2   20    0    1    9       838
   27    2    1   17    2   29    0    4    9      3782
   27    2    1   18    1   19    3    3    1      1759
   27    2    1   19    2   24    0    4    9      1354
   27    2    1   20    1    9    1    1    1       916
   27    2    1   21    1   31    4    4    1       848
   27    2    1   22    2   10    0    2    9      3311
   27    2    1   23    2   14    0    2    9      4668
   27    2    1   24    2   27    0    4    9       930
   27    2    1   25    1    6    1    1    1       749
   27    2    1   26    2   23    0    3    9       992
   27    2    1   27    2   14    0    1    9       825
   27    2    1   28    1   28    4    3    0       729
   27    2    1   29    1   26    4    4    1      2813
   27    2    1   30    2   16    0    2    9       749
   27    2    1   31    1    2    1    1    1       688
   27    2    1   32    1    3    2    1    0       421
   27    2    1   33    1    3    2    2    1       709
   27    2    1   34    2   32    0    4    9      1066
   27    2    1   35    2   30    0    3    9       655
   27    2    1   36    1   21    3    4    0      2070
   27    2    1   37    1   12    2    1    0      2116
   27    2    1   38    1   31    4    3    0       800
   27    2    1   39    1   22    3    4    0       401
   27    2    1   40    2    8    0    2    9       818
   27    2    1   41    1   12    2    2    1       434
   27    2    1   42    2   18    0    3    9       753
   27    2    1   43    1    9    1    2    0      1348
   27    2    1   44    1    6    1    1    1       942
   27    2    1   45    1    7    2    2    1      1002
   27    2    1   46    1   15    2    2    1      1074
   27    2    1   47    2   17    0    4    9       728
   27    2    1   48    1   19    3    4    0       892
   27    2    1   49    1   25    4    4    1       634
   27    2    1   50    2    4    0    1    9      1265
   27    2    1   51    2    5    0    1    9       687
   27    2    1   52    2   11    0    2    9       740
   27    2    2    1    1   25    4    3    0       919
   27    2    2    2    1   12    2    2    1       836
   27    2    2    3    1   26    4    3    0       899
   27    2    2    4    2   14    0    1    9      1695
   27    2    2    5    2   18    0    4    9       765
   27    2    2    6    1    7    2    3    0      1359
   27    2    2    7    2   24    0    4    9       521
   27    2    2    8    1   21    3    4    0       741
   27    2    2    9    2   17    0    4    9      1129
   27    2    2   10    1   28    4    3    0       429
   27    2    2   11    2   14    0    1    9       781
   27    2    2   12    1   21    3    3    1       558
   27    2    2   13    1    9    1    2    0      1545
   27    2    2   14    2   10    0    2    9       812
   27    2    2   15    1   12    2    4    0       461
   27    2    2   16    1    2    1    2    0       427
   27    2    2   17    2   24    0    4    9       507
   27    2    2   18    2   14    0    1    9       664
   27    2    2   19    2   20    0    3    9       366
   27    2    2   20    1    6    1    2    0      1376
   27    2    2   21    1    3    2    2    1       666
   27    2    2   22    2   29    0    3    9      1152
   27    2    2   23    2    1    0    1    9      1299
   27    2    2   24    1   19    3    4    0      3775
   27    2    2   25    1    2    1    1    1      2922
   27    2    2   26    2   14    0    1    9      1414
   27    2    2   27    2   13    0    2    9      1438
   27    2    2   28    1   31    4    3    0      1349
   27    2    2   29    2   30    0    4    9       624
   27    2    2   30    1    6    1    1    1       776
   27    2    2   31    2   11    0    1    9       986
   27    2    2   32    1   22    3    3    1       819
   27    2    2   33    1   28    4    4    1       915
   27    2    2   34    1   31    4    4    1      1023
   27    2    2   35    1   19    3    3    1       999
   27    2    2   36    2    5    0    2    9      1280
   27    2    2   37    2   24    0    4    9       669
   27    2    2   38    1   25    4    3    0      1811
   27    2    2   39    1    7    2    1    0      1356
   27    2    2   40    1    9    1    1    1       359
   27    2    2   41    2   32    0    4    9       809
   27    2    2   42    2   24    0    4    9       714
   27    2    2   43    1   15    2    1    0      2158
   27    2    2   44    1    3    2    1    0      1417
   27    2    2   45    2    8    0    1    9       961
   27    2    2   46    1   22    3    3    1       924
   27    2    2   47    1   26    4    3    0       712
   27    2    2   48    2    4    0    4    9       477
   27    2    2   49    2   16    0    2    9       474
   27    2    2   50    2   23    0    4    9      1528
   27    2    2   51    2   27    0    4    9       685
   27    2    2   52    1   15    2    2    1       691
