   24    1    1    1    1    7    2    3    0      6649
   24    1    1    2    1   22    3    1    0      3644
   24    1    1    3    1   12    2    1    0      4899
   24    1    1    4    1   28    4    2    0      1127
   24    1    1    5    1    3    2    2    1      3604
   24    1    1    6    1   18    3    4    0      4789
   24    1    1    7    1   19    4    4    1      3920
   24    1    1    8    1   25    3    1    0      2036
   24    1    1    9    1   23    4    2    0      2731
   24    1    1   10    1   15    2    3    0      2887
   24    1    1   11    1   31    4    3    0      2108
   24    1    1   12    1    9    1    3    0      1826
   24    1    1   13    1    2    1    2    0      8482
   24    1    1   14    1    6    1    3    0      6263
   24    1    2    1    1   19    4    2    0      3572
   24    1    2    2    1    6    1    2    0      2222
   24    1    2    3    1   12    2    2    1      3038
   24    1    2    4    1   15    2    3    0      2118
   24    1    2    5    1   23    4    3    0      1610
   24    1    2    6    1   22    3    1    0      1667
   24    1    2    7    1   25    3    1    0      2330
   24    1    2    8    1    9    1    1    1      1334
   24    1    2    9    1   28    4    2    0      3602
   24    1    2   10    1   31    4    4    1      4698
   24    1    2   11    1   18    3    1    0      3872
   24    1    2   12    1    2    1    2    0      1615
   24    1    2   13    1    7    2    2    1      1542
   24    1    2   14    1    3    2    2    1      1594
   24    1    3    1    1   28    4    3    0      2571
   24    1    3    2    1   12    2    2    1      1661
   24    1    3    3    1   25    3    3    1      1163
   24    1    3    4    1    9    1    1    1       813
   24    1    3    5    1   31    4    4    1      1566
   24    1    3    6    1    2    1    2    0      2719
   24    1    3    7    1    6    1    2    0      1996
   24    1    3    8    1   23    4    3    0      1877
   24    1    3    9    1    3    2    2    1      2563
   24    1    3   10    1   19    4    3    0      1037
   24    1    3   11    1    7    2    2    1      1325
   24    1    3   12    1   22    3    4    0      2120
   24    1    3   13    1   18    3    3    1      1885
   24    1    3   14    1   15    2    2    1      2722
   24    1    4    1    1   23    4    4    1      2831
   24    1    4    2    1    6    1    1    1      2430
   24    1    4    3    1   28    4    4    1      2190
   24    1    4    4    1    3    2    2    1      2455
   24    1    4    5    1    7    2    2    1      2278
   24    1    4    6    1   22    3    3    1      1532
   24    1    4    7    1   12    2    2    1      1695
   24    1    4    8    1    2    1    2    0      2220
   24    1    4    9    1   15    2    1    0      2364
   24    1    4   10    1   31    4    4    1      1574
   24    1    4   11    1   19    4    3    0      2425
   24    1    4   12    1   18    3    4    0      2897
   24    1    4   13    1    9    1    1    1      2805
   24    1    4   14    1   25    3    3    1      2918
   24    1    5    1    1   28    4    4    1      2055
   24    1    5    2    1    2    1    2    0      2341
   24    1    5    3    1   12    2    2    1      1505
   24    1    5    4    1   19    4    3    0      1125
   24    1    5    5    1   25    3    3    1      1057
   24    1    5    6    1    9    1    1    1      2424
   24    1    5    7    1    7    2    3    0       872
   24    1    5    8    1   31    4    3    0      2175
   24    1    5    9    1   22    3    3    1       769
   24    1    5   10    1   18    3    3    1      1859
   24    1    5   11    1   15    2    2    1      1883
   24    1    5   12    1    6    1    1    1      2481
   24    1    5   13    1   23    4    3    0      1822
   24    1    5   14    1    3    2    2    1      4415
   24    1    6    1    1   19    4    3    0      2780
   24    1    6    2    1   23    4    4    1      1782
   24    1    6    3    1   28    4    4    1      1120
   24    1    6    4    1   12    2    2    1      1029
   24    1    6    5    1    3    2    2    1      1436
   24    1    6    6    1   25    3    3    1       805
   24    1    6    7    1   22    3    3    1      2309
   24    1    6    8    1    6    1    2    0       922
   24    1    6    9    1    9    1    1    1       782
   24    1    6   10    1   18    3    3    1      1743
   24    1    6   11    1   15    2    2    1      1387
   24    1    6   12    1   31    4    3    0       997
   24    1    6   13    1    2    1    1    1      2230
   24    1    6   14    1    7    2    2    1      1182
   24    1    7    1    1   15    2    2    1      2810
   24    1    7    2    1   18    3    3    1      1067
   24    1    7    3    1    9    1    1    1       608
   24    1    7    4    1   25    3    3    1      1033
   24    1    7    5    1    2    1    1    1      1680
   24    1    7    6    1    6    1    1    1      1726
   24    1    7    7    1   22    3    3    1      1898
   24    1    7    8    1   12    2    2    1      1295
   24    1    7    9    1    7    2    2    1      1277
   24    1    7   10    1   31    4    4    1      2491
   24    1    7   11    1   28    4    4    1      1720
   24    1    7   12    1    3    2    2    1      1941
   24    1    7   13    1   23    4    3    0      6504
   24    1    7   14    1   19    4    4    1      1869
   24    1    8    1    1   25    3    1    0       784
   24    1    8    2    1    2    1    1    1      1385
   24    1    8    3    1    6    1    2    0      1139
   24    1    8    4    1   18    3    3    1      1022
   24    1    8    5    1    9    1    1    1       679
   24    1    8    6    1   23    4    3    0      1773
   24    1    8    7    1   15    2    2    1       975
   24    1    8    8    1   31    4    4    1      1353
   24    1    8    9    1   28    4    4    1      2741
   24    1    8   10    1   12    2    2    1      1096
   24    1    8   11    1    3    2    2    1      1373
   24    1    8   12    1    7    2    2    1      1351
   24    1    8   13    1   19    4    4    1      1970
   24    1    8   14    1   22    3    3    1      1589
   24    1    9    1    1   31    4    4    1      1790
   24    1    9    2    1    9    1    1    1      2488
   24    1    9    3    1   12    2    2    1      1670
   24    1    9    4    1   22    3    3    1      1748
   24    1    9    5    1   25    3    3    1      1487
   24    1    9    6    1    6    1    1    1      1653
   24    1    9    7    1   28    4    4    1      1732
   24    1    9    8    1    7    2    2    1      1615
   24    1    9    9    1    2    1    1    1      3055
   24    1    9   10    1    3    2    2    1      1654
   24    1    9   11    1   15    2    2    1      1445
   24    1    9   12    1   23    4    4    1      1420
   24    1    9   13    1   18    3    3    1      1956
   24    1    9   14    1   19    4    4    1      1767
   24    1   10    1    1   23    4    4    1      1402
   24    1   10    2    1   25    3    3    1       770
   24    1   10    3    1   15    2    2    1      1092
   24    1   10    4    1   19    4    4    1      1802
   24    1   10    5    1   28    4    4    1       771
   24    1   10    6    1    2    1    1    1      1381
   24    1   10    7    1   31    4    4    1      2158
   24    1   10    8    1   22    3    3    1      1209
   24    1   10    9    1    3    2    2    1      1386
   24    1   10   10    1    6    1    1    1      1460
   24    1   10   11    1   18    3    3    1      1147
   24    1   10   12    1    9    1    1    1       750
   24    1   10   13    1   12    2    2    1      1025
   24    1   10   14    1    7    2    2    1       841
   24    2    1    1    2    5    0    1    9      1531
   24    2    1    2    2   17    0    3    9      2638
   24    2    1    3    2   29    0    1    9      2293
   24    2    1    4    1    7    2    2    1       971
   24    2    1    5    1   18    3    4    0      2485
   24    2    1    6    2   16    0    1    9      3698
   24    2    1    7    1   22    3    3    1      3279
   24    2    1    8    2   14    0    2    9      2493
   24    2    1    9    1    9    1    1    1       586
   24    2    1   10    2   14    0    1    9      1491
   24    2    1   11    1    3    2    2    1      4105
   24    2    1   12    1   31    4    4    1      2005
   24    2    1   13    2    4    0    2    9      2694
   24    2    1   14    1    3    2    2    1      1291
   24    2    1   15    1    6    1    1    1      2232
   24    2    1   16    2   20    0    4    9      2624
   24    2    1   17    2   30    0    4    9      1800
   24    2    1   18    1   12    2    2    1      1232
   24    2    1   19    2   13    0    1    9      1280
   24    2    1   20    2   27    0    4    9      1597
   24    2    1   21    1   12    2    2    1      3310
   24    2    1   22    1   28    4    4    1      1514
   24    2    1   23    2   14    0    1    9      3502
   24    2    1   24    2    8    0    3    9      1907
   24    2    1   25    1    2    1    2    0      1352
   24    2    1   26    2   30    0    3    9      4978
   24    2    1   27    1    2    1    1    1      2508
   24    2    1   28    1   15    2    2    1       953
   24    2    1   29    1    7    2    2    1      1076
   24    2    1   30    1   28    4    4    1       713
   24    2    1   31    2   26    0    3    9      1950
   24    2    1   32    2   30    0    4    9      2672
   24    2    1   33    2   14    0    1    9      1782
   24    2    1   34    2   10    0    2    9      1376
   24    2    1   35    2    1    0    1    9      1177
   24    2    1   36    1   18    3    3    1      1707
   24    2    1   37    2   32    0    4    9       904
   24    2    1   38    1   25    3    3    1      1301
   24    2    1   39    1   31    4    4    1       978
   24    2    1   40    1   15    2    2    1      1707
   24    2    1   41    1   23    4    4    1      1496
   24    2    1   42    2   11    0    1    9      2301
   24    2    1   43    1   19    4    4    1      4897
   24    2    1   44    1   19    4    4    1      1150
   24    2    1   45    2   24    0    4    9      1393
   24    2    1   46    2   21    0    3    9      1178
   24    2    1   47    1    9    1    1    1       636
   24    2    1   48    1   22    3    3    1      2211
   24    2    1   49    1    6    1    1    1      1564
   24    2    1   50    1   25    3    3    1      1310
   24    2    1   51    1   23    4    4    1      1115
   24    2    1   52    2   30    0    4    9      1791
   24    2    2    1    1   15    2    4    0       920
   24    2    2    2    1    2    1    1    1      3236
   24    2    2    3    1    2    1    1    1       947
   24    2    2    4    1   12    2    2    1      1166
   24    2    2    5    1   19    4    3    0      1008
   24    2    2    6    2   14    0    2    9      2313
   24    2    2    7    1    3    2    2    1      1133
   24    2    2    8    1   31    4    4    1      2753
   24    2    2    9    1   25    3    3    1       883
   24    2    2   10    1    6    1    1    1      1409
   24    2    2   11    1   25    3    3    1      2153
   24    2    2   12    2   30    0    3    9      7444
   24    2    2   13    1   23    4    4    1      1035
   24    2    2   14    1   18    3    3    1      1282
   24    2    2   15    1   22    3    3    1      1088
   24    2    2   16    2    1    0    1    9       661
   24    2    2   17    1    7    2    2    1      1068
   24    2    2   18    2   32    0    4    9      2290
   24    2    2   19    1   19    4    4    1       727
   24    2    2   20    1   12    2    4    0       747
   24    2    2   21    1    3    2    2    1       942
   24    2    2   22    1    9    1    1    1       617
   24    2    2   23    2   21    0    1    9       801
   24    2    2   24    2   11    0    2    9      3298
   24    2    2   25    2   13    0    1    9       734
   24    2    2   26    2   14    0    1    9      1218
   24    2    2   27    2   26    0    3    9      1234
   24    2    2   28    2    8    0    2    9       945
   24    2    2   29    2   30    0    3    9      1196
   24    2    2   30    2   20    0    4    9       653
   24    2    2   31    2   16    0    2    9       868
   24    2    2   32    1   22    3    3    1      5106
   24    2    2   33    2   27    0    3    9      1094
   24    2    2   34    1   28    4    4    1      1067
   24    2    2   35    1    7    2    2    1       882
   24    2    2   36    1    9    1    1    1      3551
   24    2    2   37    2   24    0    4    9      1842
   24    2    2   38    1   31    4    4    1      1833
   24    2    2   39    2   14    0    1    9      1904
   24    2    2   40    2   30    0    3    9       917
   24    2    2   41    2    4    0    2    9      1137
   24    2    2   42    2   10    0    1    9      1028
   24    2    2   43    2   30    0    3    9      1308
   24    2    2   44    2   14    0    1    9      4393
   24    2    2   45    1   15    2    2    1       682
   24    2    2   46    2   17    0    3    9      1583
   24    2    2   47    1   23    4    4    1       865
   24    2    2   48    1    6    1    1    1      1135
   24    2    2   49    1   18    3    3    1       962
   24    2    2   50    2   29    0    3    9       925
   24    2    2   51    1   28    4    4    1       873
   24    2    2   52    2    5    0    1    9      1031
