   30    1    1    1    1   21    1    1    1      2822
   30    1    1    2    1   19    1    1    1      3470
   30    1    1    3    1    7    2    1    0      3044
   30    1    1    4    1   25    2    1    0      1972
   30    1    1    5    1   22    1    1    1      2349
   30    1    1    6    1    3    2    2    1      1136
   30    1    1    7    1   12    2    2    1       484
   30    1    1    8    1   15    2    2    1       497
   30    1    1    9    1   28    2    1    0       653
   30    1    1   10    1    6    1    2    0       621
   30    1    1   11    1   31    2    1    0      3261
   30    1    1   12    1    2    1    2    0      5763
   30    1    1   13    1    9    1    1    1     10005
   30    1    1   14    1   26    2    1    0      6902
   30    1    2    1    1    7    2    2    1      6077
   30    1    2    2    1   21    1    1    1      2364
   30    1    2    3    1   15    2    2    1      1006
   30    1    2    4    1   31    2    2    1       614
   30    1    2    5    1   12    2    2    1       846
   30    1    2    6    1   19    1    1    1      1325
   30    1    2    7    1    9    1    1    1       761
   30    1    2    8    1   22    1    1    1       620
   30    1    2    9    1   28    2    2    1       740
   30    1    2   10    1    2    1    1    1       839
   30    1    2   11    1   25    2    1    0      1894
   30    1    2   12    1   26    2    2    1      1204
   30    1    2   13    1    3    2    2    1      1797
   30    1    2   14    1    6    1    1    1      1501
   30    1    3    1    1   28    2    2    1      1228
   30    1    3    2    1   15    2    2    1      1276
   30    1    3    3    1    9    1    2    0      1098
   30    1    3    4    1   26    2    2    1      1431
   30    1    3    5    1   31    2    2    1      1007
   30    1    3    6    1    7    2    2    1      1223
   30    1    3    7    1   25    2    1    0      2167
   30    1    3    8    1   22    1    1    1      1353
   30    1    3    9    1   12    2    2    1       964
   30    1    3   10    1   19    1    2    0      1150
   30    1    3   11    1   21    1    1    1       681
   30    1    3   12    1    6    1    1    1      1070
   30    1    3   13    1    2    1    1    1       420
   30    1    3   14    1    3    2    1    0       420
   30    1    4    1    1   19    1    2    0      1807
   30    1    4    2    1   21    1    1    1      1264
   30    1    4    3    1   22    1    1    1       670
   30    1    4    4    1   31    2    2    1      1140
   30    1    4    5    1   15    2    2    1       855
   30    1    4    6    1    2    1    1    1      1286
   30    1    4    7    1   25    2    2    1      1811
   30    1    4    8    1   26    2    2    1      1852
   30    1    4    9    1   12    2    2    1       690
   30    1    4   10    1    3    2    2    1       824
   30    1    4   11    1    6    1    1    1      1560
   30    1    4   12    1    7    2    2    1       794
   30    1    4   13    1    9    1    2    0      1100
   30    1    4   14    1   28    2    2    1      1992
   30    1    5    1    1    7    2    2    1      2266
   30    1    5    2    1   25    2    1    0      4416
   30    1    5    3    1    3    2    2    1      2744
   30    1    5    4    1    6    1    1    1      1356
   30    1    5    5    1   22    1    1    1      1830
   30    1    5    6    1   19    1    1    1      2221
   30    1    5    7    1   28    2    2    1      1606
   30    1    5    8    1   12    2    2    1      1670
   30    1    5    9    1   26    2    2    1      2180
   30    1    5   10    1    9    1    1    1      1726
   30    1    5   11    1   31    2    2    1      3690
   30    1    5   12    1   15    2    2    1      1735
   30    1    5   13    1    2    1    1    1      2290
   30    1    5   14    1   21    1    1    1      1159
   30    1    6    1    1   21    1    1    1      1251
   30    1    6    2    1   26    2    2    1      3058
   30    1    6    3    1    2    1    1    1      1001
   30    1    6    4    1    3    2    2    1      1697
   30    1    6    5    1   22    1    1    1      1198
   30    1    6    6    1   25    2    2    1      1631
   30    1    6    7    1   31    2    2    1       686
   30    1    6    8    1   12    2    2    1      1027
   30    1    6    9    1    6    1    1    1      1355
   30    1    6   10    1    7    2    2    1      3142
   30    1    6   11    1   19    1    1    1      1337
   30    1    6   12    1    9    1    1    1      1669
   30    1    6   13    1   28    2    2    1      2147
   30    1    6   14    1   15    2    2    1      1485
   30    1    7    1    1    2    1    1    1      1514
   30    1    7    2    1   15    2    2    1      1374
   30    1    7    3    1    7    2    2    1      1272
   30    1    7    4    1    3    2    2    1      5062
   30    1    7    5    1   12    2    2    1       940
   30    1    7    6    1   28    2    2    1       968
   30    1    7    7    1   26    2    2    1      2210
   30    1    7    8    1   31    2    2    1       987
   30    1    7    9    1    9    1    1    1       821
   30    1    7   10    1    6    1    1    1      2165
   30    1    7   11    1   19    1    1    1      1295
   30    1    7   12    1   25    2    2    1      2188
   30    1    7   13    1   22    1    1    1      1382
   30    1    7   14    1   21    1    1    1      1263
   30    1    8    1    1   12    2    2    1      1449
   30    1    8    2    1   25    2    2    1      3040
   30    1    8    3    1    6    1    1    1      1911
   30    1    8    4    1   15    2    2    1      1340
   30    1    8    5    1   31    2    2    1      1719
   30    1    8    6    1   21    1    1    1      1347
   30    1    8    7    1    9    1    1    1      2030
   30    1    8    8    1   19    1    1    1      1789
   30    1    8    9    1    3    2    2    1      1766
   30    1    8   10    1    2    1    1    1      1297
   30    1    8   11    1   26    2    2    1      1373
   30    1    8   12    1    7    2    2    1      1767
   30    1    8   13    1   22    1    1    1      1249
   30    1    8   14    1   28    2    2    1      1536
   30    2    1    1    2    4    0    2    9      7416
   30    2    1    2    1   21    1    1    1      1504
   30    2    1    3    1   12    2    2    1      1588
   30    2    1    4    2    8    0    2    9      2182
   30    2    1    5    1    2    1    1    1      2175
   30    2    1    6    2   24    0    1    9      3801
   30    2    1    7    2   29    0    2    9      2001
   30    2    1    8    1   25    2    2    1      3954
   30    2    1    9    2   17    0    1    9      1461
   30    2    1   10    1   31    2    2    1      2268
   30    2    1   11    1    6    1    2    0      2001
   30    2    1   12    2   23    0    1    9      3634
   30    2    1   13    2   24    0    1    9      2657
   30    2    1   14    1   26    2    2    1      2584
   30    2    1   15    2   27    0    2    9      1185
   30    2    1   16    2   14    0    1    9      1299
   30    2    1   17    2    5    0    1    9      2143
   30    2    1   18    1    3    2    2    1      1547
   30    2    1   19    1   19    1    1    1      2749
   30    2    1   20    1   31    2    2    1      2528
   30    2    1   21    2   30    0    2    9      1004
   30    2    1   22    1   19    1    1    1       661
   30    2    1   23    1    7    2    2    1      1691
   30    2    1   24    1   22    1    1    1      1161
   30    2    1   25    2   20    0    1    9      1371
   30    2    1   26    2   16    0    2    9      1653
   30    2    1   27    1   25    2    2    1      1028
   30    2    1   28    1   26    2    2    1      1228
   30    2    1   29    2    1    0    1    9      2300
   30    2    1   30    1   22    1    1    1      1201
   30    2    1   31    1   28    2    2    1      1537
   30    2    1   32    2   14    0    1    9       885
   30    2    1   33    2   24    0    1    9      1170
   30    2    1   34    2   32    0    2    9      1892
   30    2    1   35    2   14    0    1    9       873
   30    2    1   36    1   15    2    2    1      1015
   30    2    1   37    2   18    0    1    9      1103
   30    2    1   38    2   14    0    1    9      1684
   30    2    1   39    1   12    2    2    1      1105
   30    2    1   40    1    9    1    1    1      1446
   30    2    1   41    2   11    0    2    9       861
   30    2    1   42    1    6    1    1    1       875
   30    2    1   43    1    7    2    2    1       730
   30    2    1   44    1   15    2    2    1       926
   30    2    1   45    2   24    0    1    9      1274
   30    2    1   46    1    9    1    1    1      1688
   30    2    1   47    2   10    0    1    9       645
   30    2    1   48    1   21    1    1    1       828
   30    2    1   49    1   28    2    2    1       589
   30    2    1   50    1    3    2    2    1       870
   30    2    1   51    1    2    1    1    1       724
   30    2    1   52    2   13    0    1    9      1000
   30    2    2    1    2    8    0    2    9      1697
   30    2    2    2    2   16    0    2    9       573
   30    2    2    3    2    1    0    1    9       631
   30    2    2    4    1   31    2    2    1       974
   30    2    2    5    1   21    1    1    1       808
   30    2    2    6    2   13    0    1    9       761
   30    2    2    7    2   14    0    1    9       732
   30    2    2    8    2   14    0    1    9       511
   30    2    2    9    1    6    1    1    1       540
   30    2    2   10    2   18    0    1    9      1079
   30    2    2   11    1   25    2    2    1       845
   30    2    2   12    2   10    0    1    9      1180
   30    2    2   13    1   26    2    2    1      1310
   30    2    2   14    2   30    0    2    9       538
   30    2    2   15    1    9    1    1    1      1046
   30    2    2   16    1   26    2    2    1       845
   30    2    2   17    1    2    1    1    1       796
   30    2    2   18    2   24    0    1    9      1213
   30    2    2   19    2   14    0    1    9       877
   30    2    2   20    1   22    1    1    1       923
   30    2    2   21    2    5    0    1    9       775
   30    2    2   22    1   25    2    2    1       729
   30    2    2   23    2   11    0    2    9      1085
   30    2    2   24    1   22    1    1    1       946
   30    2    2   25    2   24    0    1    9      1197
   30    2    2   26    2   27    0    2    9      1182
   30    2    2   27    1   15    2    2    1      1183
   30    2    2   28    1   12    2    2    1       528
   30    2    2   29    2   24    0    1    9       940
   30    2    2   30    1    3    2    2    1       840
   30    2    2   31    1    2    1    1    1       583
   30    2    2   32    1    6    1    1    1       576
   30    2    2   33    1   19    1    2    0       666
   30    2    2   34    1   19    1    1    1       544
   30    2    2   35    2   20    0    1    9      1004
   30    2    2   36    1   21    1    1    1      1332
   30    2    2   37    2   32    0    2    9       816
   30    2    2   38    2   23    0    1    9       640
   30    2    2   39    2   29    0    2    9       711
   30    2    2   40    1   12    2    2    1      1036
   30    2    2   41    1    7    2    2    1      1043
   30    2    2   42    2    4    0    2    9       954
   30    2    2   43    1   31    2    2    1      1285
   30    2    2   44    1   28    2    2    1       514
   30    2    2   45    2   14    0    1    9       974
   30    2    2   46    2   17    0    1    9      1048
   30    2    2   47    1    3    2    2    1      1871
   30    2    2   48    2   24    0    1    9      1285
   30    2    2   49    1   28    2    2    1      1282
   30    2    2   50    1    9    1    1    1       911
   30    2    2   51    1   15    2    2    1      1020
   30    2    2   52    1    7    2    2    1       692
