   29    1    1    1    1    2    1    1    1     12866
   29    1    1    2    1   12    2    3    0      3220
   29    1    1    3    1    3    2    1    0      4693
   29    1    1    4    1   22    3    3    1      3899
   29    1    1    5    1   19    4    2    0      1193
   29    1    1    6    1   18    3    3    1      3235
   29    1    1    7    1   28    4    4    1      1355
   29    1    1    8    1    6    1    2    0      1070
   29    1    1    9    1    9    1    3    0      1022
   29    1    1   10    1   31    4    3    0      1486
   29    1    1   11    1   25    3    1    0      1436
   29    1    1   12    1   15    2    4    0      1052
   29    1    1   13    1    7    2    2    1      2171
   29    1    1   14    1   23    4    4    1      1861
   29    1    2    1    1    3    2    4    0      2168
   29    1    2    2    1   12    2    2    1      1930
   29    1    2    3    1   18    3    4    0      1455
   29    1    2    4    1    9    1    1    1      2374
   29    1    2    5    1    2    1    3    0      3089
   29    1    2    6    1   19    4    4    1      5399
   29    1    2    7    1   23    4    3    0      1736
   29    1    2    8    1    6    1    3    0      4636
   29    1    2    9    1    7    2    1    0      1244
   29    1    2   10    1   22    3    4    0      1284
   29    1    2   11    1   28    4    4    1      1210
   29    1    2   12    1   15    2    2    1      1323
   29    1    2   13    1   31    4    3    0      1016
   29    1    2   14    1   25    3    3    1      1017
   29    1    3    1    1    9    1    1    1      1494
   29    1    3    2    1   18    3    3    1      2028
   29    1    3    3    1   31    4    4    1       684
   29    1    3    4    1   23    4    3    0       594
   29    1    3    5    1    2    1    2    0      2268
   29    1    3    6    1   12    2    2    1       682
   29    1    3    7    1   22    3    3    1      1400
   29    1    3    8    1    7    2    2    1      1593
   29    1    3    9    1    6    1    1    1      1531
   29    1    3   10    1   28    4    4    1       751
   29    1    3   11    1    3    2    1    0       690
   29    1    3   12    1   15    2    4    0       856
   29    1    3   13    1   25    3    3    1      1351
   29    1    3   14    1   19    4    3    0      1186
   29    1    4    1    1   12    2    2    1      1403
   29    1    4    2    1   18    3    3    1      1260
   29    1    4    3    1    2    1    1    1       987
   29    1    4    4    1    3    2    1    0      1268
   29    1    4    5    1   31    4    4    1       947
   29    1    4    6    1   23    4    3    0       710
   29    1    4    7    1   22    3    4    0       939
   29    1    4    8    1    7    2    2    1      1183
   29    1    4    9    1    9    1    1    1       928
   29    1    4   10    1   19    4    4    1      1901
   29    1    4   11    1    6    1    2    0      1122
   29    1    4   12    1   15    2    2    1      1950
   29    1    4   13    1   25    3    3    1      1346
   29    1    4   14    1   28    4    4    1       621
   29    1    5    1    1    2    1    1    1      1539
   29    1    5    2    1   18    3    3    1       823
   29    1    5    3    1   22    3    3    1       647
   29    1    5    4    1    3    2    2    1      1766
   29    1    5    5    1   23    4    4    1      2201
   29    1    5    6    1   28    4    4    1       674
   29    1    5    7    1    7    2    2    1      1176
   29    1    5    8    1   12    2    4    0       939
   29    1    5    9    1    6    1    1    1      1695
   29    1    5   10    1   25    3    3    1      1012
   29    1    5   11    1   19    4    4    1       789
   29    1    5   12    1   31    4    4    1      1735
   29    1    5   13    1   15    2    2    1      1642
   29    1    5   14    1    9    1    1    1       626
   29    1    6    1    1   19    4    4    1      2651
   29    1    6    2    1   18    3    3    1      1122
   29    1    6    3    1   25    3    3    1       838
   29    1    6    4    1    3    2    2    1       942
   29    1    6    5    1    9    1    1    1       657
   29    1    6    6    1   12    2    2    1       793
   29    1    6    7    1   23    4    4    1       850
   29    1    6    8    1    2    1    2    0       825
   29    1    6    9    1   15    2    2    1      1066
   29    1    6   10    1   22    3    3    1      1984
   29    1    6   11    1    7    2    2    1       882
   29    1    6   12    1   31    4    4    1      1431
   29    1    6   13    1    6    1    1    1      1207
   29    1    6   14    1   28    4    4    1       648
   29    1    7    1    1    6    1    1    1      2099
   29    1    7    2    1   12    2    2    1      1184
   29    1    7    3    1   31    4    4    1      1722
   29    1    7    4    1    7    2    2    1      1390
   29    1    7    5    1   23    4    4    1      1512
   29    1    7    6    1    2    1    1    1      1101
   29    1    7    7    1    9    1    1    1      1226
   29    1    7    8    1   25    3    3    1      1210
   29    1    7    9    1   19    4    4    1       955
   29    1    7   10    1    3    2    2    1       822
   29    1    7   11    1   15    2    2    1      2135
   29    1    7   12    1   18    3    3    1      1123
   29    1    7   13    1   22    3    3    1       912
   29    1    7   14    1   28    4    4    1      1253
   29    1    8    1    1    7    2    4    0      1024
   29    1    8    2    1    3    2    2    1       721
   29    1    8    3    1   25    3    3    1       933
   29    1    8    4    1   15    2    2    1      1553
   29    1    8    5    1   19    4    4    1      1140
   29    1    8    6    1   23    4    4    1       671
   29    1    8    7    1   22    3    4    0       654
   29    1    8    8    1   31    4    4    1       821
   29    1    8    9    1    2    1    1    1      1509
   29    1    8   10    1    9    1    1    1       818
   29    1    8   11    1   12    2    2    1       771
   29    1    8   12    1   18    3    3    1      1053
   29    1    8   13    1   28    4    4    1       732
   29    1    8   14    1    6    1    1    1      1432
   29    1    9    1    1    3    2    2    1      1943
   29    1    9    2    1   31    4    4    1      1147
   29    1    9    3    1   12    2    2    1      2790
   29    1    9    4    1   22    3    3    1       856
   29    1    9    5    1   15    2    2    1      1063
   29    1    9    6    1   19    4    4    1      1134
   29    1    9    7    1   28    4    4    1       666
   29    1    9    8    1    2    1    1    1       984
   29    1    9    9    1    9    1    1    1      1706
   29    1    9   10    1    6    1    1    1      1063
   29    1    9   11    1   25    3    3    1      2094
   29    1    9   12    1   18    3    3    1       819
   29    1    9   13    1   23    4    4    1       860
   29    1    9   14    1    7    2    2    1      1195
   29    1   10    1    1    6    1    1    1      1382
   29    1   10    2    1   31    4    4    1      1232
   29    1   10    3    1   25    3    3    1       999
   29    1   10    4    1    2    1    1    1      1424
   29    1   10    5    1   22    3    3    1      1321
   29    1   10    6    1   28    4    4    1       629
   29    1   10    7    1   15    2    2    1      1149
   29    1   10    8    1    9    1    1    1       744
   29    1   10    9    1   23    4    4    1      1036
   29    1   10   10    1    7    2    2    1      1260
   29    1   10   11    1   19    4    4    1       739
   29    1   10   12    1    3    2    2    1       782
   29    1   10   13    1   18    3    3    1      1584
   29    1   10   14    1   12    2    2    1       698
   29    2    1    1    2   29    0    3    9      2750
   29    2    1    2    1    3    2    2    1      2306
   29    2    1    3    2   30    0    3    9      1791
   29    2    1    4    1   19    4    4    1      2177
   29    2    1    5    2   14    0    2    9      1732
   29    2    1    6    1    2    1    2    0      1504
   29    2    1    7    2   10    0    1    9      1741
   29    2    1    8    1   19    4    4    1      2448
   29    2    1    9    1   31    4    4    1      1863
   29    2    1   10    2   21    0    3    9       966
   29    2    1   11    1   18    3    3    1      1160
   29    2    1   12    2   30    0    3    9      1899
   29    2    1   13    1    3    2    2    1      1744
   29    2    1   14    2   14    0    2    9      1052
   29    2    1   15    1    9    1    1    1       747
   29    2    1   16    1   23    4    4    1      1350
   29    2    1   17    2    5    0    1    9       809
   29    2    1   18    2   26    0    3    9      2506
   29    2    1   19    1    7    2    2    1      1399
   29    2    1   20    2    4    0    2    9      1152
   29    2    1   21    2    8    0    2    9       931
   29    2    1   22    1    7    2    2    1      1207
   29    2    1   23    2   30    0    3    9      4192
   29    2    1   24    1   12    2    2    1      1746
   29    2    1   25    2   27    0    4    9      4206
   29    2    1   26    1   15    2    3    0      2471
   29    2    1   27    1   15    2    4    0      1838
   29    2    1   28    1   18    3    3    1      4166
   29    2    1   29    1   25    3    3    1      1057
   29    2    1   30    1   28    4    4    1       752
   29    2    1   31    2   17    0    3    9       867
   29    2    1   32    1    9    1    1    1      4329
   29    2    1   33    1   22    3    3    1      1678
   29    2    1   34    1    2    1    2    0      1372
   29    2    1   35    2   16    0    2    9       878
   29    2    1   36    1    6    1    1    1      1349
   29    2    1   37    2    1    0    1    9       728
   29    2    1   38    1   22    3    3    1      1860
   29    2    1   39    2   30    0    3    9       811
   29    2    1   40    1   25    3    3    1       676
   29    2    1   41    2   14    0    1    9       866
   29    2    1   42    2   11    0    2    9       785
   29    2    1   43    1   28    4    4    1       715
   29    2    1   44    2   24    0    4    9       631
   29    2    1   45    1    6    1    1    1      1454
   29    2    1   46    2   20    0    4    9      1021
   29    2    1   47    2   32    0    4    9       526
   29    2    1   48    2   14    0    1    9      1946
   29    2    1   49    1   12    2    2    1       782
   29    2    1   50    1   31    4    4    1      1007
   29    2    1   51    1   23    4    4    1       608
   29    2    1   52    2   13    0    1    9       569
   29    2    2    1    2   24    0    4    9       524
   29    2    2    2    1   23    4    4    1      1280
   29    2    2    3    1    2    1    1    1      1342
   29    2    2    4    1   19    4    4    1       674
   29    2    2    5    2   14    0    1    9      1416
   29    2    2    6    1   25    3    3    1      2297
   29    2    2    7    2    5    0    1    9       542
   29    2    2    8    1   15    2    2    1      1121
   29    2    2    9    2   30    0    3    9      1038
   29    2    2   10    2   17    0    3    9      1757
   29    2    2   11    2    1    0    1    9       841
   29    2    2   12    2   14    0    1    9      1096
   29    2    2   13    2    4    0    2    9       614
   29    2    2   14    1   28    4    4    1       494
   29    2    2   15    1    6    1    1    1       748
   29    2    2   16    1    6    1    1    1       647
   29    2    2   17    1   12    2    2    1       614
   29    2    2   18    1   31    4    4    1      1582
   29    2    2   19    2   30    0    3    9       840
   29    2    2   20    1   23    4    4    1       639
   29    2    2   21    1    9    1    1    1       935
   29    2    2   22    2   10    0    1    9       939
   29    2    2   23    1   25    3    1    0       630
   29    2    2   24    2   32    0    4    9       870
   29    2    2   25    1   15    2    2    1      1308
   29    2    2   26    1    3    2    2    1       617
   29    2    2   27    1   28    4    4    1      1026
   29    2    2   28    1   19    4    4    1       714
   29    2    2   29    2   16    0    2    9       966
   29    2    2   30    2   14    0    1    9       824
   29    2    2   31    2   14    0    1    9       753
   29    2    2   32    2    8    0    2    9       932
   29    2    2   33    1    7    2    2    1       768
   29    2    2   34    1   18    3    3    1      1090
   29    2    2   35    2   26    0    3    9       696
   29    2    2   36    2   20    0    4    9       629
   29    2    2   37    2   11    0    2    9       614
   29    2    2   38    1    3    2    2    1       574
   29    2    2   39    2   30    0    3    9      3392
   29    2    2   40    1   12    2    2    1       803
   29    2    2   41    2   27    0    4    9      1980
   29    2    2   42    1   31    4    4    1      1822
   29    2    2   43    2   21    0    1    9      2079
   29    2    2   44    1    2    1    1    1      3933
   29    2    2   45    1   22    3    3    1      3025
   29    2    2   46    1    7    2    2    1      1938
   29    2    2   47    1    9    1    1    1       773
   29    2    2   48    1   18    3    3    1      1728
   29    2    2   49    1   22    3    3    1       964
   29    2    2   50    2   30    0    3    9      2014
   29    2    2   51    2   13    0    1    9      1567
   29    2    2   52    2   29    0    3    9       913
