   19    1    1    1    1   28    4    1    0      8686
   19    1    1    2    1   19    4    2    0      7190
   19    1    1    3    1   25    3    4    0      7129
   19    1    1    4    1   22    3    2    0      5910
   19    1    1    5    1   31    4    4    1      2252
   19    1    1    6    1    2    1    1    1      2875
   19    1    1    7    1    7    2    2    1      1418
   19    1    1    8    1   15    2    2    1      1594
   19    1    1    9    1   18    3    3    1      3916
   19    1    1   10    1    9    1    1    1      2169
   19    1    1   11    1    6    1    1    1      1275
   19    1    1   12    1   12    2    2    1      2633
   19    1    1   13    1    3    2    2    1      1273
   19    1    1   14    1   23    4    3    0      1551
   19    1    2    1    1    6    1    1    1      3812
   19    1    2    2    1   19    4    4    1      2526
   19    1    2    3    1   23    4    4    1      1410
   19    1    2    4    1   15    2    2    1      8331
   19    1    2    5    1   25    3    4    0     12872
   19    1    2    6    1    3    2    2    1      2232
   19    1    2    7    1   12    2    2    1      1368
   19    1    2    8    1   18    3    3    1      1322
   19    1    2    9    1    9    1    1    1      1270
   19    1    2   10    1   28    4    4    1       645
   19    1    2   11    1   22    3    3    1       773
   19    1    2   12    1   31    4    4    1       567
   19    1    2   13    1    7    2    2    1      1001
   19    1    2   14    1    2    1    1    1       786
   19    1    3    1    1   31    4    2    0      1931
   19    1    3    2    1   15    2    4    0      2695
   19    1    3    3    1   28    4    4    1      1181
   19    1    3    4    1    2    1    1    1      1335
   19    1    3    5    1    7    2    2    1      1242
   19    1    3    6    1    9    1    1    1       874
   19    1    3    7    1   22    3    3    1       848
   19    1    3    8    1   19    4    4    1       775
   19    1    3    9    1   25    3    3    1      1914
   19    1    3   10    1   23    4    4    1      1238
   19    1    3   11    1   18    3    3    1      1598
   19    1    3   12    1    6    1    1    1      1239
   19    1    3   13    1   12    2    2    1       751
   19    1    3   14    1    3    2    2    1       986
   19    1    4    1    1   19    4    4    1      1578
   19    1    4    2    1    6    1    1    1      1244
   19    1    4    3    1    3    2    2    1       909
   19    1    4    4    1   15    2    2    1      1378
   19    1    4    5    1    7    2    2    1      1500
   19    1    4    6    1   12    2    2    1       865
   19    1    4    7    1   22    3    3    1      1664
   19    1    4    8    1   25    3    3    1      1054
   19    1    4    9    1   18    3    3    1      1046
   19    1    4   10    1   31    4    4    1       837
   19    1    4   11    1    9    1    1    1      1085
   19    1    4   12    1   28    4    4    1      1243
   19    1    4   13    1   23    4    4    1       978
   19    1    4   14    1    2    1    1    1      1797
   19    1    5    1    1   22    3    3    1      1501
   19    1    5    2    1    7    2    2    1      1298
   19    1    5    3    1   31    4    4    1      2367
   19    1    5    4    1    6    1    1    1      1130
   19    1    5    5    1   25    3    3    1       806
   19    1    5    6    1    3    2    2    1      1599
   19    1    5    7    1   23    4    3    0      1232
   19    1    5    8    1   15    2    2    1      1888
   19    1    5    9    1   28    4    4    1      1102
   19    1    5   10    1   19    4    4    1      3403
   19    1    5   11    1    9    1    1    1       972
   19    1    5   12    1   12    2    2    1      1199
   19    1    5   13    1   18    3    3    1      1832
   19    1    5   14    1    2    1    1    1      1648
   19    1    6    1    1    3    2    2    1      2676
   19    1    6    2    1   18    3    3    1      1507
   19    1    6    3    1    2    1    1    1      1192
   19    1    6    4    1   22    3    3    1      1234
   19    1    6    5    1   15    2    2    1      1153
   19    1    6    6    1   19    4    4    1       828
   19    1    6    7    1   31    4    4    1       981
   19    1    6    8    1   28    4    4    1       726
   19    1    6    9    1   25    3    3    1       923
   19    1    6   10    1    7    2    2    1      2015
   19    1    6   11    1    9    1    1    1       983
   19    1    6   12    1    6    1    1    1      1433
   19    1    6   13    1   12    2    2    1      1938
   19    1    6   14    1   23    4    4    1      1589
   19    1    7    1    1   28    4    4    1      1489
   19    1    7    2    1   19    4    4    1       999
   19    1    7    3    1   25    3    3    1      1009
   19    1    7    4    1    6    1    1    1      1553
   19    1    7    5    1    2    1    1    1       749
   19    1    7    6    1    7    2    2    1       840
   19    1    7    7    1   22    3    3    1       968
   19    1    7    8    1   23    4    4    1       722
   19    1    7    9    1   31    4    4    1       870
   19    1    7   10    1   15    2    2    1      1045
   19    1    7   11    1   12    2    2    1       973
   19    1    7   12    1    3    2    2    1      1255
   19    1    7   13    1   18    3    3    1       926
   19    1    7   14    1    9    1    1    1       715
   19    1    8    1    1    7    2    2    1      1326
   19    1    8    2    1    2    1    1    1       922
   19    1    8    3    1    9    1    1    1       694
   19    1    8    4    1   23    4    4    1      2012
   19    1    8    5    1   25    3    3    1      1005
   19    1    8    6    1    6    1    1    1      1406
   19    1    8    7    1   15    2    2    1      1175
   19    1    8    8    1    3    2    2    1       873
   19    1    8    9    1   19    4    4    1      1496
   19    1    8   10    1   31    4    4    1       845
   19    1    8   11    1   18    3    3    1      1029
   19    1    8   12    1   28    4    4    1       918
   19    1    8   13    1   12    2    2    1      2794
   19    1    8   14    1   22    3    3    1      3468
   19    2    1    1    1   15    2    2    1      2284
   19    2    1    2    1   23    4    4    1       953
   19    2    1    3    1    6    1    1    1       908
   19    2    1    4    1   18    3    3    1       857
   19    2    1    5    2   14    0    1    9      2976
   19    2    1    6    1    2    1    1    1      4627
   19    2    1    7    1   31    4    4    1      5043
   19    2    1    8    1   22    3    3    1      1396
   19    2    1    9    2    4    0    2    9      1886
   19    2    1   10    2   11    0    2    9      3179
   19    2    1   11    2    5    0    1    9      7286
   19    2    1   12    2   21    0    3    9      3580
   19    2    1   13    1   25    3    3    1      8278
   19    2    1   14    2   14    0    1    9      6134
   19    2    1   15    1   28    4    4    1      1826
   19    2    1   16    2   17    0    3    9      1498
   19    2    1   17    1    2    1    1    1      2832
   19    2    1   18    1   12    2    2    1      1191
   19    2    1   19    1   25    3    3    1      3050
   19    2    1   20    2   27    0    4    9      1529
   19    2    1   21    2   29    0    3    9      1285
   19    2    1   22    1   19    4    4    1       787
   19    2    1   23    2   20    0    4    9      1317
   19    2    1   24    2   13    0    1    9      1305
   19    2    1   25    2   30    0    3    9      2486
   19    2    1   26    1   22    3    3    1      1580
   19    2    1   27    1    6    1    1    1      1982
   19    2    1   28    2   30    0    3    9      3040
   19    2    1   29    1   23    4    4    1       912
   19    2    1   30    2   10    0    1    9      8380
   19    2    1   31    2   32    0    4    9      6743
   19    2    1   32    1   28    4    4    1      1852
   19    2    1   33    2   16    0    2    9      2715
   19    2    1   34    1   19    4    4    1      5336
   19    2    1   35    1    7    2    2    1      3197
   19    2    1   36    1    3    2    2    1      2734
   19    2    1   37    2   30    0    3    9      4154
   19    2    1   38    1   15    2    2    1      2438
   19    2    1   39    1    3    2    1    0      3085
   19    2    1   40    1   31    4    4    1      9811
   19    2    1   41    1    7    2    2    1      3838
   19    2    1   42    2    1    0    1    9      2230
   19    2    1   43    1    9    1    1    1      3342
   19    2    1   44    1   12    2    2    1      3298
   19    2    1   45    2   14    0    1    9      2199
   19    2    1   46    2    8    0    2    9      1144
   19    2    1   47    2   14    0    1    9      1508
   19    2    1   48    1    9    1    1    1      2609
   19    2    1   49    2   26    0    3    9      1466
   19    2    1   50    1   18    3    3    1      1009
   19    2    1   51    2   30    0    3    9      1474
   19    2    1   52    2   24    0    4    9      1488
   19    2    2    1    1   12    2    2    1      1502
   19    2    2    2    1   31    4    4    1      1355
   19    2    2    3    2   30    0    3    9      1166
   19    2    2    4    2    4    0    2    9       833
   19    2    2    5    1    7    2    2    1      1297
   19    2    2    6    1   15    2    2    1      1326
   19    2    2    7    1   12    2    2    1      4394
   19    2    2    8    1    6    1    1    1      1324
   19    2    2    9    1    2    1    1    1      1681
   19    2    2   10    1    3    2    2    1      1582
   19    2    2   11    1   19    4    4    1      1488
   19    2    2   12    1    9    1    1    1      1190
   19    2    2   13    1   18    3    3    1      1872
   19    2    2   14    2   24    0    4    9       823
   19    2    2   15    1   28    4    4    1      1447
   19    2    2   16    1   22    3    3    1      1438
   19    2    2   17    1    7    2    2    1      1766
   19    2    2   18    1    3    2    2    1      1936
   19    2    2   19    2   29    0    3    9      1676
   19    2    2   20    1   25    3    3    1       906
   19    2    2   21    1   19    4    4    1       887
   19    2    2   22    2    5    0    1    9      1253
   19    2    2   23    2   14    0    1    9      1492
   19    2    2   24    2   11    0    2    9      1842
   19    2    2   25    2   30    0    3    9      1090
   19    2    2   26    2   10    0    1    9      3703
   19    2    2   27    2   13    0    1    9       693
   19    2    2   28    1    6    1    1    1      1018
   19    2    2   29    2   20    0    4    9      1634
   19    2    2   30    2   16    0    2    9      1146
   19    2    2   31    2    1    0    1    9      1062
   19    2    2   32    2   30    0    3    9      1149
   19    2    2   33    1   25    3    3    1       648
   19    2    2   34    1   18    3    3    1       943
   19    2    2   35    2   27    0    4    9       771
   19    2    2   36    1   28    4    4    1       485
   19    2    2   37    2   32    0    4    9       643
   19    2    2   38    2   17    0    3    9       754
   19    2    2   39    2   30    0    3    9       821
   19    2    2   40    1   22    3    3    1       669
   19    2    2   41    2   14    0    1    9       916
   19    2    2   42    1   31    4    2    0      1104
   19    2    2   43    1   23    4    4    1      2621
   19    2    2   44    2    8    0    2    9      1518
   19    2    2   45    2   26    0    3    9      1770
   19    2    2   46    1    9    1    1    1      1205
   19    2    2   47    2   21    0    3    9       773
   19    2    2   48    1    2    1    1    1      1656
   19    2    2   49    2   14    0    1    9      1047
   19    2    2   50    1   15    2    2    1      1047
   19    2    2   51    1   23    4    4    1      1030
   19    2    2   52    2   14    0    1    9       830
