    1    1    1    1    1    3    2    3    0      9910
    1    1    1    2    1    7    2    3    0      2205
    1    1    1    3    1   21    3    1    0      1726
    1    1    1    4    1   25    4    1    0      2050
    1    1    1    5    1   31    4    1    0      1352
    1    1    1    6    1    2    1    2    0      1467
    1    1    1    7    1    9    1    4    0      1656
    1    1    1    8    1   12    2    4    0      5918
    1    1    1    9    1   19    3    3    1       762
    1    1    1   10    1    6    1    2    0       989
    1    1    1   11    1   28    4    4    1       861
    1    1    1   12    1   26    4    1    0       780
    1    1    1   13    1   22    3    1    0      2965
    1    1    1   14    1   15    2    3    0      1271
    1    1    2    1    1    3    2    3    0      1310
    1    1    2    2    1   25    4    1    0       979
    1    1    2    3    1   15    2    2    1      1557
    1    1    2    4    1   22    3    4    0      2199
    1    1    2    5    1   28    4    3    0      1496
    1    1    2    6    1   31    4    4    1       613
    1    1    2    7    1   12    2    2    1       829
    1    1    2    8    1   21    3    4    0       829
    1    1    2    9    1   26    4    2    0      2853
    1    1    2   10    1   19    3    3    1       972
    1    1    2   11    1    6    1    4    0      2534
    1    1    2   12    1    7    2    1    0     11529
    1    1    2   13    1    9    1    3    0      1061
    1    1    2   14    1    2    1    2    0      1315
    1    1    3    1    1   12    2    4    0      2685
    1    1    3    2    1   31    4    1    0       826
    1    1    3    3    1   15    2    3    0      9778
    1    1    3    4    1    7    2    2    1      1588
    1    1    3    5    1   22    3    3    1      2677
    1    1    3    6    1   25    4    3    0      1995
    1    1    3    7    1    2    1    2    0       964
    1    1    3    8    1   21    3    2    0       726
    1    1    3    9    1    6    1    2    0      3250
    1    1    3   10    1   19    3    4    0      1096
    1    1    3   11    1    9    1    1    1       549
    1    1    3   12    1   28    4    4    1       543
    1    1    3   13    1   26    4    2    0       698
    1    1    3   14    1    3    2    4    0      2391
    1    1    4    1    1    3    2    2    1      3516
    1    1    4    2    1   31    4    4    1      2768
    1    1    4    3    1    6    1    1    1      1426
    1    1    4    4    1   28    4    4    1      2026
    1    1    4    5    1   22    3    2    0      1994
    1    1    4    6    1   19    3    4    0      1667
    1    1    4    7    1   15    2    4    0      1177
    1    1    4    8    1    7    2    2    1      3251
    1    1    4    9    1   26    4    3    0      3601
    1    1    4   10    1    9    1    1    1      1770
    1    1    4   11    1   21    3    2    0      3140
    1    1    4   12    1    2    1    1    1      1903
    1    1    4   13    1   25    4    3    0      3236
    1    1    4   14    1   12    2    2    1      2715
    1    1    5    1    1   19    3    4    0      2810
    1    1    5    2    1   12    2    2    1      1794
    1    1    5    3    1   21    3    3    1      1483
    1    1    5    4    1    7    2    1    0      2112
    1    1    5    5    1   28    4    4    1      1365
    1    1    5    6    1   15    2    2    1      1295
    1    1    5    7    1    3    2    2    1       765
    1    1    5    8    1    9    1    1    1       638
    1    1    5    9    1    2    1    1    1      1686
    1    1    5   10    1   22    3    3    1       995
    1    1    5   11    1    6    1    1    1      1100
    1    1    5   12    1   25    4    3    0      1153
    1    1    5   13    1   26    4    3    0      1068
    1    1    5   14    1   31    4    4    1      1849
    1    1    6    1    1    6    1    1    1      1885
    1    1    6    2    1   19    3    3    1       898
    1    1    6    3    1   31    4    3    0       895
    1    1    6    4    1   28    4    4    1      1172
    1    1    6    5    1    3    2    1    0      1606
    1    1    6    6    1    2    1    1    1       926
    1    1    6    7    1   21    3    3    1       938
    1    1    6    8    1   25    4    4    1      1542
    1    1    6    9    1    7    2    2    1      2184
    1    1    6   10    1   12    2    4    0      6514
    1    1    6   11    1   26    4    3    0      1045
    1    1    6   12    1   15    2    4    0     10900
    1    1    6   13    1   22    3    3    1       937
    1    1    6   14    1    9    1    1    1      4372
    1    1    7    1    1    3    2    3    0      2046
    1    1    7    2    1    2    1    1    1      1125
    1    1    7    3    1   28    4    4    1      2905
    1    1    7    4    1   12    2    2    1      2661
    1    1    7    5    1   31    4    4    1      4060
    1    1    7    6    1   22    3    3    1      1194
    1    1    7    7    1   21    3    3    1       812
    1    1    7    8    1   25    4    3    0       462
    1    1    7    9    1   19    3    4    0      3492
    1    1    7   10    1    9    1    2    0      8721
    1    1    7   11    1    7    2    2    1       717
    1    1    7   12    1    6    1    1    1       849
    1    1    7   13    1   26    4    3    0      1583
    1    1    7   14    1   15    2    2    1      1527
    1    1    8    1    1   25    4    3    0      1042
    1    1    8    2    1    3    2    2    1      1569
    1    1    8    3    1   12    2    2    1       915
    1    1    8    4    1    9    1    2    0      1182
    1    1    8    5    1    7    2    2    1      1239
    1    1    8    6    1    6    1    1    1      1239
    1    1    8    7    1    2    1    1    1      1526
    1    1    8    8    1   15    2    2    1      2346
    1    1    8    9    1   26    4    4    1      1229
    1    1    8   10    1   19    3    3    1      2268
    1    1    8   11    1   22    3    3    1      1075
    1    1    8   12    1   21    3    3    1       664
    1    1    8   13    1   28    4    4    1       671
    1    1    8   14    1   31    4    4    1      1925
    1    1    9    1    1    6    1    1    1       852
    1    1    9    2    1   21    3    3    1       819
    1    1    9    3    1   12    2    4    0      4483
    1    1    9    4    1    2    1    1    1      6216
    1    1    9    5    1   22    3    3    1       976
    1    1    9    6    1   26    4    4    1      1226
    1    1    9    7    1    3    2    2    1      1482
    1    1    9    8    1   28    4    4    1      1199
    1    1    9    9    1    7    2    2    1      2832
    1    1    9   10    1    9    1    1    1      1327
    1    1    9   11    1   25    4    4    1      1147
    1    1    9   12    1   15    2    2    1      4094
    1    1    9   13    1   31    4    4    1       907
    1    1    9   14    1   19    3    3    1      1080
    1    1   10    1    1    9    1    1    1      2163
    1    1   10    2    1   31    4    4    1       765
    1    1   10    3    1   21    3    3    1      1310
    1    1   10    4    1   19    3    3    1       858
    1    1   10    5    1    3    2    2    1      1145
    1    1   10    6    1   15    2    2    1       877
    1    1   10    7    1    6    1    1    1      5386
    1    1   10    8    1   22    3    3    1      1780
    1    1   10    9    1    7    2    2    1       877
    1    1   10   10    1   28    4    4    1      1547
    1    1   10   11    1   26    4    4    1      6045
    1    1   10   12    1   25    4    4    1      1293
    1    1   10   13    1   12    2    2    1       922
    1    1   10   14    1    2    1    1    1       934
    1    2    1    1    1    3    2    2    1      1286
    1    2    1    2    1    3    2    2    1       722
    1    2    1    3    1   22    3    3    1      3846
    1    2    1    4    1    2    1    1    1      1501
    1    2    1    5    2    4    0    3    9      1857
    1    2    1    6    1    9    1    1    1      3976
    1    2    1    7    1   22    3    3    1      2922
    1    2    1    8    1   26    4    4    1      1030
    1    2    1    9    2    1    0    1    9      1661
    1    2    1   10    2   23    0    3    9      1292
    1    2    1   11    1    2    1    1    1      4857
    1    2    1   12    1   26    4    4    1      1111
    1    2    1   13    1    9    1    1    1      1420
    1    2    1   14    1    7    2    2    1      3700
    1    2    1   15    2   17    0    3    9      1105
    1    2    1   16    1   19    3    3    1      3845
    1    2    1   17    1   15    2    2    1      1325
    1    2    1   18    1   28    4    4    1      2072
    1    2    1   19    1    6    1    1    1      2119
    1    2    1   20    2   18    0    3    9       947
    1    2    1   21    2   20    0    3    9      3310
    1    2    1   22    1   21    3    3    1      1514
    1    2    1   23    2   11    0    2    9      1214
    1    2    1   24    2   14    0    1    9      6830
    1    2    1   25    2   14    0    2    9       605
    1    2    1   26    1   31    4    4    1      4710
    1    2    1   27    2   29    0    3    9       715
    1    2    1   28    2   24    0    4    9      3918
    1    2    1   29    2   32    0    4    9       802
    1    2    1   30    2   24    0    3    9      2419
    1    2    1   31    1   25    4    3    0       963
    1    2    1   32    2   24    0    4    9      1741
    1    2    1   33    1   19    3    3    1       872
    1    2    1   34    1   31    4    4    1     14230
    1    2    1   35    2   30    0    3    9      1341
    1    2    1   36    1    6    1    1    1      2569
    1    2    1   37    2   14    0    2    9      1299
    1    2    1   38    2    5    0    1    9       847
    1    2    1   39    2   27    0    4    9      1694
    1    2    1   40    1   28    4    3    0      1243
    1    2    1   41    2   14    0    1    9      6506
    1    2    1   42    2    8    0    2    9      5271
    1    2    1   43    1   21    3    3    1      1301
    1    2    1   44    2   13    0    2    9      1729
    1    2    1   45    2   24    0    3    9      2685
    1    2    1   46    1   12    2    2    1      1842
    1    2    1   47    2   16    0    2    9      2362
    1    2    1   48    2   10    0    2    9      9996
    1    2    1   49    1   12    2    2    1      1421
    1    2    1   50    1    7    2    2    1      5029
    1    2    1   51    1   25    4    3    0       765
    1    2    1   52    1   15    2    2    1      4430
    1    2    2    1    2   14    0    1    9      2990
    1    2    2    2    2   20    0    3    9      1543
    1    2    2    3    1    7    2    2    1      3018
    1    2    2    4    2   23    0    4    9      1234
    1    2    2    5    2   30    0    4    9      2370
    1    2    2    6    2   24    0    4    9       692
    1    2    2    7    2    5    0    1    9       793
    1    2    2    8    2   24    0    3    9      1162
    1    2    2    9    2   29    0    4    9       749
    1    2    2   10    2   32    0    4    9       800
    1    2    2   11    2   14    0    1    9      1056
    1    2    2   12    2   27    0    4    9      1031
    1    2    2   13    1    3    2    2    1      1326
    1    2    2   14    1   21    3    3    1      2506
    1    2    2   15    2    4    0    2    9      1462
    1    2    2   16    1   25    4    3    0      4413
    1    2    2   17    1    6    1    1    1      5805
    1    2    2   18    2   24    0    3    9      3046
    1    2    2   19    1   26    4    4    1      2429
    1    2    2   20    1   22    3    3    1       973
    1    2    2   21    1   15    2    2    1      1831
    1    2    2   22    2   16    0    2    9      1198
    1    2    2   23    2   10    0    1    9       879
    1    2    2   24    1    2    1    1    1       941
    1    2    2   25    2   24    0    3    9      1320
    1    2    2   26    1    6    1    1    1       901
    1    2    2   27    2   14    0    1    9      1153
    1    2    2   28    1    3    2    2    1       884
    1    2    2   29    1    9    1    2    0      1345
    1    2    2   30    1   31    4    4    1      1277
    1    2    2   31    1   21    3    3    1      9019
    1    2    2   32    1   12    2    2    1       611
    1    2    2   33    1   28    4    4    1       731
    1    2    2   34    1    9    1    1    1      2111
    1    2    2   35    2   11    0    2    9       555
    1    2    2   36    1   12    2    2    1      1510
    1    2    2   37    2   18    0    3    9       987
    1    2    2   38    1   15    2    2    1      2532
    1    2    2   39    1   19    3    4    0       575
    1    2    2   40    1    7    2    2    1       841
    1    2    2   41    1   19    3    3    1       920
    1    2    2   42    1    2    1    1    1       772
    1    2    2   43    2   17    0    3    9       902
    1    2    2   44    1   25    4    3    0      1267
    1    2    2   45    1   31    4    4    1      1361
    1    2    2   46    2    1    0    1    9      1003
    1    2    2   47    2   13    0    1    9      1060
    1    2    2   48    1   28    4    4    1      1451
    1    2    2   49    2    8    0    2    9       993
    1    2    2   50    1   22    3    3    1       747
    1    2    2   51    2   14    0    1    9      1405
    1    2    2   52    1   26    4    3    0      1030
