   44    1    1    1    1    9    1    1    1      5703
   44    1    1    2    1   26    2    1    0      1145
   44    1    1    3    1   25    2    2    1       653
   44    1    1    4    1   15    2    1    0       380
   44    1    1    5    1    6    1    1    1      1870
   44    1    1    6    1   28    2    2    1      2381
   44    1    1    7    1    3    2    2    1      2055
   44    1    1    8    1    7    2    2    1       694
   44    1    1    9    1    2    1    1    1       452
   44    1    1   10    1   12    2    2    1       595
   44    1    1   11    1   21    1    1    1       485
   44    1    1   12    1   19    1    2    0       642
   44    1    1   13    1   31    2    1    0      3298
   44    1    1   14    1   22    1    1    1      3319
   44    1    2    1    1   15    2    1    0      3371
   44    1    2    2    1   28    2    1    0       557
   44    1    2    3    1   12    2    2    1       712
   44    1    2    4    1   21    1    1    1       621
   44    1    2    5    1   26    2    1    0       470
   44    1    2    6    1    7    2    2    1      1332
   44    1    2    7    1   19    1    1    1      1152
   44    1    2    8    1    2    1    1    1       443
   44    1    2    9    1   31    2    2    1       954
   44    1    2   10    1   25    2    2    1       789
   44    1    2   11    1    3    2    1    0       424
   44    1    2   12    1   22    1    1    1       664
   44    1    2   13    1    9    1    1    1       382
   44    1    2   14    1    6    1    1    1       600
   44    1    3    1    1    3    2    2    1      4749
   44    1    3    2    1   28    2    2    1      2296
   44    1    3    3    1   21    1    1    1      1198
   44    1    3    4    1   25    2    1    0      1175
   44    1    3    5    1    9    1    2    0      1786
   44    1    3    6    1   26    2    1    0      1148
   44    1    3    7    1   19    1    2    0       383
   44    1    3    8    1    6    1    1    1       328
   44    1    3    9    1    7    2    1    0       717
   44    1    3   10    1   31    2    1    0       377
   44    1    3   11    1    2    1    1    1       620
   44    1    3   12    1   15    2    1    0      1261
   44    1    3   13    1   12    2    2    1       843
   44    1    3   14    1   22    1    1    1       907
   44    1    4    1    1    9    1    1    1      2957
   44    1    4    2    1    7    2    2    1      1936
   44    1    4    3    1   19    1    2    0      2228
   44    1    4    4    1   31    2    2    1      3724
   44    1    4    5    1    2    1    1    1      1905
   44    1    4    6    1   25    2    2    1      2311
   44    1    4    7    1    3    2    2    1      3043
   44    1    4    8    1   15    2    2    1      1476
   44    1    4    9    1   21    1    1    1      1314
   44    1    4   10    1   26    2    2    1      2478
   44    1    4   11    1   12    2    2    1      1285
   44    1    4   12    1   28    2    2    1       771
   44    1    4   13    1   22    1    1    1      1062
   44    1    4   14    1    6    1    1    1      1053
   44    1    5    1    1   31    2    2    1      2061
   44    1    5    2    1   25    2    2    1       668
   44    1    5    3    1    7    2    2    1      1890
   44    1    5    4    1   15    2    2    1       736
   44    1    5    5    1   12    2    2    1       819
   44    1    5    6    1   26    2    2    1       924
   44    1    5    7    1    9    1    1    1      1488
   44    1    5    8    1    2    1    1    1       822
   44    1    5    9    1   22    1    1    1      1326
   44    1    5   10    1   28    2    2    1      1698
   44    1    5   11    1   19    1    1    1      1031
   44    1    5   12    1   21    1    1    1      1288
   44    1    5   13    1    6    1    1    1      1629
   44    1    5   14    1    3    2    2    1      1062
   44    1    6    1    1    9    1    1    1      1771
   44    1    6    2    1   15    2    2    1       757
   44    1    6    3    1   25    2    2    1      1328
   44    1    6    4    1    2    1    1    1      2653
   44    1    6    5    1    6    1    1    1       636
   44    1    6    6    1   19    1    1    1      1340
   44    1    6    7    1   26    2    2    1       943
   44    1    6    8    1   21    1    1    1       987
   44    1    6    9    1    7    2    2    1      1380
   44    1    6   10    1   28    2    2    1      2134
   44    1    6   11    1   12    2    2    1       970
   44    1    6   12    1    3    2    2    1      1948
   44    1    6   13    1   31    2    2    1      1104
   44    1    6   14    1   22    1    1    1      1484
   44    1    7    1    1    7    2    2    1      3104
   44    1    7    2    1   25    2    2    1      1813
   44    1    7    3    1    6    1    1    1      1318
   44    1    7    4    1    9    1    1    1       826
   44    1    7    5    1   28    2    2    1      1443
   44    1    7    6    1   22    1    1    1       915
   44    1    7    7    1   26    2    2    1       911
   44    1    7    8    1    2    1    1    1      1132
   44    1    7    9    1   21    1    1    1      1183
   44    1    7   10    1   31    2    2    1       826
   44    1    7   11    1   15    2    2    1      1658
   44    1    7   12    1   19    1    1    1      1209
   44    1    7   13    1    3    2    2    1      1499
   44    1    7   14    1   12    2    2    1      1312
   44    2    1    1    2   16    0    2    9      2905
   44    2    1    2    2   14    0    1    9      4502
   44    2    1    3    2   11    0    2    9       772
   44    2    1    4    2   24    0    1    9      1102
   44    2    1    5    1   19    1    1    1      1931
   44    2    1    6    1   31    2    2    1      6392
   44    2    1    7    2   17    0    1    9       818
   44    2    1    8    1   19    1    1    1      1834
   44    2    1    9    2   20    0    1    9       546
   44    2    1   10    1    9    1    1    1      2214
   44    2    1   11    1   12    2    2    1      1047
   44    2    1   12    1   21    1    1    1      1742
   44    2    1   13    2    4    0    2    9       962
   44    2    1   14    2   24    0    1    9      1941
   44    2    1   15    2   14    0    1    9      3361
   44    2    1   16    1   15    2    2    1      1620
   44    2    1   17    2    8    0    2    9       668
   44    2    1   18    2   13    0    1    9      1355
   44    2    1   19    1   28    2    2    1      1110
   44    2    1   20    1   15    2    2    1      2131
   44    2    1   21    1    2    1    1    1       886
   44    2    1   22    1    7    2    2    1      1188
   44    2    1   23    1    7    2    2    1       894
   44    2    1   24    2    1    0    1    9      2667
   44    2    1   25    1   31    2    2    1      1090
   44    2    1   26    2   18    0    1    9       760
   44    2    1   27    2   24    0    1    9       843
   44    2    1   28    1   12    2    2    1      1682
   44    2    1   29    2   27    0    2    9      1136
   44    2    1   30    1    9    1    1    1      2084
   44    2    1   31    1    6    1    1    1       665
   44    2    1   32    2   30    0    2    9       912
   44    2    1   33    2   24    0    1    9       869
   44    2    1   34    1   25    2    2    1       764
   44    2    1   35    2   32    0    2    9       606
   44    2    1   36    1   28    2    2    1      3087
   44    2    1   37    1   26    2    2    1       677
   44    2    1   38    1    6    1    1    1      1339
   44    2    1   39    1   25    2    2    1      1079
   44    2    1   40    2   29    0    2    9       829
   44    2    1   41    1   22    1    1    1       886
   44    2    1   42    2   14    0    1    9      1315
   44    2    1   43    1    3    2    2    1       800
   44    2    1   44    2   23    0    1    9      1297
   44    2    1   45    1   22    1    1    1      1278
   44    2    1   46    2   14    0    1    9      1301
   44    2    1   47    1    3    2    2    1       714
   44    2    1   48    2   10    0    1    9       654
   44    2    1   49    2    5    0    1    9       629
   44    2    1   50    1    2    1    1    1       861
   44    2    1   51    1   21    1    1    1       900
   44    2    1   52    1   26    2    2    1      1137
   44    2    2    1    1    6    1    1    1      1037
   44    2    2    2    1   19    1    1    1       997
   44    2    2    3    2    1    0    1    9      1110
   44    2    2    4    1   19    1    1    1      1283
   44    2    2    5    1    3    2    2    1      1104
   44    2    2    6    1    2    1    1    1       693
   44    2    2    7    1    9    1    1    1      2659
   44    2    2    8    1   25    2    2    1       986
   44    2    2    9    2   20    0    1    9       820
   44    2    2   10    1   22    1    1    1       724
   44    2    2   11    1   22    1    1    1       553
   44    2    2   12    1   31    2    2    1       724
   44    2    2   13    2   14    0    1    9      1369
   44    2    2   14    2   23    0    1    9      1267
   44    2    2   15    2   17    0    1    9       977
   44    2    2   16    2   24    0    1    9      2444
   44    2    2   17    2   16    0    2    9      1091
   44    2    2   18    2   24    0    1    9      1977
   44    2    2   19    2   14    0    1    9      3636
   44    2    2   20    1    3    2    2    1       796
   44    2    2   21    1   21    1    1    1      1037
   44    2    2   22    1   21    1    1    1       821
   44    2    2   23    1   28    2    1    0       589
   44    2    2   24    2   24    0    1    9      3903
   44    2    2   25    1    2    1    1    1      3140
   44    2    2   26    2   14    0    1    9       712
   44    2    2   27    1    6    1    1    1       621
   44    2    2   28    1   28    2    2    1      1157
   44    2    2   29    1   15    2    2    1      1224
   44    2    2   30    2    8    0    2    9       993
   44    2    2   31    2   27    0    2    9       946
   44    2    2   32    2   14    0    1    9      5806
   44    2    2   33    1    9    1    1    1       936
   44    2    2   34    1   31    2    2    1       915
   44    2    2   35    2   11    0    2    9      1296
   44    2    2   36    2   30    0    2    9       957
   44    2    2   37    1   26    2    2    1       984
   44    2    2   38    2    5    0    1    9       858
   44    2    2   39    1   15    2    2    1       705
   44    2    2   40    1    7    2    2    1       590
   44    2    2   41    1   12    2    2    1       672
   44    2    2   42    2   24    0    1    9       998
   44    2    2   43    2   13    0    1    9      1007
   44    2    2   44    1    7    2    2    1       704
   44    2    2   45    1   25    2    2    1      1013
   44    2    2   46    1   12    2    2    1      1086
   44    2    2   47    2   29    0    2    9      1196
   44    2    2   48    2   10    0    1    9      1149
   44    2    2   49    1   26    2    2    1      2136
   44    2    2   50    2   18    0    1    9       876
   44    2    2   51    2    4    0    2    9      2402
   44    2    2   52    2   32    0    2    9      1060
