    2    1    1    1    1   15    2    1    0      6339
    2    1    1    2    1    9    1    1    1      1923
    2    1    1    3    1   18    3    3    1      4071
    2    1    1    4    1   22    3    3    1      2037
    2    1    1    5    1   31    4    4    1       932
    2    1    1    6    1   23    4    4    1      2031
    2    1    1    7    1   25    3    3    1      3294
    2    1    1    8    1   19    4    4    1      2348
    2    1    1    9    1   28    4    4    1      1103
    2    1    1   10    1    7    2    2    1      2307
    2    1    1   11    1    6    1    1    1      1880
    2    1    1   12    1   12    2    2    1      1101
    2    1    1   13    1    2    1    1    1      3666
    2    1    1   14    1    3    2    2    1      1872
    2    1    2    1    1   22    3    3    1      2672
    2    1    2    2    1   25    3    3    1       663
    2    1    2    3    1    3    2    2    1      1373
    2    1    2    4    1   28    4    4    1      1543
    2    1    2    5    1    7    2    2    1      1258
    2    1    2    6    1    9    1    1    1       649
    2    1    2    7    1   12    2    2    1       912
    2    1    2    8    1   18    3    3    1       973
    2    1    2    9    1   23    4    4    1       774
    2    1    2   10    1    2    1    1    1      1592
    2    1    2   11    1   31    4    4    1      2250
    2    1    2   12    1    6    1    1    1      1264
    2    1    2   13    1   19    4    4    1      2014
    2    1    2   14    1   15    2    2    1      1102
    2    1    3    1    1   28    4    4    1      1941
    2    1    3    2    1   22    3    3    1      1081
    2    1    3    3    1   25    3    3    1       734
    2    1    3    4    1   31    4    4    1       770
    2    1    3    5    1   19    4    4    1       596
    2    1    3    6    1    9    1    1    1      1309
    2    1    3    7    1    2    1    1    1      1034
    2    1    3    8    1   23    4    4    1      2289
    2    1    3    9    1   18    3    3    1       646
    2    1    3   10    1    3    2    2    1      1213
    2    1    3   11    1   12    2    2    1       797
    2    1    3   12    1    7    2    2    1       750
    2    1    3   13    1   15    2    2    1       688
    2    1    3   14    1    6    1    1    1      1046
    2    1    4    1    1    3    2    2    1      2695
    2    1    4    2    1   12    2    2    1       717
    2    1    4    3    1    2    1    1    1       769
    2    1    4    4    1   19    4    4    1      1603
    2    1    4    5    1    6    1    1    1       900
    2    1    4    6    1   23    4    4    1      1424
    2    1    4    7    1    7    2    2    1      1000
    2    1    4    8    1    9    1    1    1       833
    2    1    4    9    1   18    3    3    1       960
    2    1    4   10    1   25    3    3    1       715
    2    1    4   11    1   15    2    2    1       911
    2    1    4   12    1   22    3    3    1      1228
    2    1    4   13    1   31    4    4    1       715
    2    1    4   14    1   28    4    4    1       608
    2    2    1    1    1    2    1    1    1      1869
    2    2    1    2    2    1    0    1    9       546
    2    2    1    3    2   14    0    1    9      1725
    2    2    1    4    1   19    4    4    1      1625
    2    2    1    5    2   10    0    1    9      1385
    2    2    1    6    1   28    4    4    1      2098
    2    2    1    7    2   14    0    1    9      1679
    2    2    1    8    2   20    0    4    9       653
    2    2    1    9    2   16    0    2    9      1427
    2    2    1   10    1   28    4    4    1      3179
    2    2    1   11    1    9    1    1    1       957
    2    2    1   12    2   30    0    3    9      1576
    2    2    1   13    2   17    0    3    9      2794
    2    2    1   14    2   30    0    4    9      2731
    2    2    1   15    1   15    2    2    1      1583
    2    2    1   16    1   22    3    3    1      1776
    2    2    1   17    1    7    2    2    1      2330
    2    2    1   18    2   29    0    3    9      1005
    2    2    1   19    2   30    0    3    9       662
    2    2    1   20    1   19    4    4    1       733
    2    2    1   21    1    6    1    1    1      4128
    2    2    1   22    2   14    0    1    9      2060
    2    2    1   23    2   26    0    3    9      2379
    2    2    1   24    1   15    2    2    1      3837
    2    2    1   25    2    5    0    1    9      1780
    2    2    1   26    1   18    3    3    1      1933
    2    2    1   27    1   23    4    3    0      2640
    2    2    1   28    2   30    0    3    9      3736
    2    2    1   29    1   23    4    4    1       771
    2    2    1   30    2   24    0    4    9       741
    2    2    1   31    1    6    1    1    1      1112
    2    2    1   32    1   31    4    4    1      1533
    2    2    1   33    1    3    2    2    1      1024
    2    2    1   34    1   25    3    3    1      1081
    2    2    1   35    1   25    3    3    1       558
    2    2    1   36    1    9    1    1    1       664
    2    2    1   37    1   31    4    4    1       830
    2    2    1   38    1   18    3    3    1       846
    2    2    1   39    2   21    0    3    9       669
    2    2    1   40    1    7    2    2    1       803
    2    2    1   41    2    4    0    2    9       676
    2    2    1   42    2   32    0    4    9      2970
    2    2    1   43    1    3    2    2    1      3252
    2    2    1   44    1   12    2    2    1       738
    2    2    1   45    2   13    0    1    9       710
    2    2    1   46    1   22    3    3    1       778
    2    2    1   47    2   27    0    4    9       796
    2    2    1   48    1    2    1    1    1      1021
    2    2    1   49    1   12    2    2    1       837
    2    2    1   50    2   14    0    1    9       532
    2    2    1   51    2    8    0    2    9       544
    2    2    1   52    2   11    0    2    9       763
    2    2    2    1    2   27    0    4    9      1197
    2    2    2    2    1    9    1    1    1      1022
    2    2    2    3    1    2    1    1    1      1238
    2    2    2    4    1   15    2    2    1       597
    2    2    2    5    2   14    0    1    9       638
    2    2    2    6    2   11    0    2    9       565
    2    2    2    7    1   15    2    2    1       575
    2    2    2    8    1    3    2    2    1       713
    2    2    2    9    2   17    0    3    9       989
    2    2    2   10    1   18    3    3    1       582
    2    2    2   11    1    6    1    1    1       752
    2    2    2   12    1    9    1    1    1       546
    2    2    2   13    1   19    4    4    1       829
    2    2    2   14    2   20    0    4    9       477
    2    2    2   15    2   14    0    1    9       843
    2    2    2   16    2    8    0    2    9       746
    2    2    2   17    1   23    4    4    1       781
    2    2    2   18    2   30    0    3    9       606
    2    2    2   19    1   12    2    2    1       679
    2    2    2   20    1   18    3    3    1       717
    2    2    2   21    1    7    2    2    1      1041
    2    2    2   22    1   25    3    3    1       744
    2    2    2   23    1    6    1    1    1       779
    2    2    2   24    2   24    0    4    9       685
    2    2    2   25    1   19    4    4    1       930
    2    2    2   26    1   22    3    3    1       702
    2    2    2   27    2    4    0    2    9       642
    2    2    2   28    1    2    1    1    1       777
    2    2    2   29    1   23    4    4    1      1755
    2    2    2   30    1    7    2    2    1      2038
    2    2    2   31    1   12    2    2    1       613
    2    2    2   32    2   10    0    1    9       637
    2    2    2   33    2   30    0    3    9       773
    2    2    2   34    2   13    0    1    9       695
    2    2    2   35    1   31    4    4    1      1948
    2    2    2   36    2    5    0    1    9       943
    2    2    2   37    2   30    0    3    9      1002
    2    2    2   38    2   14    0    1    9      1523
    2    2    2   39    2   21    0    3    9       743
    2    2    2   40    2   32    0    4    9       650
    2    2    2   41    2   30    0    3    9       561
    2    2    2   42    1   22    3    3    1       603
    2    2    2   43    2    1    0    1    9       724
    2    2    2   44    1   28    4    4    1       664
    2    2    2   45    1   31    4    4    1       926
    2    2    2   46    1    3    2    2    1       794
    2    2    2   47    1   25    3    3    1       971
    2    2    2   48    2   26    0    3    9       677
    2    2    2   49    1   28    4    4    1       715
    2    2    2   50    2   29    0    3    9       703
    2    2    2   51    2   14    0    1    9       708
    2    2    2   52    2   16    0    2    9       488
