   27    1    1    1    1   23    4    3    0     15042
   27    1    1    2    1   28    4    1    0      7744
   27    1    1    3    1   12    2    4    0      7533
   27    1    1    4    1    7    2    2    1      3249
   27    1    1    5    1   19    4    4    1      2185
   27    1    1    6    1   25    3    4    0      2571
   27    1    1    7    1    2    1    2    0      1749
   27    1    1    8    1   31    4    4    1      1733
   27    1    1    9    1    9    1    1    1      1584
   27    1    1   10    1   22    3    2    0      1538
   27    1    1   11    1    6    1    1    1      3455
   27    1    1   12    1    3    2    2    1      2230
   27    1    1   13    1   15    2    2    1      1470
   27    1    1   14    1   18    3    3    1      1404
   27    1    2    1    1   15    2    4    0      3740
   27    1    2    2    1   19    4    4    1      2064
   27    1    2    3    1    6    1    1    1      1511
   27    1    2    4    1   28    4    4    1      1300
   27    1    2    5    1   22    3    3    1      1745
   27    1    2    6    1   23    4    4    1      1421
   27    1    2    7    1   31    4    4    1       837
   27    1    2    8    1   18    3    3    1      2085
   27    1    2    9    1    2    1    1    1      2026
   27    1    2   10    1   25    3    3    1      1556
   27    1    2   11    1    7    2    2    1      1471
   27    1    2   12    1    3    2    2    1      1061
   27    1    2   13    1    9    1    1    1      1948
   27    1    2   14    1   12    2    2    1       903
   27    1    3    1    1    2    1    1    1      1954
   27    1    3    2    1    6    1    1    1      1117
   27    1    3    3    1    3    2    2    1       793
   27    1    3    4    1   12    2    2    1       723
   27    1    3    5    1   19    4    4    1      1639
   27    1    3    6    1   23    4    4    1       551
   27    1    3    7    1    9    1    1    1      1418
   27    1    3    8    1   28    4    4    1       602
   27    1    3    9    1   18    3    3    1      2051
   27    1    3   10    1   31    4    4    1       746
   27    1    3   11    1   22    3    3    1       590
   27    1    3   12    1   15    2    2    1      1328
   27    1    3   13    1   25    3    3    1      1076
   27    1    3   14    1    7    2    2    1      3850
   27    1    4    1    1   23    4    4    1      1996
   27    1    4    2    1    6    1    1    1      1622
   27    1    4    3    1    3    2    2    1       782
   27    1    4    4    1   28    4    4    1       648
   27    1    4    5    1   31    4    4    1      1463
   27    1    4    6    1   22    3    3    1      1022
   27    1    4    7    1   15    2    2    1       862
   27    1    4    8    1    7    2    2    1       597
   27    1    4    9    1   19    4    4    1       950
   27    1    4   10    1   25    3    3    1      1209
   27    1    4   11    1    9    1    1    1      1146
   27    1    4   12    1    2    1    1    1       878
   27    1    4   13    1   12    2    2    1       948
   27    1    4   14    1   18    3    3    1       935
   27    1    5    1    1    7    2    2    1      1201
   27    1    5    2    1   19    4    4    1      1202
   27    1    5    3    1   23    4    4    1       619
   27    1    5    4    1    2    1    1    1      1268
   27    1    5    5    1   31    4    4    1      1146
   27    1    5    6    1    6    1    1    1       950
   27    1    5    7    1   25    3    3    1      1089
   27    1    5    8    1   28    4    4    1       671
   27    1    5    9    1   15    2    2    1      1053
   27    1    5   10    1    3    2    2    1      1892
   27    1    5   11    1   12    2    2    1       697
   27    1    5   12    1    9    1    1    1       710
   27    1    5   13    1   22    3    3    1      1171
   27    1    5   14    1   18    3    3    1       454
   27    2    1    1    1    9    1    1    1      2152
   27    2    1    2    2   20    0    4    9      1963
   27    2    1    3    1   12    2    2    1      1222
   27    2    1    4    1    6    1    1    1       966
   27    2    1    5    2   30    0    3    9       976
   27    2    1    6    1   19    4    4    1      2619
   27    2    1    7    1    2    1    1    1      2739
   27    2    1    8    1    2    1    1    1      1223
   27    2    1    9    1   15    2    2    1      2551
   27    2    1   10    2   14    0    1    9      1227
   27    2    1   11    1   12    2    2    1      1115
   27    2    1   12    2   13    0    1    9       984
   27    2    1   13    2   32    0    4    9       857
   27    2    1   14    2   27    0    4    9       888
   27    2    1   15    1    7    2    2    1      2486
   27    2    1   16    1   28    4    4    1      1028
   27    2    1   17    1    6    1    1    1      1356
   27    2    1   18    2   11    0    2    9      1279
   27    2    1   19    1   23    4    3    0      1101
   27    2    1   20    1   28    4    4    1      1003
   27    2    1   21    2    8    0    2    9       972
   27    2    1   22    2   14    0    1    9      1422
   27    2    1   23    2   30    0    3    9       910
   27    2    1   24    1   25    3    3    1       619
   27    2    1   25    2   14    0    1    9      1747
   27    2    1   26    1   22    3    3    1       902
   27    2    1   27    1   15    2    2    1      1964
   27    2    1   28    2    1    0    1    9       614
   27    2    1   29    2   24    0    4    9       926
   27    2    1   30    2   17    0    3    9       995
   27    2    1   31    1   18    3    3    1      1092
   27    2    1   32    2   21    0    3    9       658
   27    2    1   33    1   25    3    3    1       673
   27    2    1   34    1   22    3    3    1       487
   27    2    1   35    1   18    3    3    1       421
   27    2    1   36    1    3    2    2    1       893
   27    2    1   37    2   30    0    3    9       595
   27    2    1   38    2   30    0    3    9       468
   27    2    1   39    1   31    4    4    1      4387
   27    2    1   40    2    4    0    2    9      1109
   27    2    1   41    1    7    2    2    1       713
   27    2    1   42    2   10    0    1    9      1238
   27    2    1   43    2   14    0    1    9       742
   27    2    1   44    2   16    0    2    9       929
   27    2    1   45    1    3    2    2    1      1750
   27    2    1   46    2    5    0    1    9       497
   27    2    1   47    2   26    0    3    9      1166
   27    2    1   48    2   29    0    3    9       552
   27    2    1   49    1   23    4    4    1       883
   27    2    1   50    1   31    4    4    1       433
   27    2    1   51    1    9    1    1    1      1040
   27    2    1   52    1   19    4    4    1      1864
   27    2    2    1    1    3    2    2    1      1446
   27    2    2    2    2    8    0    2    9       742
   27    2    2    3    2   14    0    1    9       826
   27    2    2    4    2   30    0    3    9      2258
   27    2    2    5    1   18    3    3    1       625
   27    2    2    6    1   22    3    3    1       642
   27    2    2    7    1   19    4    4    1       769
   27    2    2    8    1   23    4    4    1       459
   27    2    2    9    1   31    4    4    1       618
   27    2    2   10    1   22    3    3    1       979
   27    2    2   11    1   28    4    4    1       517
   27    2    2   12    2   20    0    4    9       873
   27    2    2   13    1   15    2    2    1      1216
   27    2    2   14    1   23    4    4    1      1208
   27    2    2   15    2   30    0    3    9       721
   27    2    2   16    2   13    0    1    9       653
   27    2    2   17    1   25    3    3    1       772
   27    2    2   18    1    7    2    2    1       695
   27    2    2   19    1    9    1    1    1       540
   27    2    2   20    1   15    2    2    1       664
   27    2    2   21    2    4    0    2    9       534
   27    2    2   22    2   30    0    3    9       906
   27    2    2   23    2   11    0    2    9      1007
   27    2    2   24    1   12    2    2    1       472
   27    2    2   25    2   17    0    3    9       830
   27    2    2   26    1   28    4    4    1      1030
   27    2    2   27    1    9    1    1    1       742
   27    2    2   28    1   12    2    2    1      1106
   27    2    2   29    2    1    0    1    9       503
   27    2    2   30    1    2    1    2    0       932
   27    2    2   31    2   27    0    4    9      1847
   27    2    2   32    1   31    4    4    1       614
   27    2    2   33    2   26    0    3    9       718
   27    2    2   34    1    7    2    2    1      1075
   27    2    2   35    2   10    0    1    9       649
   27    2    2   36    1   25    3    3    1       728
   27    2    2   37    2   14    0    2    9       660
   27    2    2   38    2   30    0    3    9      5683
   27    2    2   39    2    5    0    1    9       738
   27    2    2   40    1   18    3    3    1       949
   27    2    2   41    2   14    0    1    9      1336
   27    2    2   42    2   29    0    3    9      1124
   27    2    2   43    2   21    0    3    9       960
   27    2    2   44    2   32    0    4    9       875
   27    2    2   45    1    3    2    2    1       970
   27    2    2   46    2   14    0    1    9       828
   27    2    2   47    1    6    1    1    1       493
   27    2    2   48    1    6    1    1    1       458
   27    2    2   49    2   16    0    2    9       857
   27    2    2   50    1    2    1    1    1       520
   27    2    2   51    2   24    0    4    9       652
   27    2    2   52    1   19    4    4    1       883
