   33    1    1    1    1   26    2    2    1      5517
   33    1    1    2    1   21    1    1    1      3558
   33    1    1    3    1    6    1    2    0      1881
   33    1    1    4    1   31    2    2    1      9510
   33    1    1    5    1   28    2    2    1      4074
   33    1    1    6    1    3    2    1    0      3801
   33    1    1    7    1    7    2    1    0      8842
   33    1    1    8    1   19    1    2    0      1009
   33    1    1    9    1   22    1    1    1      3730
   33    1    1   10    1   15    2    2    1      2429
   33    1    1   11    1    2    1    1    1      5069
   33    1    1   12    1   25    2    1    0      1731
   33    1    1   13    1    9    1    1    1      5606
   33    1    1   14    1   12    2    2    1      3159
   33    1    2    1    1   19    1    2    0      7051
   33    1    2    2    1   12    2    2    1      3849
   33    1    2    3    1    9    1    1    1      2944
   33    1    2    4    1   28    2    1    0     11467
   33    1    2    5    1    2    1    1    1      2761
   33    1    2    6    1   22    1    2    0      1308
   33    1    2    7    1   31    2    2    1      1361
   33    1    2    8    1   15    2    1    0      2987
   33    1    2    9    1    7    2    2    1      5245
   33    1    2   10    1   26    2    2    1      3500
   33    1    2   11    1    6    1    1    1      3889
   33    1    2   12    1   21    1    1    1      1910
   33    1    2   13    1   25    2    1    0      2171
   33    1    2   14    1    3    2    2    1      2636
   33    1    3    1    1   22    1    1    1      2846
   33    1    3    2    1   19    1    2    0      2013
   33    1    3    3    1    2    1    1    1      1893
   33    1    3    4    1   15    2    2    1      2298
   33    1    3    5    1    3    2    2    1      1375
   33    1    3    6    1    9    1    1    1       809
   33    1    3    7    1    6    1    1    1      2074
   33    1    3    8    1   12    2    2    1      1400
   33    1    3    9    1   28    2    2    1      3008
   33    1    3   10    1   31    2    2    1      1689
   33    1    3   11    1   21    1    1    1      1078
   33    1    3   12    1   26    2    1    0      6348
   33    1    3   13    1    7    2    2    1      2311
   33    1    3   14    1   25    2    1    0      2348
   33    1    4    1    1    3    2    2    1      2280
   33    1    4    2    1   22    1    1    1      2653
   33    1    4    3    1   15    2    2    1      1764
   33    1    4    4    1    2    1    1    1      2398
   33    1    4    5    1   31    2    2    1      1342
   33    1    4    6    1   21    1    1    1      4857
   33    1    4    7    1   28    2    2    1      1320
   33    1    4    8    1   25    2    1    0      7396
   33    1    4    9    1    9    1    2    0      1333
   33    1    4   10    1    7    2    2    1      2216
   33    1    4   11    1   12    2    2    1      1120
   33    1    4   12    1   26    2    2    1      1620
   33    1    4   13    1    6    1    1    1      1556
   33    1    4   14    1   19    1    2    0      3415
   33    1    5    1    1   28    2    2    1      1485
   33    1    5    2    1    9    1    2    0      9027
   33    1    5    3    1   26    2    2    1      1411
   33    1    5    4    1    2    1    1    1      1787
   33    1    5    5    1   22    1    1    1      1605
   33    1    5    6    1    3    2    1    0      2485
   33    1    5    7    1    6    1    1    1      1802
   33    1    5    8    1   25    2    1    0      5907
   33    1    5    9    1   21    1    1    1      2176
   33    1    5   10    1    7    2    2    1       986
   33    1    5   11    1   31    2    2    1      1219
   33    1    5   12    1   15    2    2    1       819
   33    1    5   13    1   19    1    2    0      3363
   33    1    5   14    1   12    2    2    1      1653
   33    1    6    1    1   26    2    2    1      2612
   33    1    6    2    1   31    2    2    1       940
   33    1    6    3    1   21    1    1    1      1288
   33    1    6    4    1    3    2    2    1      9813
   33    1    6    5    1    6    1    1    1      1725
   33    1    6    6    1   25    2    1    0      1113
   33    1    6    7    1   19    1    2    0      2197
   33    1    6    8    1    9    1    2    0      2582
   33    1    6    9    1    2    1    1    1      1335
   33    1    6   10    1   28    2    2    1      2754
   33    1    6   11    1    7    2    2    1      1333
   33    1    6   12    1   12    2    2    1       736
   33    1    6   13    1   15    2    2    1       899
   33    1    6   14    1   22    1    1    1      1488
   33    1    7    1    1    7    2    2    1      1753
   33    1    7    2    1   12    2    2    1       819
   33    1    7    3    1   25    2    1    0      3411
   33    1    7    4    1   21    1    1    1      1108
   33    1    7    5    1   28    2    2    1       969
   33    1    7    6    1   31    2    2    1       979
   33    1    7    7    1    3    2    1    0      5341
   33    1    7    8    1    2    1    1    1      1200
   33    1    7    9    1    6    1    1    1      1473
   33    1    7   10    1   19    1    2    0      2391
   33    1    7   11    1   15    2    2    1      3072
   33    1    7   12    1   22    1    1    1      1334
   33    1    7   13    1    9    1    2    0      6081
   33    1    7   14    1   26    2    1    0      3190
   33    1    8    1    1   21    1    1    1      2182
   33    1    8    2    1   25    2    1    0      2639
   33    1    8    3    1   12    2    2    1       927
   33    1    8    4    1   15    2    2    1       666
   33    1    8    5    1   31    2    2    1      1072
   33    1    8    6    1   22    1    1    1      2422
   33    1    8    7    1    2    1    1    1      1127
   33    1    8    8    1    6    1    1    1      1434
   33    1    8    9    1    7    2    2    1      4050
   33    1    8   10    1   28    2    2    1       864
   33    1    8   11    1   19    1    1    1      4286
   33    1    8   12    1    9    1    2    0      4436
   33    1    8   13    1   26    2    2    1      1435
   33    1    8   14    1    3    2    1    0      2482
   33    1    9    1    1   25    2    2    1      5623
   33    1    9    2    1    9    1    1    1      3159
   33    1    9    3    1   19    1    2    0      6025
   33    1    9    4    1   21    1    1    1      1458
   33    1    9    5    1    7    2    2    1      1336
   33    1    9    6    1   28    2    2    1       739
   33    1    9    7    1    6    1    1    1      2023
   33    1    9    8    1   15    2    2    1       887
   33    1    9    9    1   12    2    2    1      1252
   33    1    9   10    1    2    1    1    1      1059
   33    1    9   11    1   22    1    1    1      1449
   33    1    9   12    1    3    2    1    0      3712
   33    1    9   13    1   26    2    2    1      4741
   33    1    9   14    1   31    2    2    1       920
   33    1   10    1    1    6    1    1    1      1636
   33    1   10    2    1    9    1    2    0      4308
   33    1   10    3    1   19    1    2    0      1793
   33    1   10    4    1    7    2    2    1       882
   33    1   10    5    1   15    2    2    1       623
   33    1   10    6    1   28    2    2    1      1127
   33    1   10    7    1    2    1    1    1      1675
   33    1   10    8    1   22    1    1    1      1513
   33    1   10    9    1    3    2    2    1      5197
   33    1   10   10    1   12    2    2    1       846
   33    1   10   11    1   21    1    1    1      2013
   33    1   10   12    1   25    2    2    1      4109
   33    1   10   13    1   31    2    2    1       634
   33    1   10   14    1   26    2    2    1      5009
   33    2    1    1    2   27    0    2    9      2100
   33    2    1    2    2   16    0    2    9      1280
   33    2    1    3    1    3    2    2    1      4685
   33    2    1    4    2   17    0    1    9      1602
   33    2    1    5    2   18    0    1    9      1379
   33    2    1    6    1    2    1    1    1      2909
   33    2    1    7    1    9    1    2    0      3850
   33    2    1    8    1    7    2    2    1      5712
   33    2    1    9    2   14    0    2    9      1389
   33    2    1   10    1   25    2    1    0      2390
   33    2    1   11    2   24    0    2    9      1927
   33    2    1   12    1   12    2    2    1      1435
   33    2    1   13    2   11    0    2    9      1059
   33    2    1   14    1   26    2    2    1      7593
   33    2    1   15    2   24    0    2    9      4347
   33    2    1   16    2   30    0    2    9      4877
   33    2    1   17    2   20    0    1    9      3515
   33    2    1   18    2   14    0    1    9      5119
   33    2    1   19    1   15    2    2    1      1859
   33    2    1   20    1    6    1    1    1      1978
   33    2    1   21    2   14    0    2    9      7100
   33    2    1   22    2    5    0    1    9      1825
   33    2    1   23    1   28    2    2    1      1161
   33    2    1   24    1   25    2    2    1      2683
   33    2    1   25    1   31    2    2    1      1456
   33    2    1   26    2    4    0    1    9      2647
   33    2    1   27    2   29    0    2    9      1614
   33    2    1   28    2   13    0    2    9      1438
   33    2    1   29    2   24    0    2    9      4037
   33    2    1   30    1   15    2    2    1      1140
   33    2    1   31    1   21    1    1    1      1336
   33    2    1   32    2   32    0    2    9       867
   33    2    1   33    1   21    1    1    1      1089
   33    2    1   34    1   28    2    2    1      1174
   33    2    1   35    1    3    2    1    0      4696
   33    2    1   36    2   14    0    2    9      2333
   33    2    1   37    1    2    1    1    1      1136
   33    2    1   38    1   22    1    1    1      1588
   33    2    1   39    1   19    1    1    1      6309
   33    2    1   40    2   10    0    2    9      4697
   33    2    1   41    1    7    2    2    1      1390
   33    2    1   42    1    9    1    1    1      2247
   33    2    1   43    1   31    2    2    1      1150
   33    2    1   44    1   26    2    2    1      8801
   33    2    1   45    1   22    1    1    1      1537
   33    2    1   46    2    8    0    2    9      1029
   33    2    1   47    2   23    0    1    9      2893
   33    2    1   48    2    1    0    1    9      1018
   33    2    1   49    1   19    1    2    0      2898
   33    2    1   50    2   24    0    2    9      1919
   33    2    1   51    1   12    2    2    1       979
   33    2    1   52    1    6    1    1    1      1437
   33    2    2    1    2   18    0    1    9      1316
   33    2    2    2    1   19    1    1    1      1888
   33    2    2    3    1   31    2    2    1      1109
   33    2    2    4    1   26    2    2    1      1514
   33    2    2    5    2   29    0    1    9      1598
   33    2    2    6    2   20    0    2    9      1615
   33    2    2    7    2    5    0    1    9      1391
   33    2    2    8    2   14    0    2    9      5224
   33    2    2    9    2   30    0    2    9      2760
   33    2    2   10    1   26    2    2    1      4683
   33    2    2   11    1   28    2    2    1      1520
   33    2    2   12    2   24    0    1    9      1684
   33    2    2   13    1   28    2    2    1      1057
   33    2    2   14    1    2    1    1    1      1128
   33    2    2   15    1   12    2    2    1       988
   33    2    2   16    1    3    2    1    0      1813
   33    2    2   17    1    9    1    1    1      6493
   33    2    2   18    2   10    0    2    9      2682
   33    2    2   19    1   25    2    2    1      5968
   33    2    2   20    2   24    0    1    9      3346
   33    2    2   21    1    6    1    1    1      2429
   33    2    2   22    1   25    2    2    1      5565
   33    2    2   23    2    4    0    1    9      2591
   33    2    2   24    2   24    0    2    9      1656
   33    2    2   25    1   31    2    2    1      1047
   33    2    2   26    1    7    2    2    1      2974
   33    2    2   27    1    7    2    2    1      2728
   33    2    2   28    1   19    1    1    1      3388
   33    2    2   29    1    3    2    2    1       693
   33    2    2   30    2   14    0    2    9      1418
   33    2    2   31    2   16    0    2    9      1522
   33    2    2   32    1    9    1    1    1      9270
   33    2    2   33    1   22    1    1    1      4484
   33    2    2   34    2   14    0    1    9      4978
   33    2    2   35    1    6    1    1    1      1707
   33    2    2   36    1   15    2    2    1      1416
   33    2    2   37    1   21    1    1    1      2976
   33    2    2   38    2   17    0    1    9       986
   33    2    2   39    1    2    1    1    1      2051
   33    2    2   40    2   27    0    2    9      1298
   33    2    2   41    2    1    0    1    9      1279
   33    2    2   42    1   21    1    1    1      1677
   33    2    2   43    1   12    2    2    1       971
   33    2    2   44    2   24    0    1    9      4901
   33    2    2   45    1   22    1    1    1      1089
   33    2    2   46    2   14    0    1    9      2727
   33    2    2   47    2   23    0    1    9      2555
   33    2    2   48    2   32    0    2    9      1093
   33    2    2   49    2    8    0    2    9      3275
   33    2    2   50    1   15    2    2    1      1353
   33    2    2   51    2   11    0    2    9       963
   33    2    2   52    2   13    0    1    9      1949
