   61    1    1    1    1   19    1    1    1      4332
   61    1    1    2    1   12    2    2    1       776
   61    1    1    3    1    9    1    2    0       746
   61    1    1    4    1   15    2    1    0      1781
   61    1    1    5    1   21    1    1    1      1270
   61    1    1    6    1   22    1    2    0      2388
   61    1    1    7    1    3    2    1    0      1582
   61    1    1    8    1   28    2    2    1      2456
   61    1    1    9    1    6    1    1    1       886
   61    1    1   10    1    7    2    1    0       867
   61    1    1   11    1   26    2    1    0       937
   61    1    1   12    1   25    2    1    0       861
   61    1    1   13    1   31    2    2    1       979
   61    1    1   14    1    2    1    1    1       941
   61    1    2    1    1   25    2    1    0      1215
   61    1    2    2    1    7    2    1    0       663
   61    1    2    3    1   26    2    1    0      1429
   61    1    2    4    1   31    2    2    1      2005
   61    1    2    5    1    6    1    1    1       453
   61    1    2    6    1    9    1    1    1       548
   61    1    2    7    1   28    2    2    1       543
   61    1    2    8    1   15    2    1    0       426
   61    1    2    9    1   21    1    2    0       498
   61    1    2   10    1    3    2    1    0      1623
   61    1    2   11    1   12    2    2    1       783
   61    1    2   12    1    2    1    2    0       816
   61    1    2   13    1   19    1    2    0       696
   61    1    2   14    1   22    1    1    1       773
   61    1    3    1    1    3    2    1    0       772
   61    1    3    2    1   26    2    2    1       495
   61    1    3    3    1   22    1    2    0       636
   61    1    3    4    1    2    1    1    1       651
   61    1    3    5    1    9    1    1    1       706
   61    1    3    6    1   19    1    2    0       519
   61    1    3    7    1   25    2    2    1       698
   61    1    3    8    1   31    2    1    0       703
   61    1    3    9    1    7    2    1    0      2268
   61    1    3   10    1    6    1    1    1       474
   61    1    3   11    1   28    2    2    1      1384
   61    1    3   12    1   15    2    2    1      1697
   61    1    3   13    1   12    2    2    1       638
   61    1    3   14    1   21    1    1    1       629
   61    1    4    1    1   31    2    2    1      1276
   61    1    4    2    1    9    1    1    1       730
   61    1    4    3    1   12    2    2    1       718
   61    1    4    4    1   28    2    2    1       610
   61    1    4    5    1    6    1    1    1       714
   61    1    4    6    1    3    2    2    1       494
   61    1    4    7    1   25    2    1    0       508
   61    1    4    8    1   15    2    2    1       864
   61    1    4    9    1    7    2    2    1      1038
   61    1    4   10    1   19    1    2    0       710
   61    1    4   11    1   21    1    2    0      1634
   61    1    4   12    1    2    1    2    0      2954
   61    1    4   13    1   26    2    1    0      1356
   61    1    4   14    1   22    1    1    1      1583
   61    1    5    1    1    9    1    1    1       690
   61    1    5    2    1    7    2    2    1       631
   61    1    5    3    1   26    2    1    0       942
   61    1    5    4    1   12    2    2    1      1057
   61    1    5    5    1   15    2    2    1      1016
   61    1    5    6    1    3    2    2    1       704
   61    1    5    7    1   19    1    1    1      1237
   61    1    5    8    1   31    2    1    0       660
   61    1    5    9    1   28    2    1    0      6499
   61    1    5   10    1    6    1    1    1      3143
   61    1    5   11    1    2    1    1    1      1003
   61    1    5   12    1   21    1    2    0       788
   61    1    5   13    1   25    2    2    1       861
   61    1    5   14    1   22    1    1    1      1467
   61    1    6    1    1    3    2    1    0      1345
   61    1    6    2    1    6    1    2    0       852
   61    1    6    3    1   12    2    2    1      1211
   61    1    6    4    1    7    2    1    0      1003
   61    1    6    5    1    2    1    1    1      1180
   61    1    6    6    1    9    1    2    0      1981
   61    1    6    7    1   22    1    2    0      2710
   61    1    6    8    1   21    1    1    1       947
   61    1    6    9    1   26    2    2    1      3198
   61    1    6   10    1   28    2    2    1      1710
   61    1    6   11    1   31    2    2    1      1195
   61    1    6   12    1   15    2    2    1      1773
   61    1    6   13    1   25    2    1    0      1606
   61    1    6   14    1   19    1    1    1      1151
   61    1    7    1    1    9    1    1    1      2422
   61    1    7    2    1    6    1    1    1      1478
   61    1    7    3    1   28    2    2    1       620
   61    1    7    4    1   22    1    1    1       900
   61    1    7    5    1   19    1    2    0       977
   61    1    7    6    1   21    1    1    1       691
   61    1    7    7    1   31    2    2    1       792
   61    1    7    8    1    3    2    1    0       650
   61    1    7    9    1   12    2    1    0       696
   61    1    7   10    1    2    1    1    1       741
   61    1    7   11    1    7    2    2    1      2408
   61    1    7   12    1   26    2    2    1      3897
   61    1    7   13    1   15    2    2    1      1646
   61    1    7   14    1   25    2    1    0      2269
   61    1    8    1    1   19    1    2    0      3176
   61    1    8    2    1   28    2    2    1      1170
   61    1    8    3    1   22    1    1    1      1508
   61    1    8    4    1   31    2    2    1       761
   61    1    8    5    1    2    1    1    1       891
   61    1    8    6    1    3    2    1    0      1641
   61    1    8    7    1    7    2    2    1      1264
   61    1    8    8    1   21    1    1    1      2238
   61    1    8    9    1   12    2    2    1      1269
   61    1    8   10    1   15    2    2    1      1203
   61    1    8   11    1   25    2    1    0      1988
   61    1    8   12    1   26    2    1    0      1405
   61    1    8   13    1    6    1    1    1      1294
   61    1    8   14    1    9    1    1    1      3307
   61    1    9    1    1   12    2    2    1      1824
   61    1    9    2    1   22    1    1    1      2008
   61    1    9    3    1   19    1    1    1      1849
   61    1    9    4    1   15    2    2    1      1471
   61    1    9    5    1   26    2    2    1      2485
   61    1    9    6    1    7    2    2    1      1763
   61    1    9    7    1   25    2    1    0       893
   61    1    9    8    1   21    1    1    1      2787
   61    1    9    9    1   31    2    2    1      1093
   61    1    9   10    1    3    2    2    1      1963
   61    1    9   11    1    9    1    2    0      1069
   61    1    9   12    1   28    2    2    1       620
   61    1    9   13    1    2    1    1    1       756
   61    1    9   14    1    6    1    1    1      1062
   61    1   10    1    1   25    2    2    1      1512
   61    1   10    2    1   15    2    2    1       573
   61    1   10    3    1   22    1    1    1      2486
   61    1   10    4    1   12    2    2    1      1572
   61    1   10    5    1   26    2    2    1      1862
   61    1   10    6    1    6    1    1    1      1597
   61    1   10    7    1   19    1    2    0      2046
   61    1   10    8    1    3    2    1    0      1157
   61    1   10    9    1    2    1    1    1      1392
   61    1   10   10    1   21    1    1    1      1337
   61    1   10   11    1    7    2    2    1      1732
   61    1   10   12    1    9    1    1    1      3152
   61    1   10   13    1   31    2    2    1      1938
   61    1   10   14    1   28    2    2    1      1493
   61    2    1    1    1   12    2    2    1      3501
   61    2    1    2    2   16    0    2    9      1153
   61    2    1    3    1   31    2    2    1      3635
   61    2    1    4    2   24    0    2    9      3091
   61    2    1    5    1    9    1    1    1      1880
   61    2    1    6    2   29    0    1    9      4221
   61    2    1    7    1   26    2    2    1      9797
   61    2    1    8    2   24    0    2    9      1182
   61    2    1    9    2   10    0    1    9      4911
   61    2    1   10    1    2    1    1    1      5132
   61    2    1   11    2   32    0    2    9      2144
   61    2    1   12    2   13    0    1    9      1499
   61    2    1   13    2    8    0    2    9      1040
   61    2    1   14    1    3    2    1    0       951
   61    2    1   15    2   11    0    2    9      4194
   61    2    1   16    2    1    0    1    9      1691
   61    2    1   17    1   22    1    1    1      3896
   61    2    1   18    1   22    1    1    1       605
   61    2    1   19    2   14    0    2    9      6885
   61    2    1   20    1   26    2    2    1      2563
   61    2    1   21    1   25    2    1    0       781
   61    2    1   22    2   24    0    2    9      3198
   61    2    1   23    1   15    2    1    0      1295
   61    2    1   24    1    7    2    1    0      2620
   61    2    1   25    1   31    2    2    1      2196
   61    2    1   26    1   21    1    1    1      3885
   61    2    1   27    2   20    0    2    9       818
   61    2    1   28    2   18    0    1    9       962
   61    2    1   29    1    7    2    1    0      4541
   61    2    1   30    1   28    2    2    1      2824
   61    2    1   31    2   14    0    1    9      1192
   61    2    1   32    2   23    0    2    9      2457
   61    2    1   33    2    5    0    2    9      2040
   61    2    1   34    1   28    2    2    1      3495
   61    2    1   35    1   15    2    2    1      1613
   61    2    1   36    1    2    1    2    0      6604
   61    2    1   37    2   27    0    2    9       789
   61    2    1   38    2   14    0    1    9       743
   61    2    1   39    1    9    1    2    0      3610
   61    2    1   40    2   30    0    2    9      2331
   61    2    1   41    1    6    1    1    1      1822
   61    2    1   42    2   24    0    2    9      1222
   61    2    1   43    1    3    2    1    0       870
   61    2    1   44    1   19    1    2    0      2532
   61    2    1   45    2    4    0    2    9      6303
   61    2    1   46    1   21    1    1    1       980
   61    2    1   47    2   14    0    1    9      2061
   61    2    1   48    1    6    1    1    1      2268
   61    2    1   49    1   19    1    2    0      1794
   61    2    1   50    1   25    2    2    1       651
   61    2    1   51    1   12    2    2    1      1122
   61    2    1   52    2   17    0    1    9      3206
   61    2    2    1    1   15    2    2    1      1478
   61    2    2    2    2   23    0    1    9      2444
   61    2    2    3    1    3    2    1    0       684
   61    2    2    4    1    6    1    1    1       769
   61    2    2    5    2   18    0    1    9      1603
   61    2    2    6    2   11    0    2    9      3764
   61    2    2    7    1   31    2    2    1      1662
   61    2    2    8    2   20    0    1    9       989
   61    2    2    9    2   14    0    1    9      3110
   61    2    2   10    2   14    0    1    9       731
   61    2    2   11    1    9    1    1    1       686
   61    2    2   12    1   28    2    2    1      1876
   61    2    2   13    2   32    0    2    9       602
   61    2    2   14    1   25    2    2    1       818
   61    2    2   15    2   17    0    1    9       930
   61    2    2   16    2   24    0    1    9      1566
   61    2    2   17    2   14    0    1    9      1632
   61    2    2   18    1    2    1    1    1      1055
   61    2    2   19    1    2    1    1    1       485
   61    2    2   20    1   21    1    1    1      1459
   61    2    2   21    1    7    2    2    1      1625
   61    2    2   22    2   24    0    1    9      1433
   61    2    2   23    2    5    0    1    9      1873
   61    2    2   24    2   24    0    1    9      1415
   61    2    2   25    2    4    0    2    9      1807
   61    2    2   26    1    3    2    2    1       823
   61    2    2   27    2   29    0    1    9      1543
   61    2    2   28    1   12    2    2    1      1915
   61    2    2   29    1   12    2    2    1       703
   61    2    2   30    2    8    0    2    9       547
   61    2    2   31    2   16    0    2    9       558
   61    2    2   32    1   22    1    1    1      5705
   61    2    2   33    1    9    1    1    1      1573
   61    2    2   34    1    7    2    2    1       823
   61    2    2   35    1   19    1    1    1      1527
   61    2    2   36    1   31    2    2    1      2299
   61    2    2   37    1   28    2    2    1       720
   61    2    2   38    2   30    0    2    9       644
   61    2    2   39    1   26    2    2    1       635
   61    2    2   40    1   25    2    2    1       659
   61    2    2   41    1    6    1    1    1      2297
   61    2    2   42    2   27    0    2    9      2590
   61    2    2   43    2   13    0    1    9      1239
   61    2    2   44    2   14    0    1    9       919
   61    2    2   45    1   15    2    2    1      2899
   61    2    2   46    2   10    0    1    9      1135
   61    2    2   47    2    1    0    1    9       595
   61    2    2   48    1   21    1    1    1      1900
   61    2    2   49    1   26    2    2    1       848
   61    2    2   50    2   24    0    2    9      1055
   61    2    2   51    1   22    1    1    1      1014
   61    2    2   52    1   19    1    1    1       846
