   51    1    1    1    1   31    2    1    0      5004
   51    1    1    2    1    2    1    1    1      3343
   51    1    1    3    1   21    1    1    1      1555
   51    1    1    4    1   28    2    2    1      1295
   51    1    1    5    1   25    2    1    0      2405
   51    1    1    6    1   22    1    2    0      3679
   51    1    1    7    1   19    1    2    0      2254
   51    1    1    8    1    9    1    1    1      7341
   51    1    1    9    1   15    2    1    0      6210
   51    1    1   10    1    3    2    2    1      3083
   51    1    1   11    1   12    2    2    1      1729
   51    1    1   12    1    6    1    2    0      2022
   51    1    1   13    1    7    2    1    0      2118
   51    1    1   14    1   26    2    1    0      6035
   51    1    2    1    1   28    2    2    1      2431
   51    1    2    2    1   21    1    2    0      1735
   51    1    2    3    1    6    1    1    1      1986
   51    1    2    4    1   12    2    2    1      2588
   51    1    2    5    1    9    1    1    1      1550
   51    1    2    6    1    3    2    2    1      1985
   51    1    2    7    1    7    2    2    1      1299
   51    1    2    8    1   22    1    1    1      1296
   51    1    2    9    1   25    2    1    0      1430
   51    1    2   10    1   26    2    1    0      1670
   51    1    2   11    1    2    1    1    1      1212
   51    1    2   12    1   15    2    2    1      1469
   51    1    2   13    1   19    1    2    0      1420
   51    1    2   14    1   31    2    2    1       596
   51    1    3    1    1   28    2    2    1      1072
   51    1    3    2    1    3    2    2    1      1054
   51    1    3    3    1   15    2    2    1       789
   51    1    3    4    1   25    2    1    0       583
   51    1    3    5    1   22    1    1    1      5272
   51    1    3    6    1   21    1    1    1      3664
   51    1    3    7    1    2    1    1    1      1382
   51    1    3    8    1   12    2    2    1      3152
   51    1    3    9    1    6    1    1    1      1571
   51    1    3   10    1    9    1    2    0      4126
   51    1    3   11    1   31    2    2    1      1427
   51    1    3   12    1   26    2    1    0      3107
   51    1    3   13    1   19    1    2    0      1944
   51    1    3   14    1    7    2    1    0      2652
   51    1    4    1    1   26    2    2    1      6726
   51    1    4    2    1   25    2    2    1      4499
   51    1    4    3    1   28    2    2    1      3793
   51    1    4    4    1   12    2    2    1      1683
   51    1    4    5    1    2    1    1    1      2897
   51    1    4    6    1   22    1    1    1      1446
   51    1    4    7    1   19    1    1    1      2494
   51    1    4    8    1    9    1    2    0      3820
   51    1    4    9    1   31    2    2    1      1804
   51    1    4   10    1    3    2    1    0      2253
   51    1    4   11    1   21    1    1    1      1829
   51    1    4   12    1   15    2    2    1      1917
   51    1    4   13    1    7    2    1    0      2506
   51    1    4   14    1    6    1    1    1      7183
   51    1    5    1    1   12    2    2    1      2406
   51    1    5    2    1   19    1    2    0      4575
   51    1    5    3    1   15    2    2    1      2834
   51    1    5    4    1   31    2    2    1      1610
   51    1    5    5    1   22    1    1    1      1995
   51    1    5    6    1    7    2    1    0      4437
   51    1    5    7    1    9    1    1    1      7325
   51    1    5    8    1    2    1    1    1      5578
   51    1    5    9    1    6    1    1    1      2125
   51    1    5   10    1   21    1    1    1      1985
   51    1    5   11    1    3    2    1    0      4996
   51    1    5   12    1   28    2    2    1      5478
   51    1    5   13    1   26    2    2    1      4805
   51    1    5   14    1   25    2    1    0      1063
   51    1    6    1    1   28    2    2    1      5140
   51    1    6    2    1   21    1    1    1      2008
   51    1    6    3    1   15    2    2    1      3433
   51    1    6    4    1   12    2    2    1      3850
   51    1    6    5    1    9    1    1    1      3777
   51    1    6    6    1    6    1    1    1      1972
   51    1    6    7    1   31    2    2    1      2126
   51    1    6    8    1   25    2    2    1      3179
   51    1    6    9    1    3    2    1    0      3253
   51    1    6   10    1   22    1    1    1      8621
   51    1    6   11    1   19    1    2    0      2598
   51    1    6   12    1    2    1    1    1      1552
   51    1    6   13    1    7    2    1    0      2931
   51    1    6   14    1   26    2    2    1      3151
   51    1    7    1    1    9    1    1    1      5966
   51    1    7    2    1    2    1    1    1      2026
   51    1    7    3    1    7    2    2    1      2378
   51    1    7    4    1   26    2    1    0      4453
   51    1    7    5    1   25    2    1    0      2484
   51    1    7    6    1   19    1    2    0      4074
   51    1    7    7    1    6    1    1    1      7249
   51    1    7    8    1   28    2    2    1      1689
   51    1    7    9    1   31    2    2    1      1143
   51    1    7   10    1   15    2    2    1      2379
   51    1    7   11    1   22    1    1    1      1494
   51    1    7   12    1   21    1    1    1      1235
   51    1    7   13    1   12    2    2    1      1459
   51    1    7   14    1    3    2    1    0      3034
   51    1    8    1    1   22    1    1    1      4261
   51    1    8    2    1   21    1    1    1      1733
   51    1    8    3    1   12    2    2    1      1538
   51    1    8    4    1    7    2    1    0     17349
   51    1    8    5    1   31    2    2    1      4867
   51    1    8    6    1   26    2    2    1      3850
   51    1    8    7    1   19    1    1    1      3209
   51    1    8    8    1   15    2    2    1      1931
   51    1    8    9    1    3    2    1    0      2702
   51    1    8   10    1   25    2    1    0      2740
   51    1    8   11    1    2    1    1    1      1760
   51    1    8   12    1   28    2    2    1      1091
   51    1    8   13    1    9    1    1    1      1448
   51    1    8   14    1    6    1    1    1      2215
   51    1    9    1    1    7    2    2    1      2219
   51    1    9    2    1   21    1    1    1      1676
   51    1    9    3    1   26    2    2    1      2162
   51    1    9    4    1   22    1    1    1      1501
   51    1    9    5    1   31    2    2    1      1530
   51    1    9    6    1    2    1    1    1      1686
   51    1    9    7    1   12    2    2    1      1644
   51    1    9    8    1   15    2    2    1      1659
   51    1    9    9    1   25    2    2    1      2811
   51    1    9   10    1    3    2    1    0      3116
   51    1    9   11    1    6    1    1    1      2545
   51    1    9   12    1   19    1    1    1      2740
   51    1    9   13    1   28    2    2    1      1768
   51    1    9   14    1    9    1    1    1      2067
   51    1   10    1    1    9    1    1    1      2361
   51    1   10    2    1   12    2    2    1      1469
   51    1   10    3    1   22    1    1    1      1307
   51    1   10    4    1    6    1    1    1      1344
   51    1   10    5    1   28    2    2    1      1460
   51    1   10    6    1   25    2    2    1      2363
   51    1   10    7    1    3    2    1    0      4382
   51    1   10    8    1   21    1    1    1      1784
   51    1   10    9    1    2    1    1    1      1299
   51    1   10   10    1   19    1    2    0      2400
   51    1   10   11    1   15    2    2    1      4961
   51    1   10   12    1   26    2    1    0      6148
   51    1   10   13    1    7    2    2    1      1456
   51    1   10   14    1   31    2    2    1      3671
   51    2    1    1    2    5    0    1    9      3359
   51    2    1    2    2   14    0    1    9      2946
   51    2    1    3    1    2    1    1    1      1542
   51    2    1    4    1   31    2    2    1      1722
   51    2    1    5    2   23    0    1    9      2942
   51    2    1    6    1    2    1    1    1      1066
   51    2    1    7    1   25    2    1    0      1160
   51    2    1    8    1   12    2    2    1       859
   51    2    1    9    2   24    0    2    9       762
   51    2    1   10    1   21    1    1    1      1350
   51    2    1   11    1    9    1    1    1      2985
   51    2    1   12    1   19    1    1    1      2419
   51    2    1   13    2   13    0    1    9      1899
   51    2    1   14    2   16    0    2    9      1576
   51    2    1   15    2   30    0    2    9      2131
   51    2    1   16    2   14    0    2    9      3015
   51    2    1   17    2   29    0    1    9      1559
   51    2    1   18    2   24    0    1    9      1506
   51    2    1   19    2   17    0    1    9       640
   51    2    1   20    1   26    2    2    1       935
   51    2    1   21    2    4    0    2    9       851
   51    2    1   22    1   15    2    1    0       434
   51    2    1   23    1    3    2    1    0      1441
   51    2    1   24    1   25    2    1    0      1553
   51    2    1   25    1   31    2    1    0      1876
   51    2    1   26    1    7    2    2    1      1955
   51    2    1   27    1   26    2    1    0      4837
   51    2    1   28    2    8    0    2    9      2070
   51    2    1   29    1    7    2    2    1      2828
   51    2    1   30    1   21    1    1    1       901
   51    2    1   31    1    3    2    2    1      1466
   51    2    1   32    1   15    2    2    1      1288
   51    2    1   33    2   20    0    1    9      1614
   51    2    1   34    1   28    2    1    0      2358
   51    2    1   35    1   19    1    2    0      2114
   51    2    1   36    2   27    0    2    9      8222
   51    2    1   37    1   22    1    1    1      1655
   51    2    1   38    1    9    1    1    1      1183
   51    2    1   39    2   24    0    2    9      2528
   51    2    1   40    2   11    0    2    9      4173
   51    2    1   41    1   28    2    2    1      5600
   51    2    1   42    2   10    0    1    9      1986
   51    2    1   43    2   18    0    1    9      1531
   51    2    1   44    2    1    0    1    9       959
   51    2    1   45    1   12    2    2    1       778
   51    2    1   46    1    6    1    1    1       917
   51    2    1   47    2   14    0    2    9      2809
   51    2    1   48    1   22    1    1    1      1850
   51    2    1   49    2   32    0    1    9      4641
   51    2    1   50    1    6    1    1    1      2777
   51    2    1   51    2   24    0    2    9      9796
   51    2    1   52    2   14    0    1    9       758
   51    2    2    1    2   14    0    1    9       521
   51    2    2    2    2   20    0    2    9       965
   51    2    2    3    2    8    0    1    9       728
   51    2    2    4    1    3    2    1    0       852
   51    2    2    5    1    6    1    1    1       603
   51    2    2    6    2   24    0    1    9      1652
   51    2    2    7    1    7    2    1    0      1603
   51    2    2    8    1    2    1    1    1       965
   51    2    2    9    1    7    2    2    1      1735
   51    2    2   10    2   16    0    2    9      1324
   51    2    2   11    2   10    0    1    9      1080
   51    2    2   12    2   13    0    1    9       886
   51    2    2   13    2   29    0    1    9      2132
   51    2    2   14    2   30    0    1    9       744
   51    2    2   15    1   15    2    2    1       531
   51    2    2   16    2   17    0    1    9       823
   51    2    2   17    1   28    2    2    1      1183
   51    2    2   18    2    5    0    1    9      2369
   51    2    2   19    1   25    2    1    0      2251
   51    2    2   20    1    3    2    2    1     10970
   51    2    2   21    1   21    1    1    1       838
   51    2    2   22    2   11    0    1    9       734
   51    2    2   23    2   24    0    2    9       418
   51    2    2   24    2   14    0    1    9       874
   51    2    2   25    1   25    2    1    0      2040
   51    2    2   26    2   24    0    2    9      1592
   51    2    2   27    1   19    1    2    0      1082
   51    2    2   28    2   14    0    1    9      1135
   51    2    2   29    1   26    2    1    0      1483
   51    2    2   30    2   27    0    2    9      3505
   51    2    2   31    1    9    1    1    1      4414
   51    2    2   32    1   15    2    2    1       951
   51    2    2   33    1   12    2    2    1       706
   51    2    2   34    1    6    1    1    1      1287
   51    2    2   35    1    9    1    1    1      1701
   51    2    2   36    1   19    1    1    1      1722
   51    2    2   37    1    2    1    1    1      1094
   51    2    2   38    1   22    1    1    1       980
   51    2    2   39    1   28    2    2    1       958
   51    2    2   40    1   12    2    2    1      1185
   51    2    2   41    2   32    0    2    9      1555
   51    2    2   42    1   21    1    1    1       766
   51    2    2   43    1   22    1    1    1       896
   51    2    2   44    1   26    2    1    0      1830
   51    2    2   45    2   18    0    1    9       934
   51    2    2   46    2    4    0    2    9       770
   51    2    2   47    2   23    0    1    9       868
   51    2    2   48    1   31    2    2    1      1171
   51    2    2   49    2   24    0    2    9       901
   51    2    2   50    2    1    0    1    9       722
   51    2    2   51    2   14    0    1    9      1502
   51    2    2   52    1   31    2    1    0       803
