   19    1    1    1    1    7    2    1    0      6932
   19    1    1    2    1    2    1    1    1      2252
   19    1    1    3    1   22    1    1    1      2803
   19    1    1    4    1   12    2    2    1      1940
   19    1    1    5    1    6    1    1    1      1415
   19    1    1    6    1   21    1    1    1      1247
   19    1    1    7    1   31    2    2    1      1294
   19    1    1    8    1    3    2    2    1      1147
   19    1    1    9    1   15    2    2    1      2030
   19    1    1   10    1   28    2    2    1      1197
   19    1    1   11    1   26    2    1    0      1438
   19    1    1   12    1   25    2    1    0      3773
   19    1    1   13    1   19    1    2    0      1183
   19    1    1   14    1    9    1    1    1      1432
   19    1    2    1    1   26    2    1    0      1662
   19    1    2    2    1   22    1    2    0      1796
   19    1    2    3    1   19    1    1    1      2037
   19    1    2    4    1   31    2    2    1      2708
   19    1    2    5    1   21    1    1    1      2025
   19    1    2    6    1   28    2    2    1      1273
   19    1    2    7    1    3    2    2    1      4423
   19    1    2    8    1    7    2    1    0      1735
   19    1    2    9    1   15    2    2    1      1674
   19    1    2   10    1    6    1    1    1       999
   19    1    2   11    1   12    2    2    1       961
   19    1    2   12    1   25    2    1    0       764
   19    1    2   13    1    2    1    2    0      1702
   19    1    2   14    1    9    1    1    1      1867
   19    1    3    1    1   19    1    2    0      1314
   19    1    3    2    1    9    1    1    1      1654
   19    1    3    3    1    2    1    1    1      1605
   19    1    3    4    1    3    2    2    1      1381
   19    1    3    5    1   21    1    2    0      1391
   19    1    3    6    1   26    2    1    0      1456
   19    1    3    7    1   15    2    2    1      1134
   19    1    3    8    1   31    2    2    1      1698
   19    1    3    9    1   25    2    1    0      1614
   19    1    3   10    1   22    1    1    1       999
   19    1    3   11    1   12    2    2    1      1023
   19    1    3   12    1    6    1    1    1      1047
   19    1    3   13    1    7    2    2    1      1646
   19    1    3   14    1   28    2    2    1      1245
   19    1    4    1    1   26    2    1    0      1166
   19    1    4    2    1   25    2    2    1       872
   19    1    4    3    1   12    2    2    1       710
   19    1    4    4    1   21    1    1    1       970
   19    1    4    5    1    9    1    1    1      1124
   19    1    4    6    1    7    2    2    1       761
   19    1    4    7    1   28    2    2    1      1083
   19    1    4    8    1   19    1    2    0       912
   19    1    4    9    1   15    2    2    1      1093
   19    1    4   10    1   31    2    2    1      2074
   19    1    4   11    1    3    2    1    0      1288
   19    1    4   12    1    6    1    1    1      1214
   19    1    4   13    1    2    1    1    1      1630
   19    1    4   14    1   22    1    1    1      1165
   19    1    5    1    1   26    2    1    0      1239
   19    1    5    2    1   21    1    2    0      1327
   19    1    5    3    1   31    2    2    1       724
   19    1    5    4    1    6    1    1    1       872
   19    1    5    5    1   12    2    2    1       630
   19    1    5    6    1    3    2    2    1      2174
   19    1    5    7    1    9    1    1    1      1336
   19    1    5    8    1   22    1    1    1      1475
   19    1    5    9    1   25    2    1    0      2313
   19    1    5   10    1    2    1    1    1      1237
   19    1    5   11    1   28    2    2    1       933
   19    1    5   12    1    7    2    2    1       976
   19    1    5   13    1   15    2    2    1      1450
   19    1    5   14    1   19    1    2    0      1825
   19    1    6    1    1   25    2    1    0      4031
   19    1    6    2    1   15    2    2    1      1782
   19    1    6    3    1    6    1    1    1      1471
   19    1    6    4    1   12    2    2    1      1909
   19    1    6    5    1   21    1    1    1      1482
   19    1    6    6    1   28    2    2    1      1295
   19    1    6    7    1   22    1    1    1      1101
   19    1    6    8    1    9    1    2    0      2721
   19    1    6    9    1   26    2    1    0      2205
   19    1    6   10    1    7    2    2    1      3118
   19    1    6   11    1   19    1    1    1      1954
   19    1    6   12    1   31    2    2    1      1653
   19    1    6   13    1    2    1    1    1      1524
   19    1    6   14    1    3    2    2    1      2504
   19    1    7    1    1   21    1    1    1      1911
   19    1    7    2    1    9    1    2    0      2139
   19    1    7    3    1    2    1    1    1      1390
   19    1    7    4    1   12    2    2    1      1144
   19    1    7    5    1   31    2    2    1      1339
   19    1    7    6    1    7    2    2    1      1830
   19    1    7    7    1   26    2    2    1      1838
   19    1    7    8    1    6    1    1    1      1926
   19    1    7    9    1   25    2    2    1      2282
   19    1    7   10    1   28    2    2    1      1888
   19    1    7   11    1   15    2    2    1      1365
   19    1    7   12    1   22    1    1    1      2559
   19    1    7   13    1    3    2    2    1      2346
   19    1    7   14    1   19    1    2    0      1805
   19    1    8    1    1   26    2    2    1      1882
   19    1    8    2    1   12    2    2    1      1119
   19    1    8    3    1   15    2    2    1       947
   19    1    8    4    1   25    2    2    1      1597
   19    1    8    5    1   22    1    1    1      1342
   19    1    8    6    1    3    2    1    0      2938
   19    1    8    7    1    9    1    2    0      2861
   19    1    8    8    1    7    2    2    1      2244
   19    1    8    9    1   31    2    2    1      1627
   19    1    8   10    1   21    1    1    1      2107
   19    1    8   11    1    6    1    1    1      1480
   19    1    8   12    1   28    2    2    1      1246
   19    1    8   13    1   19    1    2    0      1469
   19    1    8   14    1    2    1    1    1      1627
   19    1    9    1    1   31    2    2    1      1207
   19    1    9    2    1    3    2    1    0      1832
   19    1    9    3    1    9    1    1    1      1959
   19    1    9    4    1   15    2    2    1      1018
   19    1    9    5    1    7    2    2    1      1218
   19    1    9    6    1   28    2    2    1      1042
   19    1    9    7    1   26    2    1    0      1834
   19    1    9    8    1   25    2    2    1      2457
   19    1    9    9    1   19    1    2    0      1849
   19    1    9   10    1    6    1    1    1      2007
   19    1    9   11    1   12    2    2    1      1144
   19    1    9   12    1    2    1    1    1      1707
   19    1    9   13    1   21    1    1    1      1528
   19    1    9   14    1   22    1    1    1      2412
   19    1   10    1    1   26    2    1    0      2338
   19    1   10    2    1   31    2    2    1      1166
   19    1   10    3    1    6    1    1    1      2432
   19    1   10    4    1    7    2    2    1      1264
   19    1   10    5    1   22    1    2    0      2302
   19    1   10    6    1    3    2    2    1      1339
   19    1   10    7    1   19    1    2    0      1702
   19    1   10    8    1   15    2    2    1      1114
   19    1   10    9    1   21    1    1    1      1231
   19    1   10   10    1    9    1    2    0      1342
   19    1   10   11    1   12    2    2    1      2737
   19    1   10   12    1   25    2    1    0      1556
   19    1   10   13    1    2    1    1    1      1775
   19    1   10   14    1   28    2    2    1      1177
   19    2    1    1    2   29    0    1    9      2722
   19    2    1    2    1   31    2    2    1      1270
   19    2    1    3    2    5    0    1    9      1171
   19    2    1    4    2    4    0    2    9      1285
   19    2    1    5    1   26    2    1    0      1987
   19    2    1    6    1    7    2    2    1      1140
   19    2    1    7    2   30    0    2    9      1927
   19    2    1    8    1   31    2    2    1      1211
   19    2    1    9    1   21    1    1    1      1116
   19    2    1   10    1    6    1    1    1      1664
   19    2    1   11    2   24    0    2    9      1102
   19    2    1   12    1   25    2    1    0      1266
   19    2    1   13    2   17    0    1    9      1600
   19    2    1   14    1   15    2    2    1      1185
   19    2    1   15    2   10    0    1    9      1410
   19    2    1   16    2   16    0    2    9      1067
   19    2    1   17    2   32    0    2    9      1376
   19    2    1   18    1   26    2    1    0      1339
   19    2    1   19    1    6    1    1    1      1014
   19    2    1   20    2   14    0    2    9      1358
   19    2    1   21    1   15    2    2    1      1272
   19    2    1   22    2   24    0    2    9      1062
   19    2    1   23    2   27    0    2    9      1181
   19    2    1   24    1    7    2    2    1      1422
   19    2    1   25    2   20    0    2    9      1687
   19    2    1   26    2   24    0    2    9      1044
   19    2    1   27    1   12    2    2    1      1787
   19    2    1   28    2   23    0    2    9      1492
   19    2    1   29    1    3    2    2    1      1033
   19    2    1   30    2   24    0    2    9       978
   19    2    1   31    1   28    2    2    1      1180
   19    2    1   32    2   18    0    1    9      1101
   19    2    1   33    1   19    1    2    0      1922
   19    2    1   34    1   22    1    1    1      1782
   19    2    1   35    1    3    2    2    1      1007
   19    2    1   36    1   28    2    2    1      3176
   19    2    1   37    2   11    0    2    9      1130
   19    2    1   38    1    2    1    1    1      1693
   19    2    1   39    1   21    1    1    1      2379
   19    2    1   40    2   13    0    1    9      1565
   19    2    1   41    2    8    0    2    9      1247
   19    2    1   42    2   14    0    2    9      2174
   19    2    1   43    2    1    0    1    9      1719
   19    2    1   44    1    9    1    1    1      3699
   19    2    1   45    1   12    2    2    1      1984
   19    2    1   46    2   14    0    1    9      1394
   19    2    1   47    1    9    1    1    1      1371
   19    2    1   48    1   22    1    1    1      2998
   19    2    1   49    2   14    0    1    9      2494
   19    2    1   50    1    2    1    1    1      1276
   19    2    1   51    1   25    2    2    1      1530
   19    2    1   52    1   19    1    1    1      3437
   19    2    2    1    1   19    1    1    1      1125
   19    2    2    2    2   13    0    1    9      1529
   19    2    2    3    1   12    2    2    1      2413
   19    2    2    4    1   15    2    2    1      1133
   19    2    2    5    2   29    0    2    9      1744
   19    2    2    6    1   26    2    2    1      1211
   19    2    2    7    1   21    1    1    1      1724
   19    2    2    8    2   32    0    2    9      1176
   19    2    2    9    1    7    2    1    0      1339
   19    2    2   10    2   14    0    1    9      1750
   19    2    2   11    2    4    0    2    9      1025
   19    2    2   12    1    6    1    1    1      1449
   19    2    2   13    2   14    0    1    9      2383
   19    2    2   14    2   16    0    2    9      1057
   19    2    2   15    2   24    0    2    9      2663
   19    2    2   16    2   23    0    2    9      2333
   19    2    2   17    1    9    1    1    1      1617
   19    2    2   18    1   22    1    1    1      2145
   19    2    2   19    1   31    2    2    1      1676
   19    2    2   20    2    8    0    2    9      1690
   19    2    2   21    2   11    0    2    9      1127
   19    2    2   22    1   22    1    1    1      1259
   19    2    2   23    2   14    0    1    9      1242
   19    2    2   24    2   24    0    2    9       953
   19    2    2   25    2   20    0    2    9      1028
   19    2    2   26    1   21    1    1    1      1164
   19    2    2   27    1    2    1    1    1      1342
   19    2    2   28    1   12    2    2    1      1625
   19    2    2   29    1    6    1    1    1      1737
   19    2    2   30    1    2    1    1    1      1700
   19    2    2   31    1   28    2    2    1       913
   19    2    2   32    1   25    2    2    1      1421
   19    2    2   33    2   24    0    2    9      1765
   19    2    2   34    1   26    2    2    1      1135
   19    2    2   35    2   18    0    1    9      2130
   19    2    2   36    2   14    0    1    9      1934
   19    2    2   37    2    1    0    1    9      1393
   19    2    2   38    1   28    2    2    1       890
   19    2    2   39    2   10    0    1    9      1320
   19    2    2   40    2   30    0    2    9      1540
   19    2    2   41    1   15    2    2    1      2007
   19    2    2   42    1    7    2    2    1      1367
   19    2    2   43    2   17    0    1    9      2162
   19    2    2   44    1    9    1    1    1      2236
   19    2    2   45    1   19    1    2    0      1043
   19    2    2   46    2   27    0    2    9      2363
   19    2    2   47    1   25    2    1    0      1997
   19    2    2   48    1    3    2    2    1      2494
   19    2    2   49    1    3    2    2    1      1452
   19    2    2   50    1   31    2    2    1      1107
   19    2    2   51    2   24    0    1    9      2759
   19    2    2   52    2    5    0    1    9      1514
