   13    1    1    1    1    3    2    1    0      6467
   13    1    1    2    1    9    1    2    0      2951
   13    1    1    3    1   28    4    4    1      4419
   13    1    1    4    1   25    3    4    0      1588
   13    1    1    5    1    6    1    1    1      6605
   13    1    1    6    1   12    2    4    0      3503
   13    1    1    7    1   22    3    1    0      1653
   13    1    1    8    1   31    4    3    0      1268
   13    1    1    9    1   23    4    3    0      3898
   13    1    1   10    1    2    1    2    0      6040
   13    1    1   11    1   15    2    2    1      8201
   13    1    1   12    1   19    4    2    0      1731
   13    1    1   13    1   18    3    3    1      1767
   13    1    1   14    1    7    2    2    1      1306
   13    1    2    1    1   31    4    4    1      4808
   13    1    2    2    1   22    3    3    1      1929
   13    1    2    3    1   18    3    3    1       798
   13    1    2    4    1   23    4    4    1      2247
   13    1    2    5    1    3    2    2    1      1598
   13    1    2    6    1   15    2    1    0      4168
   13    1    2    7    1    9    1    1    1      2546
   13    1    2    8    1   28    4    4    1      1270
   13    1    2    9    1    2    1    2    0      1173
   13    1    2   10    1    7    2    2    1      1271
   13    1    2   11    1    6    1    1    1       997
   13    1    2   12    1   19    4    3    0      1895
   13    1    2   13    1   25    3    3    1      3509
   13    1    2   14    1   12    2    2    1      1610
   13    1    3    1    1   22    3    4    0      6299
   13    1    3    2    1   12    2    2    1      1897
   13    1    3    3    1   19    4    3    0      6614
   13    1    3    4    1   23    4    3    0      1792
   13    1    3    5    1    6    1    2    0      3931
   13    1    3    6    1    7    2    2    1       975
   13    1    3    7    1    2    1    1    1       665
   13    1    3    8    1   25    3    4    0      1224
   13    1    3    9    1    9    1    1    1      1288
   13    1    3   10    1   28    4    4    1      2342
   13    1    3   11    1   18    3    3    1      1162
   13    1    3   12    1   31    4    3    0      2893
   13    1    3   13    1   15    2    2    1      1723
   13    1    3   14    1    3    2    2    1      1759
   13    1    4    1    1   12    2    4    0      2492
   13    1    4    2    1   19    4    4    1      4795
   13    1    4    3    1   22    3    3    1      2557
   13    1    4    4    1   15    2    2    1      2512
   13    1    4    5    1   31    4    4    1      1717
   13    1    4    6    1   23    4    4    1      3217
   13    1    4    7    1    3    2    2    1      2154
   13    1    4    8    1    7    2    2    1      1125
   13    1    4    9    1    9    1    1    1       778
   13    1    4   10    1   25    3    3    1      1364
   13    1    4   11    1   28    4    4    1       710
   13    1    4   12    1    2    1    1    1      2531
   13    1    4   13    1    6    1    1    1       759
   13    1    4   14    1   18    3    3    1      1194
   13    1    5    1    1   15    2    2    1      6776
   13    1    5    2    1    9    1    1    1       636
   13    1    5    3    1    3    2    2    1       971
   13    1    5    4    1   12    2    2    1       782
   13    1    5    5    1    7    2    2    1      1103
   13    1    5    6    1   18    3    3    1      1540
   13    1    5    7    1    2    1    1    1      1640
   13    1    5    8    1   28    4    4    1      1000
   13    1    5    9    1   25    3    3    1      2248
   13    1    5   10    1   23    4    4    1       896
   13    1    5   11    1   22    3    3    1      2773
   13    1    5   12    1   19    4    4    1      1600
   13    1    5   13    1   31    4    4    1      3849
   13    1    5   14    1    6    1    1    1      5904
   13    1    6    1    1    2    1    1    1      4863
   13    1    6    2    1    6    1    1    1       886
   13    1    6    3    1   18    3    3    1      1213
   13    1    6    4    1   25    3    3    1      1142
   13    1    6    5    1    3    2    4    0      1217
   13    1    6    6    1    9    1    1    1      4082
   13    1    6    7    1   23    4    4    1      3632
   13    1    6    8    1   22    3    3    1      7632
   13    1    6    9    1   28    4    4    1      1017
   13    1    6   10    1   31    4    4    1      2089
   13    1    6   11    1   15    2    2    1      1303
   13    1    6   12    1   12    2    2    1      1500
   13    1    6   13    1    7    2    2    1       961
   13    1    6   14    1   19    4    4    1      2372
   13    1    7    1    1   19    4    4    1     17607
   13    1    7    2    1   25    3    3    1      1475
   13    1    7    3    1   28    4    4    1       785
   13    1    7    4    1    3    2    2    1       995
   13    1    7    5    1    2    1    1    1      1540
   13    1    7    6    1   12    2    2    1      1480
   13    1    7    7    1   18    3    3    1      1279
   13    1    7    8    1   23    4    4    1      1461
   13    1    7    9    1   31    4    4    1      6164
   13    1    7   10    1    9    1    1    1       935
   13    1    7   11    1    6    1    1    1      1971
   13    1    7   12    1   15    2    2    1      4501
   13    1    7   13    1    7    2    2    1       851
   13    1    7   14    1   22    3    3    1      1114
   13    1    8    1    1   31    4    4    1      8547
   13    1    8    2    1   22    3    3    1      1047
   13    1    8    3    1   12    2    2    1       942
   13    1    8    4    1   23    4    4    1      2314
   13    1    8    5    1    2    1    1    1      4598
   13    1    8    6    1   15    2    2    1      5440
   13    1    8    7    1   18    3    3    1      1088
   13    1    8    8    1    7    2    2    1       822
   13    1    8    9    1   19    4    4    1      1334
   13    1    8   10    1    3    2    2    1      1010
   13    1    8   11    1    9    1    1    1       667
   13    1    8   12    1    6    1    1    1       721
   13    1    8   13    1   28    4    4    1       965
   13    1    8   14    1   25    3    3    1      2288
   13    1    9    1    1   22    3    1    0     11009
   13    1    9    2    1   31    4    4    1     13836
   13    1    9    3    1   28    4    4    1      1037
   13    1    9    4    1    6    1    1    1      2829
   13    1    9    5    1    7    2    2    1       926
   13    1    9    6    1   23    4    4    1      1634
   13    1    9    7    1    2    1    1    1      1370
   13    1    9    8    1    9    1    1    1      1253
   13    1    9    9    1   25    3    3    1      2124
   13    1    9   10    1   12    2    4    0       832
   13    1    9   11    1   15    2    4    0      3776
   13    1    9   12    1    3    2    2    1     13187
   13    1    9   13    1   18    3    3    1      1142
   13    1    9   14    1   19    4    4    1      8658
   13    1   10    1    1   23    4    4    1      5951
   13    1   10    2    1    9    1    1    1      1059
   13    1   10    3    1   15    2    2    1      2746
   13    1   10    4    1   19    4    4    1      1702
   13    1   10    5    1   18    3    3    1      3107
   13    1   10    6    1    2    1    1    1      1600
   13    1   10    7    1   12    2    2    1      4762
   13    1   10    8    1   31    4    4    1      3462
   13    1   10    9    1   25    3    3    1       973
   13    1   10   10    1   22    3    3    1       791
   13    1   10   11    1    3    2    2    1      2881
   13    1   10   12    1    6    1    1    1       815
   13    1   10   13    1   28    4    4    1     16927
   13    1   10   14    1    7    2    2    1      2247
   13    2    1    1    2   20    0    4    9     10145
   13    2    1    2    2   30    0    3    9      5061
   13    2    1    3    1    6    1    1    1      6437
   13    2    1    4    2   13    0    1    9      1213
   13    2    1    5    2   30    0    3    9      2102
   13    2    1    6    1    6    1    1    1      7667
   13    2    1    7    1   19    4    4    1     10930
   13    2    1    8    1   25    3    3    1      8151
   13    2    1    9    2   16    0    2    9      1739
   13    2    1   10    2   17    0    3    9      7063
   13    2    1   11    1   28    4    4    1      3398
   13    2    1   12    1    2    1    1    1      3423
   13    2    1   13    2   11    0    2    9      3792
   13    2    1   14    1    3    2    2    1      7938
   13    2    1   15    1   12    2    2    1      7710
   13    2    1   16    2    8    0    2    9     11237
   13    2    1   17    1   15    2    2    1     12461
   13    2    1   18    2   14    0    1    9      3774
   13    2    1   19    2   14    0    2    9     10529
   13    2    1   20    2    4    0    2    9      9126
   13    2    1   21    2   26    0    3    9      4019
   13    2    1   22    2   29    0    4    9     11868
   13    2    1   23    1   23    4    4    1     22491
   13    2    1   24    2   21    0    3    9      3620
   13    2    1   25    2   30    0    1    9     13981
   13    2    1   26    1    2    1    1    1     11128
   13    2    1   27    2   27    0    1    9     16229
   13    2    1   28    2   14    0    1    9     20256
   13    2    1   29    1    7    2    2    1      6114
   13    2    1   30    1   18    3    3    1      6166
   13    2    1   31    1   12    2    4    0      5049
   13    2    1   32    2   30    0    3    9     12825
   13    2    1   33    2    1    0    1    9      8363
   13    2    1   34    1   15    2    2    1      5190
   13    2    1   35    2   24    0    4    9      7176
   13    2    1   36    1   25    3    3    1      1868
   13    2    1   37    1   18    3    3    1      5394
   13    2    1   38    1   31    4    4    1      4412
   13    2    1   39    1   28    4    4    1      1958
   13    2    1   40    1   19    4    4    1      2953
   13    2    1   41    1   22    3    2    0     12804
   13    2    1   42    1   22    3    3    1      2343
   13    2    1   43    1   23    4    4    1      1875
   13    2    1   44    1   31    4    4    1      4545
   13    2    1   45    2    5    0    1    9      2181
   13    2    1   46    2   14    0    3    9     23095
   13    2    1   47    2   10    0    1    9      1999
   13    2    1   48    1    9    1    1    1      5864
   13    2    1   49    1    7    2    2    1      7176
   13    2    1   50    1    3    2    2    1      2515
   13    2    1   51    2   32    0    4    9      3479
   13    2    1   52    1    9    1    1    1      3646
   13    2    2    1    2   13    0    1    9      2750
   13    2    2    2    1   22    3    3    1      8937
   13    2    2    3    2   30    0    3    9     22245
   13    2    2    4    2    4    0    2    9      4256
   13    2    2    5    1   12    2    2    1     15871
   13    2    2    6    1    9    1    1    1      2711
   13    2    2    7    1   28    4    4    1      4725
   13    2    2    8    2   26    0    3    9      1250
   13    2    2    9    1   18    3    3    1     10585
   13    2    2   10    1   31    4    4    1      3788
   13    2    2   11    2   16    0    2    9      1310
   13    2    2   12    1   15    2    2    1      2707
   13    2    2   13    1   25    3    3    1      2232
   13    2    2   14    1   28    4    4    1      7904
   13    2    2   15    2   14    0    1    9      4078
   13    2    2   16    2    1    0    1    9     17261
   13    2    2   17    1   23    4    4    1      9318
   13    2    2   18    1    2    1    1    1      6739
   13    2    2   19    1    7    2    2    1      2984
   13    2    2   20    1    6    1    2    0      6842
   13    2    2   21    2   14    0    1    9     12930
   13    2    2   22    1   23    4    4    1      6311
   13    2    2   23    1    6    1    1    1      2285
   13    2    2   24    1   19    4    4    1      4883
   13    2    2   25    2   29    0    3    9      3457
   13    2    2   26    2   14    0    1    9     13312
   13    2    2   27    1   22    3    3    1      7918
   13    2    2   28    1   18    3    3    1     12043
   13    2    2   29    2    8    0    2    9     10653
   13    2    2   30    2   30    0    3    9      5509
   13    2    2   31    1   19    4    4    1     12818
   13    2    2   32    2    5    0    1    9      3724
   13    2    2   33    1    3    2    2    1     13033
   13    2    2   34    2   32    0    4    9      2082
   13    2    2   35    1    9    1    1    1      7633
   13    2    2   36    2   17    0    3    9      5417
   13    2    2   37    2   10    0    1    9      5738
   13    2    2   38    2   30    0    3    9     11750
   13    2    2   39    1    2    1    1    1      4331
   13    2    2   40    1   12    2    2    1      2255
   13    2    2   41    1   31    4    4    1      2726
   13    2    2   42    2   21    0    3    9      5851
   13    2    2   43    2   20    0    4    9      3570
   13    2    2   44    2   27    0    4    9      3573
   13    2    2   45    2   24    0    1    9      9008
   13    2    2   46    1    7    2    2    1      5258
   13    2    2   47    2   11    0    2    9      6434
   13    2    2   48    2   14    0    1    9      4850
   13    2    2   49    1    3    2    2    1      2962
   13    2    2   50    2   30    0    4    9     21973
   13    2    2   51    1   15    2    2    1      2794
   13    2    2   52    1   25    3    3    1      4412
