    8    1    1    1    1   19    1    1    1      8168
    8    1    1    2    1   31    2    1    0      2403
    8    1    1    3    1   12    2    2    1      2923
    8    1    1    4    1   22    1    1    1       919
    8    1    1    5    1    3    2    1    0       803
    8    1    1    6    1   28    2    1    0       876
    8    1    1    7    1    2    1    2    0      2498
    8    1    1    8    1   26    2    2    1      1670
    8    1    1    9    1    7    2    1    0      1364
    8    1    1   10    1   25    2    2    1      1014
    8    1    1   11    1    6    1    2    0       958
    8    1    1   12    1    9    1    2    0      1633
    8    1    1   13    1   21    1    1    1      2056
    8    1    1   14    1   15    2    2    1      1463
    8    1    2    1    1   12    2    2    1      2171
    8    1    2    2    1    3    2    2    1      2389
    8    1    2    3    1   15    2    2    1       711
    8    1    2    4    1   19    1    2    0      1451
    8    1    2    5    1   26    2    2    1      2010
    8    1    2    6    1   31    2    2    1      1194
    8    1    2    7    1   25    2    1    0      1628
    8    1    2    8    1    9    1    2    0      2883
    8    1    2    9    1   21    1    1    1      1689
    8    1    2   10    1    2    1    1    1      2198
    8    1    2   11    1    6    1    1    1       975
    8    1    2   12    1   22    1    1    1      1081
    8    1    2   13    1    7    2    2    1      2254
    8    1    2   14    1   28    2    2    1       884
    8    1    3    1    1   26    2    2    1      2405
    8    1    3    2    1    7    2    1    0      3142
    8    1    3    3    1   19    1    1    1      2081
    8    1    3    4    1   15    2    2    1      1038
    8    1    3    5    1   12    2    2    1       837
    8    1    3    6    1    9    1    2    0      1301
    8    1    3    7    1    6    1    1    1      1545
    8    1    3    8    1   22    1    1    1       813
    8    1    3    9    1    2    1    1    1       941
    8    1    3   10    1    3    2    2    1      2008
    8    1    3   11    1   28    2    2    1       713
    8    1    3   12    1   31    2    2    1       813
    8    1    3   13    1   25    2    2    1      1517
    8    1    3   14    1   21    1    1    1      1505
    8    1    4    1    1   12    2    2    1       714
    8    1    4    2    1    9    1    2    0      1438
    8    1    4    3    1    3    2    2    1      1261
    8    1    4    4    1   22    1    1    1      1132
    8    1    4    5    1   25    2    2    1      1087
    8    1    4    6    1   28    2    2    1       789
    8    1    4    7    1   31    2    2    1       710
    8    1    4    8    1    7    2    2    1       827
    8    1    4    9    1   21    1    1    1      1210
    8    1    4   10    1    6    1    1    1      2172
    8    1    4   11    1   15    2    2    1       886
    8    1    4   12    1   19    1    2    0      1586
    8    1    4   13    1    2    1    1    1       845
    8    1    4   14    1   26    2    2    1      1164
    8    1    5    1    1    9    1    2    0      4218
    8    1    5    2    1    7    2    2    1      1498
    8    1    5    3    1   21    1    1    1      1854
    8    1    5    4    1   15    2    2    1       902
    8    1    5    5    1   12    2    2    1       643
    8    1    5    6    1   26    2    2    1      2042
    8    1    5    7    1    6    1    1    1      1625
    8    1    5    8    1   25    2    1    0      1513
    8    1    5    9    1   31    2    2    1       789
    8    1    5   10    1   28    2    2    1       950
    8    1    5   11    1    3    2    2    1      1329
    8    1    5   12    1   22    1    1    1      1805
    8    1    5   13    1   19    1    2    0      2822
    8    1    5   14    1    2    1    1    1      1005
    8    1    6    1    1   28    2    2    1      1366
    8    1    6    2    1   19    1    1    1      1664
    8    1    6    3    1   26    2    2    1      1773
    8    1    6    4    1   15    2    2    1       968
    8    1    6    5    1    2    1    1    1       979
    8    1    6    6    1    6    1    1    1      1149
    8    1    6    7    1    7    2    2    1      3488
    8    1    6    8    1    3    2    1    0      1413
    8    1    6    9    1   31    2    2    1      1013
    8    1    6   10    1   21    1    1    1      1149
    8    1    6   11    1    9    1    1    1      1087
    8    1    6   12    1   25    2    1    0      1397
    8    1    6   13    1   12    2    2    1      1062
    8    1    6   14    1   22    1    1    1      1085
    8    1    7    1    1    2    1    1    1      1846
    8    1    7    2    1   21    1    1    1      1405
    8    1    7    3    1    3    2    1    0      5078
    8    1    7    4    1   31    2    2    1       949
    8    1    7    5    1   22    1    1    1      2464
    8    1    7    6    1   28    2    2    1      3613
    8    1    7    7    1   12    2    2    1      1390
    8    1    7    8    1   15    2    2    1      1208
    8    1    7    9    1    9    1    2    0      4328
    8    1    7   10    1   19    1    1    1      2404
    8    1    7   11    1   26    2    2    1      1717
    8    1    7   12    1   25    2    2    1      3137
    8    1    7   13    1    6    1    1    1      4244
    8    1    7   14    1    7    2    2    1      4508
    8    1    8    1    1    9    1    1    1      1545
    8    1    8    2    1   31    2    2    1      1516
    8    1    8    3    1   21    1    1    1      1168
    8    1    8    4    1   15    2    2    1       850
    8    1    8    5    1   26    2    2    1      3680
    8    1    8    6    1   22    1    1    1      1293
    8    1    8    7    1   12    2    2    1      1050
    8    1    8    8    1    6    1    1    1      1441
    8    1    8    9    1    2    1    1    1      1768
    8    1    8   10    1   28    2    2    1       914
    8    1    8   11    1   25    2    1    0      2670
    8    1    8   12    1   19    1    1    1      2299
    8    1    8   13    1    7    2    2    1      2256
    8    1    8   14    1    3    2    1    0      2071
    8    1    9    1    1    6    1    1    1      1927
    8    1    9    2    1    2    1    1    1       987
    8    1    9    3    1   22    1    1    1      1412
    8    1    9    4    1   21    1    1    1      1021
    8    1    9    5    1    9    1    2    0      1173
    8    1    9    6    1   25    2    2    1      1199
    8    1    9    7    1   26    2    2    1      1696
    8    1    9    8    1    3    2    1    0      1933
    8    1    9    9    1    7    2    2    1      2824
    8    1    9   10    1   15    2    2    1       904
    8    1    9   11    1   19    1    2    0      1685
    8    1    9   12    1   28    2    2    1       842
    8    1    9   13    1   31    2    2    1       681
    8    1    9   14    1   12    2    2    1       926
    8    1   10    1    1   28    2    2    1      1038
    8    1   10    2    1    2    1    1    1      1878
    8    1   10    3    1    6    1    1    1      4508
    8    1   10    4    1    9    1    1    1      1336
    8    1   10    5    1   15    2    2    1      2292
    8    1   10    6    1   31    2    2    1      1129
    8    1   10    7    1    3    2    1    0      2317
    8    1   10    8    1   25    2    2    1      1353
    8    1   10    9    1   19    1    1    1      2243
    8    1   10   10    1   21    1    1    1      1610
    8    1   10   11    1   12    2    2    1      1467
    8    1   10   12    1   22    1    1    1      1697
    8    1   10   13    1    7    2    2    1     15853
    8    1   10   14    1   26    2    2    1      3108
    8    2    1    1    2    4    0    2    9      3548
    8    2    1    2    1    9    1    1    1      3054
    8    2    1    3    2   24    0    1    9      4613
    8    2    1    4    1   26    2    2    1      2125
    8    2    1    5    2   10    0    2    9      2392
    8    2    1    6    1   31    2    2    1      3818
    8    2    1    7    1    7    2    2    1      1410
    8    2    1    8    2   24    0    1    9      3562
    8    2    1    9    1   22    1    1    1      1868
    8    2    1   10    2   27    0    1    9      4578
    8    2    1   11    2   16    0    1    9      4460
    8    2    1   12    2   13    0    2    9      3323
    8    2    1   13    1   28    2    2    1      2071
    8    2    1   14    2   32    0    1    9      1397
    8    2    1   15    1   15    2    2    1      1805
    8    2    1   16    2    8    0    1    9      2374
    8    2    1   17    1   12    2    2    1      2664
    8    2    1   18    1    9    1    1    1      3646
    8    2    1   19    2   29    0    2    9      1949
    8    2    1   20    2   14    0    1    9      2751
    8    2    1   21    1   21    1    2    0      3634
    8    2    1   22    2   18    0    1    9      5185
    8    2    1   23    1   19    1    1    1      3698
    8    2    1   24    2   11    0    1    9      4127
    8    2    1   25    1   15    2    2    1      1547
    8    2    1   26    1    3    2    1    0      1390
    8    2    1   27    2    1    0    1    9      2407
    8    2    1   28    2   14    0    1    9      2807
    8    2    1   29    1   25    2    1    0      1576
    8    2    1   30    1   19    1    1    1      5002
    8    2    1   31    1   25    2    1    0      1523
    8    2    1   32    1    7    2    2    1      5094
    8    2    1   33    1   22    1    1    1      1852
    8    2    1   34    2   17    0    1    9      1346
    8    2    1   35    1    2    1    2    0      1901
    8    2    1   36    1   28    2    2    1      2450
    8    2    1   37    1   31    2    2    1       576
    8    2    1   38    2   30    0    2    9      2314
    8    2    1   39    2   24    0    2    9      3070
    8    2    1   40    1    6    1    1    1      1908
    8    2    1   41    1   26    2    2    1      1848
    8    2    1   42    2    5    0    2    9      2175
    8    2    1   43    2   14    0    1    9      4185
    8    2    1   44    1    2    1    1    1      3602
    8    2    1   45    2   23    0    2    9      2083
    8    2    1   46    2   20    0    2    9      1296
    8    2    1   47    1    6    1    1    1      2365
    8    2    1   48    1   21    1    2    0      1231
    8    2    1   49    2   14    0    2    9       862
    8    2    1   50    1    3    2    2    1      2829
    8    2    1   51    2   24    0    2    9      1261
    8    2    1   52    1   12    2    1    0      1435
    8    2    2    1    2   30    0    2    9       499
    8    2    2    2    1   21    1    1    1      1231
    8    2    2    3    1   28    2    2    1       750
    8    2    2    4    1   31    2    2    1       706
    8    2    2    5    2   24    0    2    9      1078
    8    2    2    6    1    6    1    1    1      1212
    8    2    2    7    2   18    0    1    9       845
    8    2    2    8    1   26    2    2    1      1900
    8    2    2    9    1    7    2    2    1      5185
    8    2    2   10    1    7    2    2    1      1058
    8    2    2   11    2   20    0    2    9      3097
    8    2    2   12    2   16    0    2    9      2637
    8    2    2   13    2   14    0    2    9      1253
    8    2    2   14    2   29    0    2    9      1011
    8    2    2   15    1    9    1    2    0      1308
    8    2    2   16    2   17    0    1    9      1912
    8    2    2   17    1   12    2    2    1      1293
    8    2    2   18    2   24    0    2    9      7658
    8    2    2   19    1   28    2    2    1      1193
    8    2    2   20    2    8    0    2    9      1530
    8    2    2   21    1    2    1    1    1       829
    8    2    2   22    2    4    0    2    9      1261
    8    2    2   23    1    6    1    1    1       795
    8    2    2   24    1    2    1    1    1       477
    8    2    2   25    1   25    2    1    0       635
    8    2    2   26    1   22    1    2    0      1026
    8    2    2   27    1   25    2    2    1       538
    8    2    2   28    2   13    0    2    9       501
    8    2    2   29    2   27    0    2    9       642
    8    2    2   30    2   24    0    1    9       729
    8    2    2   31    2   32    0    2    9       540
    8    2    2   32    2   14    0    2    9       519
    8    2    2   33    2   14    0    2    9       388
    8    2    2   34    2   23    0    1    9       469
    8    2    2   35    1    3    2    1    0       579
    8    2    2   36    1   15    2    2    1      3101
    8    2    2   37    1   19    1    1    1       625
    8    2    2   38    1    3    2    1    0       825
    8    2    2   39    1   21    1    1    1      1449
    8    2    2   40    2    1    0    1    9      1216
    8    2    2   41    1   26    2    2    1       624
    8    2    2   42    2   11    0    2    9       936
    8    2    2   43    1   19    1    1    1       643
    8    2    2   44    2   24    0    2    9      1211
    8    2    2   45    2    5    0    1    9      1275
    8    2    2   46    1   15    2    2    1       969
    8    2    2   47    1   12    2    2    1       611
    8    2    2   48    1    9    1    1    1       668
    8    2    2   49    1   22    1    1    1      1010
    8    2    2   50    1   31    2    2    1       714
    8    2    2   51    2   14    0    2    9      1534
    8    2    2   52    2   10    0    1    9       658
