   57    1    1    1    1   21    1    1    1      6805
   57    1    1    2    1   19    1    2    0      5842
   57    1    1    3    1    6    1    2    0      1690
   57    1    1    4    1    7    2    1    0      1576
   57    1    1    5    1    2    1    1    1      3802
   57    1    1    6    1   31    2    2    1      3212
   57    1    1    7    1   28    2    2    1       830
   57    1    1    8    1   26    2    2    1      1151
   57    1    1    9    1   15    2    2    1       675
   57    1    1   10    1   12    2    2    1       714
   57    1    1   11    1   22    1    1    1      1279
   57    1    1   12    1    3    2    1    0       550
   57    1    1   13    1   25    2    2    1       937
   57    1    1   14    1    9    1    2    0      1182
   57    1    2    1    1   19    1    1    1      1563
   57    1    2    2    1    9    1    2    0      1982
   57    1    2    3    1    6    1    1    1      1969
   57    1    2    4    1   21    1    1    1      1612
   57    1    2    5    1   12    2    2    1       886
   57    1    2    6    1    3    2    2    1      1196
   57    1    2    7    1   22    1    1    1      1071
   57    1    2    8    1   26    2    2    1      1230
   57    1    2    9    1   28    2    2    1      2255
   57    1    2   10    1   15    2    2    1      1654
   57    1    2   11    1    2    1    1    1      1142
   57    1    2   12    1   25    2    1    0       587
   57    1    2   13    1   31    2    2    1      1301
   57    1    2   14    1    7    2    2    1      2635
   57    1    3    1    1   21    1    1    1      6337
   57    1    3    2    1   28    2    2    1       950
   57    1    3    3    1    3    2    2    1      1017
   57    1    3    4    1    2    1    1    1      1978
   57    1    3    5    1   19    1    2    0       861
   57    1    3    6    1   22    1    1    1      1189
   57    1    3    7    1   15    2    2    1       912
   57    1    3    8    1   25    2    1    0       949
   57    1    3    9    1    7    2    2    1      1169
   57    1    3   10    1   26    2    2    1      1268
   57    1    3   11    1    6    1    1    1      1147
   57    1    3   12    1   12    2    2    1       775
   57    1    3   13    1    9    1    2    0      2458
   57    1    3   14    1   31    2    2    1      2394
   57    1    4    1    1   19    1    2    0      2388
   57    1    4    2    1   31    2    2    1      1183
   57    1    4    3    1   15    2    2    1      3001
   57    1    4    4    1    9    1    1    1      1131
   57    1    4    5    1    7    2    2    1       999
   57    1    4    6    1   22    1    1    1      1297
   57    1    4    7    1   28    2    2    1      1303
   57    1    4    8    1   12    2    2    1      1533
   57    1    4    9    1   25    2    2    1     11209
   57    1    4   10    1   26    2    2    1      1164
   57    1    4   11    1    3    2    2    1      4119
   57    1    4   12    1    2    1    1    1      1428
   57    1    4   13    1    6    1    1    1       917
   57    1    4   14    1   21    1    1    1      3658
   57    1    5    1    1   25    2    2    1      3722
   57    1    5    2    1   28    2    2    1      1023
   57    1    5    3    1    3    2    2    1      2512
   57    1    5    4    1    6    1    1    1      1830
   57    1    5    5    1    2    1    1    1      3798
   57    1    5    6    1   31    2    2    1      1008
   57    1    5    7    1    7    2    2    1      2170
   57    1    5    8    1   19    1    1    1      5645
   57    1    5    9    1   15    2    2    1      2630
   57    1    5   10    1   12    2    2    1      1031
   57    1    5   11    1   22    1    1    1      1175
   57    1    5   12    1   26    2    2    1      1202
   57    1    5   13    1   21    1    1    1      3252
   57    1    5   14    1    9    1    1    1      1708
   57    1    6    1    1    7    2    2    1      8487
   57    1    6    2    1   28    2    2    1      2711
   57    1    6    3    1   12    2    2    1      2733
   57    1    6    4    1   22    1    1    1       985
   57    1    6    5    1    2    1    1    1      3124
   57    1    6    6    1    3    2    2    1      1153
   57    1    6    7    1   31    2    2    1      1197
   57    1    6    8    1    6    1    1    1      2239
   57    1    6    9    1   15    2    2    1      1799
   57    1    6   10    1   26    2    2    1      1929
   57    1    6   11    1    9    1    1    1      6086
   57    1    6   12    1   21    1    1    1      2917
   57    1    6   13    1   19    1    1    1      4731
   57    1    6   14    1   25    2    2    1      1127
   57    1    7    1    1    9    1    1    1     11185
   57    1    7    2    1   15    2    2    1       805
   57    1    7    3    1   12    2    2    1      1118
   57    1    7    4    1   28    2    2    1       835
   57    1    7    5    1   26    2    2    1       660
   57    1    7    6    1    6    1    1    1      1875
   57    1    7    7    1    7    2    2    1       626
   57    1    7    8    1   22    1    1    1      1491
   57    1    7    9    1   31    2    2    1       818
   57    1    7   10    1   25    2    2    1       971
   57    1    7   11    1   21    1    1    1      1054
   57    1    7   12    1   19    1    1    1      1581
   57    1    7   13    1    3    2    2    1       688
   57    1    7   14    1    2    1    1    1      1486
   57    2    1    1    1   15    2    2    1      6001
   57    2    1    2    2    5    0    1    9      1083
   57    2    1    3    2    8    0    2    9      1673
   57    2    1    4    1   28    2    2    1      2016
   57    2    1    5    2   17    0    1    9      4529
   57    2    1    6    2   24    0    1    9       870
   57    2    1    7    1   31    2    2    1       733
   57    2    1    8    1   12    2    2    1      1737
   57    2    1    9    1    9    1    1    1      2333
   57    2    1   10    2   14    0    1    9      1506
   57    2    1   11    1   19    1    1    1      1231
   57    2    1   12    2    4    0    2    9      1574
   57    2    1   13    2   13    0    1    9       769
   57    2    1   14    1   25    2    2    1      1755
   57    2    1   15    2   14    0    1    9      1534
   57    2    1   16    2   24    0    1    9      1730
   57    2    1   17    2   10    0    1    9      3886
   57    2    1   18    2   16    0    2    9      3892
   57    2    1   19    1    7    2    2    1      1338
   57    2    1   20    1   26    2    2    1      2709
   57    2    1   21    1   28    2    2    1      1579
   57    2    1   22    2   30    0    2    9       797
   57    2    1   23    1   12    2    2    1      3766
   57    2    1   24    2   14    0    2    9       913
   57    2    1   25    1    7    2    1    0       998
   57    2    1   26    1    2    1    1    1      8895
   57    2    1   27    1    3    2    2    1       814
   57    2    1   28    1   26    2    2    1      1598
   57    2    1   29    1    6    1    1    1      2592
   57    2    1   30    1    6    1    1    1       617
   57    2    1   31    1   25    2    2    1      1042
   57    2    1   32    2   27    0    2    9       609
   57    2    1   33    1   21    1    1    1       842
   57    2    1   34    2   14    0    1    9      1003
   57    2    1   35    2   32    0    2    9       892
   57    2    1   36    1    9    1    1    1      1809
   57    2    1   37    1   19    1    1    1      1370
   57    2    1   38    1   31    2    2    1       981
   57    2    1   39    2   23    0    1    9      2390
   57    2    1   40    1   15    2    2    1      1472
   57    2    1   41    1    2    1    1    1      2527
   57    2    1   42    1   22    1    1    1      1211
   57    2    1   43    2    1    0    1    9       900
   57    2    1   44    2   29    0    2    9       729
   57    2    1   45    1   22    1    1    1      1094
   57    2    1   46    2   24    0    1    9       803
   57    2    1   47    2   11    0    2    9      1796
   57    2    1   48    2   24    0    1    9      2462
   57    2    1   49    2   18    0    1    9      3037
   57    2    1   50    2   20    0    1    9      1717
   57    2    1   51    1    3    2    2    1      1042
   57    2    1   52    1   21    1    1    1      1242
   57    2    2    1    2   24    0    1    9      1522
   57    2    2    2    2   14    0    1    9      1862
   57    2    2    3    1    6    1    1    1      1861
   57    2    2    4    1   28    2    2    1      1484
   57    2    2    5    2   27    0    2    9       562
   57    2    2    6    1   19    1    1    1       822
   57    2    2    7    2    8    0    2    9      1190
   57    2    2    8    2   14    0    1    9      1592
   57    2    2    9    2   10    0    1    9       545
   57    2    2   10    2   29    0    2    9      1069
   57    2    2   11    2   20    0    1    9       980
   57    2    2   12    1   21    1    1    1      1966
   57    2    2   13    1    3    2    2    1      1129
   57    2    2   14    1   26    2    2    1      1357
   57    2    2   15    2    4    0    2    9      7048
   57    2    2   16    2   16    0    2    9      8272
   57    2    2   17    2    1    0    1    9      1287
   57    2    2   18    2   13    0    1    9       661
   57    2    2   19    1    9    1    1    1       540
   57    2    2   20    2   14    0    1    9      1031
   57    2    2   21    1   31    2    2    1      1087
   57    2    2   22    1   31    2    2    1       645
   57    2    2   23    2   24    0    1    9      1101
   57    2    2   24    2   24    0    1    9      1234
   57    2    2   25    1    2    1    1    1      2922
   57    2    2   26    1   22    1    1    1      1134
   57    2    2   27    1    3    2    2    1      1034
   57    2    2   28    1    2    1    1    1      1914
   57    2    2   29    2   18    0    1    9      1910
   57    2    2   30    2    5    0    1    9       868
   57    2    2   31    1    6    1    1    1      1658
   57    2    2   32    1   15    2    2    1      1993
   57    2    2   33    1    7    2    2    1       563
   57    2    2   34    2   32    0    2    9      2805
   57    2    2   35    1    7    2    2    1      2143
   57    2    2   36    2   17    0    1    9      2291
   57    2    2   37    1   28    2    2    1       721
   57    2    2   38    1   26    2    2    1       693
   57    2    2   39    1   15    2    2    1      2130
   57    2    2   40    1   25    2    2    1      2366
   57    2    2   41    1   19    1    2    0      1793
   57    2    2   42    1   22    1    1    1      3451
   57    2    2   43    2   30    0    2    9      1594
   57    2    2   44    1   25    2    2    1      3675
   57    2    2   45    1   12    2    2    1      2466
   57    2    2   46    2   24    0    1    9      1545
   57    2    2   47    1    9    1    1    1      2085
   57    2    2   48    2   14    0    1    9      2282
   57    2    2   49    2   11    0    2    9       768
   57    2    2   50    1   12    2    2    1       754
   57    2    2   51    2   23    0    1    9      1133
   57    2    2   52    1   21    1    1    1      1073
