    2    1    1    1    1    6    1    1    1      2185
    2    1    1    2    1   22    1    1    1      2428
    2    1    1    3    1   19    1    2    0      1820
    2    1    1    4    1    7    2    2    1      2508
    2    1    1    5    1   25    2    1    0      2985
    2    1    1    6    1   26    2    2    1      2538
    2    1    1    7    1    3    2    2    1      4069
    2    1    1    8    1   28    2    2    1      1316
    2    1    1    9    1   15    2    2    1      1232
    2    1    1   10    1    2    1    1    1      1664
    2    1    1   11    1    9    1    2    0      1406
    2    1    1   12    1   31    2    2    1      5214
    2    1    1   13    1   12    2    2    1      1966
    2    1    1   14    1   21    1    1    1      2144
    2    1    2    1    1    6    1    1    1      3143
    2    1    2    2    1   21    1    1    1      1754
    2    1    2    3    1   19    1    1    1      1989
    2    1    2    4    1   31    2    2    1      1494
    2    1    2    5    1   25    2    1    0      2331
    2    1    2    6    1    9    1    2    0      1287
    2    1    2    7    1   22    1    1    1      4300
    2    1    2    8    1   15    2    2    1      1265
    2    1    2    9    1    2    1    1    1      1999
    2    1    2   10    1    7    2    2    1      1951
    2    1    2   11    1   26    2    2    1      2418
    2    1    2   12    1   12    2    2    1      1554
    2    1    2   13    1   28    2    2    1      1749
    2    1    2   14    1    3    2    1    0      4223
    2    1    3    1    1   25    2    1    0      3149
    2    1    3    2    1   21    1    1    1      1447
    2    1    3    3    1   15    2    2    1      1198
    2    1    3    4    1    9    1    1    1      3359
    2    1    3    5    1   26    2    2    1      2025
    2    1    3    6    1   31    2    2    1      1305
    2    1    3    7    1   19    1    2    0      2726
    2    1    3    8    1    7    2    2    1      2306
    2    1    3    9    1    6    1    1    1      7174
    2    1    3   10    1   22    1    2    0      1736
    2    1    3   11    1    3    2    2    1      9819
    2    1    3   12    1   28    2    2    1      1587
    2    1    3   13    1    2    1    1    1      1972
    2    1    3   14    1   12    2    2    1      1398
    2    1    4    1    1    3    2    2    1      2888
    2    1    4    2    1    6    1    1    1      1013
    2    1    4    3    1   19    1    2    0      1485
    2    1    4    4    1    2    1    1    1      1834
    2    1    4    5    1    9    1    2    0      3490
    2    1    4    6    1   26    2    2    1      3327
    2    1    4    7    1   15    2    2    1      1371
    2    1    4    8    1    7    2    2    1      1653
    2    1    4    9    1   28    2    2    1      1156
    2    1    4   10    1   21    1    1    1      1894
    2    1    4   11    1   12    2    2    1      1276
    2    1    4   12    1   25    2    1    0      6698
    2    1    4   13    1   31    2    2    1      1383
    2    1    4   14    1   22    1    1    1      4592
    2    1    5    1    1   26    2    2    1      1478
    2    1    5    2    1   28    2    2    1       988
    2    1    5    3    1    7    2    2    1      2838
    2    1    5    4    1    2    1    1    1      1637
    2    1    5    5    1   19    1    2    0      4420
    2    1    5    6    1   12    2    2    1      1244
    2    1    5    7    1   25    2    2    1      3499
    2    1    5    8    1   31    2    2    1      4592
    2    1    5    9    1   15    2    2    1      1673
    2    1    5   10    1   22    1    1    1      2312
    2    1    5   11    1    3    2    2    1      4028
    2    1    5   12    1    9    1    2    0      2604
    2    1    5   13    1   21    1    1    1      1757
    2    1    5   14    1    6    1    1    1      7527
    2    1    6    1    1    9    1    1    1      3084
    2    1    6    2    1   31    2    2    1      2769
    2    1    6    3    1    2    1    1    1      1379
    2    1    6    4    1   12    2    2    1       941
    2    1    6    5    1    7    2    2    1      1480
    2    1    6    6    1    6    1    2    0      3613
    2    1    6    7    1   21    1    1    1      1461
    2    1    6    8    1   28    2    2    1       908
    2    1    6    9    1   26    2    2    1      1577
    2    1    6   10    1   22    1    1    1      4779
    2    1    6   11    1   25    2    2    1      2941
    2    1    6   12    1   15    2    2    1      1560
    2    1    6   13    1   19    1    2    0      4138
    2    1    6   14    1    3    2    2    1      2574
    2    1    7    1    1   25    2    2    1      2478
    2    1    7    2    1   19    1    1    1      2604
    2    1    7    3    1   15    2    2    1      1173
    2    1    7    4    1    9    1    1    1      2199
    2    1    7    5    1   28    2    2    1      1184
    2    1    7    6    1   12    2    2    1      1425
    2    1    7    7    1    7    2    2    1      1865
    2    1    7    8    1   31    2    2    1      1999
    2    1    7    9    1   26    2    2    1      1425
    2    1    7   10    1    3    2    2    1      2938
    2    1    7   11    1    6    1    2    0      3222
    2    1    7   12    1   22    1    1    1      2862
    2    1    7   13    1   21    1    1    1      3036
    2    1    7   14    1    2    1    1    1      2132
    2    1    8    1    1   26    2    2    1      1312
    2    1    8    2    1    3    2    2    1      3052
    2    1    8    3    1   25    2    2    1      2099
    2    1    8    4    1   31    2    2    1      1104
    2    1    8    5    1    2    1    1    1      2308
    2    1    8    6    1   12    2    2    1      1881
    2    1    8    7    1   22    1    1    1      3678
    2    1    8    8    1   15    2    2    1      1004
    2    1    8    9    1    7    2    2    1      1781
    2    1    8   10    1   19    1    1    1      5934
    2    1    8   11    1   21    1    1    1      1618
    2    1    8   12    1   28    2    2    1       866
    2    1    8   13    1    9    1    2    0      4752
    2    1    8   14    1    6    1    1    1      3947
    2    1    9    1    1   12    2    2    1      1015
    2    1    9    2    1   31    2    2    1      2495
    2    1    9    3    1    6    1    1    1      4556
    2    1    9    4    1    9    1    2    0      3271
    2    1    9    5    1   28    2    2    1      1389
    2    1    9    6    1   25    2    2    1      3526
    2    1    9    7    1   21    1    1    1      1882
    2    1    9    8    1    7    2    2    1      1296
    2    1    9    9    1    2    1    1    1      1069
    2    1    9   10    1   19    1    2    0      7188
    2    1    9   11    1   15    2    2    1      6845
    2    1    9   12    1   22    1    1    1      4012
    2    1    9   13    1    3    2    2    1      2781
    2    1    9   14    1   26    2    2    1      1487
    2    1   10    1    1    7    2    2    1       981
    2    1   10    2    1   26    2    2    1      1358
    2    1   10    3    1   12    2    2    1       953
    2    1   10    4    1   25    2    2    1      3955
    2    1   10    5    1    2    1    1    1      1670
    2    1   10    6    1    9    1    1    1      2324
    2    1   10    7    1   15    2    2    1      1176
    2    1   10    8    1   21    1    1    1      1466
    2    1   10    9    1    6    1    2    0      2960
    2    1   10   10    1   28    2    2    1      5570
    2    1   10   11    1   19    1    1    1      3237
    2    1   10   12    1   31    2    2    1      1317
    2    1   10   13    1    3    2    2    1      3281
    2    1   10   14    1   22    1    1    1      4926
    2    2    1    1    2   14    0    2    9      1950
    2    2    1    2    2    1    0    1    9      1152
    2    2    1    3    1    9    1    1    1      2563
    2    2    1    4    2   10    0    2    9      1533
    2    2    1    5    2   24    0    2    9      1392
    2    2    1    6    1   26    2    2    1      1386
    2    2    1    7    1    7    2    2    1      1460
    2    2    1    8    2   18    0    1    9      1258
    2    2    1    9    2   17    0    1    9       985
    2    2    1   10    2   14    0    2    9      1266
    2    2    1   11    2   24    0    2    9      1200
    2    2    1   12    1   15    2    2    1      1281
    2    2    1   13    2   24    0    2    9      1119
    2    2    1   14    1   12    2    2    1      1603
    2    2    1   15    1   28    2    2    1       996
    2    2    1   16    1    7    2    2    1      2749
    2    2    1   17    1   21    1    2    0      1504
    2    2    1   18    1    2    1    1    1      1877
    2    2    1   19    1   26    2    2    1      1307
    2    2    1   20    1   15    2    2    1      1192
    2    2    1   21    2   30    0    2    9      1354
    2    2    1   22    1    6    1    1    1      3749
    2    2    1   23    1   21    1    1    1      1169
    2    2    1   24    1    3    2    2    1      4643
    2    2    1   25    2   14    0    2    9      2330
    2    2    1   26    2    8    0    2    9      1422
    2    2    1   27    2   16    0    2    9       918
    2    2    1   28    1   25    2    2    1      3249
    2    2    1   29    2   29    0    2    9      1232
    2    2    1   30    2    4    0    2    9      1680
    2    2    1   31    2   24    0    2    9      1133
    2    2    1   32    1   31    2    2    1      1665
    2    2    1   33    1    9    1    1    1      2383
    2    2    1   34    1   19    1    1    1      3601
    2    2    1   35    1   22    1    1    1      2849
    2    2    1   36    2   27    0    2    9      1888
    2    2    1   37    2   20    0    2    9      1558
    2    2    1   38    1   31    2    2    1      1161
    2    2    1   39    2   32    0    2    9       892
    2    2    1   40    1    3    2    2    1      4185
    2    2    1   41    2   23    0    2    9      1235
    2    2    1   42    1    6    1    1    1      3091
    2    2    1   43    1   12    2    2    1       936
    2    2    1   44    1    2    1    1    1      1235
    2    2    1   45    2    5    0    1    9      1523
    2    2    1   46    2   14    0    2    9      1191
    2    2    1   47    2   13    0    2    9      1432
    2    2    1   48    1   19    1    1    1      3200
    2    2    1   49    1   28    2    2    1      1345
    2    2    1   50    1   25    2    2    1      2076
    2    2    1   51    1   22    1    1    1      2299
    2    2    1   52    2   11    0    2    9      1472
    2    2    2    1    2   20    0    2    9      1542
    2    2    2    2    1    2    1    1    1      1417
    2    2    2    3    2   30    0    2    9      1106
    2    2    2    4    1   22    1    1    1      2167
    2    2    2    5    1    6    1    1    1      2817
    2    2    2    6    1   15    2    2    1      1154
    2    2    2    7    2    1    0    1    9       885
    2    2    2    8    1    2    1    1    1      1155
    2    2    2    9    1    7    2    2    1      1334
    2    2    2   10    2   24    0    2    9      1746
    2    2    2   11    1   28    2    2    1      1293
    2    2    2   12    1    9    1    1    1      4363
    2    2    2   13    2   29    0    2    9      1357
    2    2    2   14    1   21    1    1    1      3240
    2    2    2   15    2   17    0    1    9       903
    2    2    2   16    1    7    2    2    1      1140
    2    2    2   17    1   12    2    2    1      1143
    2    2    2   18    2   14    0    2    9      1130
    2    2    2   19    2   10    0    2    9      1182
    2    2    2   20    1   12    2    2    1       991
    2    2    2   21    2   14    0    2    9      1416
    2    2    2   22    1   31    2    2    1      1648
    2    2    2   23    2   18    0    1    9      1695
    2    2    2   24    2   24    0    2    9      1212
    2    2    2   25    1   28    2    2    1      1197
    2    2    2   26    2   16    0    2    9       878
    2    2    2   27    2   27    0    2    9      1356
    2    2    2   28    1   15    2    2    1       999
    2    2    2   29    1   26    2    2    1      1152
    2    2    2   30    2    8    0    2    9      1299
    2    2    2   31    2   14    0    2    9      1152
    2    2    2   32    1    9    1    1    1      3155
    2    2    2   33    2   23    0    2    9      2198
    2    2    2   34    2    5    0    1    9      1246
    2    2    2   35    2   14    0    2    9      1053
    2    2    2   36    1    3    2    2    1      3732
    2    2    2   37    1   19    1    1    1      2272
    2    2    2   38    2   32    0    2    9       998
    2    2    2   39    2   24    0    2    9      1230
    2    2    2   40    1   31    2    2    1      1070
    2    2    2   41    1   22    1    1    1      2420
    2    2    2   42    1    6    1    1    1      2452
    2    2    2   43    1   25    2    2    1      5299
    2    2    2   44    2    4    0    2    9      1615
    2    2    2   45    1   26    2    2    1      1487
    2    2    2   46    2   24    0    2    9      1205
    2    2    2   47    2   13    0    2    9      1317
    2    2    2   48    2   11    0    2    9      1457
    2    2    2   49    1   19    1    1    1      2696
    2    2    2   50    1   25    2    2    1      3389
    2    2    2   51    1    3    2    2    1      2390
    2    2    2   52    1   21    1    1    1      1367
