   45    1    1    1    1    2    1    2    0      4721
   45    1    1    2    1   26    2    2    1      1778
   45    1    1    3    1   15    2    2    1      1813
   45    1    1    4    1   21    1    1    1      1486
   45    1    1    5    1   12    2    2    1      1332
   45    1    1    6    1    3    2    2    1      1495
   45    1    1    7    1   22    1    1    1       693
   45    1    1    8    1    9    1    1    1       835
   45    1    1    9    1   19    1    2    0       866
   45    1    1   10    1   28    2    2    1      1353
   45    1    1   11    1    7    2    2    1      1812
   45    1    1   12    1   31    2    2    1      1141
   45    1    1   13    1   25    2    1    0       561
   45    1    1   14    1    6    1    1    1      1388
   45    1    2    1    1   22    1    1    1      2332
   45    1    2    2    1   12    2    2    1      1383
   45    1    2    3    1   25    2    2    1      2530
   45    1    2    4    1    9    1    1    1      2110
   45    1    2    5    1   26    2    1    0      2395
   45    1    2    6    1   19    1    1    1      1661
   45    1    2    7    1   21    1    1    1      2332
   45    1    2    8    1   31    2    2    1      1248
   45    1    2    9    1    3    2    1    0      1687
   45    1    2   10    1   28    2    2    1      3157
   45    1    2   11    1   15    2    2    1      2488
   45    1    2   12    1    2    1    1    1      1638
   45    1    2   13    1    7    2    1    0      1838
   45    1    2   14    1    6    1    1    1      2237
   45    1    3    1    1   28    2    2    1      1555
   45    1    3    2    1   25    2    1    0      1574
   45    1    3    3    1   15    2    2    1      2009
   45    1    3    4    1   22    1    1    1      1458
   45    1    3    5    1    2    1    1    1      1257
   45    1    3    6    1    6    1    1    1      1336
   45    1    3    7    1   12    2    2    1       908
   45    1    3    8    1   31    2    2    1      1529
   45    1    3    9    1   26    2    2    1      1789
   45    1    3   10    1   21    1    1    1      1383
   45    1    3   11    1    9    1    2    0      2178
   45    1    3   12    1   19    1    1    1      1308
   45    1    3   13    1    3    2    1    0      1017
   45    1    3   14    1    7    2    2    1      1354
   45    1    4    1    1    2    1    1    1      1403
   45    1    4    2    1   12    2    2    1      2068
   45    1    4    3    1    9    1    1    1      1210
   45    1    4    4    1   21    1    1    1       971
   45    1    4    5    1    7    2    2    1      2381
   45    1    4    6    1    3    2    2    1       991
   45    1    4    7    1   26    2    1    0       937
   45    1    4    8    1   19    1    1    1      1221
   45    1    4    9    1   25    2    2    1      2477
   45    1    4   10    1   22    1    1    1      4252
   45    1    4   11    1   28    2    2    1      1132
   45    1    4   12    1    6    1    1    1       864
   45    1    4   13    1   15    2    2    1      1790
   45    1    4   14    1   31    2    2    1      1064
   45    1    5    1    1   28    2    2    1      1958
   45    1    5    2    1   19    1    2    0      4202
   45    1    5    3    1   22    1    1    1      1203
   45    1    5    4    1    3    2    1    0      1844
   45    1    5    5    1    2    1    2    0      3436
   45    1    5    6    1    9    1    2    0      1156
   45    1    5    7    1   15    2    2    1      1344
   45    1    5    8    1   26    2    2    1      1771
   45    1    5    9    1   25    2    1    0      1766
   45    1    5   10    1   21    1    2    0       760
   45    1    5   11    1    6    1    1    1      1203
   45    1    5   12    1   31    2    2    1      1124
   45    1    5   13    1   12    2    2    1       962
   45    1    5   14    1    7    2    2    1      1636
   45    1    6    1    1   22    1    1    1      2389
   45    1    6    2    1   26    2    2    1      2183
   45    1    6    3    1    9    1    1    1      3017
   45    1    6    4    1    3    2    1    0      3642
   45    1    6    5    1   28    2    2    1       994
   45    1    6    6    1    6    1    1    1      2475
   45    1    6    7    1    7    2    2    1      2450
   45    1    6    8    1   15    2    2    1       985
   45    1    6    9    1   21    1    1    1      1267
   45    1    6   10    1   12    2    2    1      1265
   45    1    6   11    1   31    2    2    1       704
   45    1    6   12    1   25    2    2    1      1461
   45    1    6   13    1   19    1    1    1      2044
   45    1    6   14    1    2    1    1    1      1075
   45    1    7    1    1    2    1    1    1       900
   45    1    7    2    1   21    1    1    1      1226
   45    1    7    3    1   12    2    2    1       882
   45    1    7    4    1   25    2    2    1      1439
   45    1    7    5    1   31    2    2    1      1031
   45    1    7    6    1    3    2    1    0      2879
   45    1    7    7    1   22    1    1    1      1254
   45    1    7    8    1   26    2    2    1      1876
   45    1    7    9    1    6    1    1    1      2747
   45    1    7   10    1   28    2    2    1       846
   45    1    7   11    1    9    1    1    1      1294
   45    1    7   12    1    7    2    2    1      2236
   45    1    7   13    1   15    2    2    1       916
   45    1    7   14    1   19    1    2    0      2256
   45    1    8    1    1   25    2    2    1      2078
   45    1    8    2    1    6    1    1    1       924
   45    1    8    3    1    7    2    2    1      2296
   45    1    8    4    1   19    1    1    1      1238
   45    1    8    5    1   31    2    2    1      1229
   45    1    8    6    1    9    1    2    0      1614
   45    1    8    7    1   22    1    1    1      3342
   45    1    8    8    1   26    2    2    1      1402
   45    1    8    9    1   15    2    2    1      1107
   45    1    8   10    1    2    1    1    1      1088
   45    1    8   11    1   12    2    2    1       639
   45    1    8   12    1   21    1    1    1      1262
   45    1    8   13    1   28    2    2    1       845
   45    1    8   14    1    3    2    2    1      3373
   45    1    9    1    1    7    2    2    1      2541
   45    1    9    2    1    2    1    1    1       753
   45    1    9    3    1   25    2    2    1      2612
   45    1    9    4    1    3    2    1    0      3470
   45    1    9    5    1   21    1    1    1      1300
   45    1    9    6    1   31    2    2    1      1001
   45    1    9    7    1    9    1    1    1      2763
   45    1    9    8    1   28    2    2    1       766
   45    1    9    9    1    6    1    1    1      1440
   45    1    9   10    1   15    2    2    1       568
   45    1    9   11    1   19    1    1    1      1891
   45    1    9   12    1   12    2    2    1      1288
   45    1    9   13    1   22    1    1    1      1294
   45    1    9   14    1   26    2    2    1      2412
   45    1   10    1    1   21    1    1    1      1011
   45    1   10    2    1    3    2    1    0      1092
   45    1   10    3    1   22    1    1    1      3082
   45    1   10    4    1    2    1    1    1       736
   45    1   10    5    1   28    2    2    1       971
   45    1   10    6    1   25    2    1    0      3358
   45    1   10    7    1    7    2    2    1      1441
   45    1   10    8    1   12    2    2    1       649
   45    1   10    9    1   26    2    2    1      1312
   45    1   10   10    1   19    1    1    1      1141
   45    1   10   11    1    6    1    1    1      1712
   45    1   10   12    1    9    1    1    1      2510
   45    1   10   13    1   31    2    2    1       795
   45    1   10   14    1   15    2    2    1      1292
   45    2    1    1    1    7    2    2    1      2177
   45    2    1    2    1    2    1    1    1      1458
   45    2    1    3    1   25    2    2    1      1721
   45    2    1    4    1   21    1    1    1      2350
   45    2    1    5    1   15    2    2    1       841
   45    2    1    6    2    4    0    2    9      1649
   45    2    1    7    2    8    0    2    9      1905
   45    2    1    8    2   24    0    2    9       990
   45    2    1    9    1    2    1    1    1      1056
   45    2    1   10    2   11    0    2    9      1055
   45    2    1   11    1    6    1    1    1      2054
   45    2    1   12    1    9    1    1    1      4501
   45    2    1   13    1   21    1    1    1      1354
   45    2    1   14    2   30    0    2    9      1382
   45    2    1   15    1   28    2    2    1      1519
   45    2    1   16    2   32    0    2    9       860
   45    2    1   17    1   12    2    2    1      1203
   45    2    1   18    1    7    2    2    1      1764
   45    2    1   19    1   12    2    2    1       742
   45    2    1   20    1   19    1    2    0      3482
   45    2    1   21    2   23    0    2    9      1368
   45    2    1   22    1   22    1    1    1      1234
   45    2    1   23    1   31    2    2    1       834
   45    2    1   24    2   14    0    2    9       970
   45    2    1   25    2   20    0    2    9      1524
   45    2    1   26    2   24    0    2    9      1144
   45    2    1   27    1    9    1    1    1      2157
   45    2    1   28    2   14    0    2    9      1112
   45    2    1   29    1   15    2    2    1       637
   45    2    1   30    1    3    2    1    0      1116
   45    2    1   31    1   26    2    2    1      2009
   45    2    1   32    1   28    2    2    1       682
   45    2    1   33    2   24    0    2    9      1288
   45    2    1   34    2   27    0    2    9       973
   45    2    1   35    2   18    0    1    9      1335
   45    2    1   36    1    6    1    1    1      1339
   45    2    1   37    2   14    0    2    9      1087
   45    2    1   38    1   26    2    2    1      1677
   45    2    1   39    2    5    0    1    9      1180
   45    2    1   40    2   17    0    1    9       782
   45    2    1   41    2   10    0    2    9      1176
   45    2    1   42    2   24    0    2    9      1722
   45    2    1   43    2   29    0    2    9      1047
   45    2    1   44    1   31    2    2    1      1046
   45    2    1   45    1    3    2    1    0      2022
   45    2    1   46    2   16    0    2    9       998
   45    2    1   47    2    1    0    1    9      1047
   45    2    1   48    1   19    1    2    0      2590
   45    2    1   49    1   22    1    2    0       953
   45    2    1   50    1   25    2    2    1      1836
   45    2    1   51    2   14    0    2    9      1228
   45    2    1   52    2   13    0    2    9      2996
   45    2    2    1    2   24    0    2    9       822
   45    2    2    2    2    1    0    1    9       702
   45    2    2    3    1   12    2    2    1      1155
   45    2    2    4    2   17    0    1    9       686
   45    2    2    5    1   31    2    2    1      1060
   45    2    2    6    2   30    0    2    9      1499
   45    2    2    7    2   16    0    2    9      1000
   45    2    2    8    1   19    1    1    1      1065
   45    2    2    9    2    5    0    1    9       920
   45    2    2   10    2   23    0    2    9      1404
   45    2    2   11    2   18    0    1    9      1557
   45    2    2   12    1    6    1    1    1      2024
   45    2    2   13    1   12    2    2    1       777
   45    2    2   14    2    8    0    2    9      1148
   45    2    2   15    2   13    0    2    9      1559
   45    2    2   16    2   14    0    2    9       819
   45    2    2   17    2   24    0    2    9       563
   45    2    2   18    1   26    2    2    1      1062
   45    2    2   19    1   22    1    2    0       677
   45    2    2   20    1    3    2    1    0      2875
   45    2    2   21    2   20    0    2    9      1170
   45    2    2   22    1    7    2    2    1       836
   45    2    2   23    1   22    1    1    1      1132
   45    2    2   24    1    2    1    1    1       927
   45    2    2   25    2   14    0    2    9       964
   45    2    2   26    1   25    2    1    0      4414
   45    2    2   27    1   21    1    1    1       863
   45    2    2   28    1    9    1    2    0      1510
   45    2    2   29    1   15    2    2    1      1179
   45    2    2   30    2   14    0    2    9       853
   45    2    2   31    1    9    1    2    0      1228
   45    2    2   32    2   32    0    2    9       845
   45    2    2   33    1   26    2    2    1      1052
   45    2    2   34    1   25    2    1    0       459
   45    2    2   35    1    7    2    2    1       754
   45    2    2   36    1   21    1    1    1      1533
   45    2    2   37    2   24    0    2    9      1361
   45    2    2   38    2   14    0    2    9      1020
   45    2    2   39    1   19    1    1    1      1828
   45    2    2   40    1    3    2    1    0      1341
   45    2    2   41    1   15    2    2    1       873
   45    2    2   42    1    2    1    1    1       903
   45    2    2   43    1   28    2    2    1       861
   45    2    2   44    2   11    0    2    9       892
   45    2    2   45    2   24    0    2    9      1090
   45    2    2   46    1   28    2    2    1       679
   45    2    2   47    1   31    2    2    1       646
   45    2    2   48    2   29    0    2    9       813
   45    2    2   49    2    4    0    2    9      1342
   45    2    2   50    1    6    1    1    1      1649
   45    2    2   51    2   10    0    2    9       856
   45    2    2   52    2   27    0    2    9       831
