   10    1    1    1    1    2    1    1    1      6179
   10    1    1    2    1    9    1    2    0      4369
   10    1    1    3    1    6    1    2    0      3227
   10    1    1    4    1   19    4    1    0      1363
   10    1    1    5    1   15    2    4    0      3092
   10    1    1    6    1   22    3    1    0      1425
   10    1    1    7    1   28    4    3    0      4273
   10    1    1    8    1   31    4    3    0      2991
   10    1    1    9    1   25    3    1    0      1440
   10    1    1   10    1    3    2    1    0      2623
   10    1    1   11    1   23    4    3    0      3471
   10    1    1   12    1    7    2    4    0      6029
   10    1    1   13    1   18    3    2    0      1381
   10    1    1   14    1   12    2    3    0      2518
   10    1    2    1    1    2    1    1    1      1336
   10    1    2    2    1   22    3    1    0       707
   10    1    2    3    1    6    1    2    0      1199
   10    1    2    4    1    9    1    1    1       792
   10    1    2    5    1   31    4    4    1      1241
   10    1    2    6    1   28    4    4    1       857
   10    1    2    7    1   12    2    3    0      2199
   10    1    2    8    1    3    2    2    1       936
   10    1    2    9    1   18    3    2    0      1235
   10    1    2   10    1    7    2    3    0      1994
   10    1    2   11    1   25    3    1    0       692
   10    1    2   12    1   19    4    4    1      1409
   10    1    2   13    1   23    4    4    1      2249
   10    1    2   14    1   15    2    2    1      1296
   10    1    3    1    1   18    3    1    0       853
   10    1    3    2    1    9    1    1    1       684
   10    1    3    3    1   31    4    3    0      1953
   10    1    3    4    1    6    1    1    1       796
   10    1    3    5    1   28    4    2    0      1501
   10    1    3    6    1   12    2    4    0      2458
   10    1    3    7    1   22    3    3    1      4352
   10    1    3    8    1   19    4    1    0      1971
   10    1    3    9    1    7    2    4    0      1740
   10    1    3   10    1   25    3    2    0      1329
   10    1    3   11    1   15    2    3    0      3701
   10    1    3   12    1    2    1    2    0      2201
   10    1    3   13    1   23    4    1    0      2793
   10    1    3   14    1    3    2    1    0      5698
   10    1    4    1    1   15    2    4    0      1521
   10    1    4    2    1   22    3    1    0       941
   10    1    4    3    1    6    1    1    1      1137
   10    1    4    4    1    3    2    2    1      1684
   10    1    4    5    1   12    2    3    0      1745
   10    1    4    6    1    2    1    1    1      2180
   10    1    4    7    1   25    3    1    0       702
   10    1    4    8    1   18    3    1    0      1578
   10    1    4    9    1   19    4    3    0      5028
   10    1    4   10    1   31    4    3    0      2884
   10    1    4   11    1    7    2    2    1      2729
   10    1    4   12    1   28    4    3    0      3741
   10    1    4   13    1   23    4    4    1      3888
   10    1    4   14    1    9    1    2    0      1366
   10    1    5    1    1   23    4    2    0      4641
   10    1    5    2    1    2    1    2    0      1824
   10    1    5    3    1   28    4    3    0      1776
   10    1    5    4    1    7    2    2    1      1714
   10    1    5    5    1   18    3    1    0      3310
   10    1    5    6    1   15    2    4    0      2290
   10    1    5    7    1    6    1    1    1      1327
   10    1    5    8    1   25    3    3    1      2908
   10    1    5    9    1    3    2    1    0      2200
   10    1    5   10    1    9    1    1    1      2217
   10    1    5   11    1   31    4    3    0      3057
   10    1    5   12    1   22    3    2    0      2559
   10    1    5   13    1   12    2    4    0      2610
   10    1    5   14    1   19    4    2    0      3250
   10    1    6    1    1   28    4    4    1      2981
   10    1    6    2    1    7    2    3    0      1150
   10    1    6    3    1    2    1    2    0      1082
   10    1    6    4    1    3    2    1    0      1351
   10    1    6    5    1   15    2    2    1      2714
   10    1    6    6    1   31    4    3    0      1934
   10    1    6    7    1    6    1    1    1      2649
   10    1    6    8    1   25    3    2    0      1520
   10    1    6    9    1   12    2    4    0      1644
   10    1    6   10    1   18    3    2    0      2307
   10    1    6   11    1   19    4    4    1      3167
   10    1    6   12    1    9    1    3    0      2449
   10    1    6   13    1   23    4    1    0      2152
   10    1    6   14    1   22    3    4    0      1898
   10    1    7    1    1   28    4    3    0      2930
   10    1    7    2    1   25    3    1    0      2102
   10    1    7    3    1   23    4    2    0      1562
   10    1    7    4    1    6    1    3    0       901
   10    1    7    5    1   22    3    2    0       745
   10    1    7    6    1   12    2    1    0      2100
   10    1    7    7    1    9    1    2    0       521
   10    1    7    8    1   31    4    4    1       925
   10    1    7    9    1    2    1    1    1      1033
   10    1    7   10    1    7    2    3    0       992
   10    1    7   11    1   19    4    3    0      1634
   10    1    7   12    1   18    3    4    0      1513
   10    1    7   13    1    3    2    3    0       965
   10    1    7   14    1   15    2    2    1       823
   10    1    8    1    1   19    4    1    0      1484
   10    1    8    2    1   28    4    3    0       761
   10    1    8    3    1   12    2    4    0       772
   10    1    8    4    1    7    2    2    1       398
   10    1    8    5    1   22    3    1    0       527
   10    1    8    6    1   18    3    3    1       515
   10    1    8    7    1    9    1    2    0       879
   10    1    8    8    1   15    2    4    0       900
   10    1    8    9    1    2    1    4    0      1513
   10    1    8   10    1   23    4    4    1       853
   10    1    8   11    1    6    1    1    1       628
   10    1    8   12    1    3    2    3    0       731
   10    1    8   13    1   25    3    2    0      1591
   10    1    8   14    1   31    4    3    0      4704
   10    1    9    1    1    9    1    1    1      1715
   10    1    9    2    1   19    4    3    0       926
   10    1    9    3    1    2    1    2    0       900
   10    1    9    4    1   15    2    4    0      1432
   10    1    9    5    1   18    3    1    0       600
   10    1    9    6    1    6    1    1    1      3144
   10    1    9    7    1   22    3    3    1      2219
   10    1    9    8    1    3    2    2    1       963
   10    1    9    9    1    7    2    4    0       957
   10    1    9   10    1   25    3    1    0       688
   10    1    9   11    1   12    2    3    0       797
   10    1    9   12    1   28    4    4    1      1094
   10    1    9   13    1   31    4    4    1      1019
   10    1    9   14    1   23    4    1    0       643
   10    1   10    1    1   23    4    3    0      2141
   10    1   10    2    1    6    1    3    0       657
   10    1   10    3    1   25    3    3    1      1759
   10    1   10    4    1   19    4    2    0       490
   10    1   10    5    1   15    2    4    0      1583
   10    1   10    6    1    9    1    1    1      1016
   10    1   10    7    1    2    1    3    0      1569
   10    1   10    8    1   12    2    4    0      1002
   10    1   10    9    1   31    4    1    0       827
   10    1   10   10    1    3    2    2    1      1587
   10    1   10   11    1   18    3    2    0      1892
   10    1   10   12    1    7    2    3    0       993
   10    1   10   13    1   28    4    1    0       931
   10    1   10   14    1   22    3    3    1      2710
   10    2    1    1    2   21    0    1    9      4438
   10    2    1    2    1   12    2    4    0      2965
   10    2    1    3    1   28    4    2    0      2734
   10    2    1    4    1   23    4    3    0      3298
   10    2    1    5    1   15    2    4    0      3357
   10    2    1    6    1    6    1    3    0      3992
   10    2    1    7    1    2    1    1    1      1066
   10    2    1    8    2   32    0    3    9      2432
   10    2    1    9    2   24    0    2    9      1007
   10    2    1   10    2   14    0    1    9      1239
   10    2    1   11    2   20    0    4    9      1862
   10    2    1   12    2    4    0    4    9      1277
   10    2    1   13    2   29    0    2    9      2027
   10    2    1   14    2   17    0    2    9      1083
   10    2    1   15    2   26    0    3    9      1200
   10    2    1   16    1    7    2    4    0      2033
   10    2    1   17    1   18    3    2    0      2032
   10    2    1   18    1    9    1    1    1       944
   10    2    1   19    2   30    0    3    9      1531
   10    2    1   20    2    8    0    4    9      2350
   10    2    1   21    1   18    3    2    0      1121
   10    2    1   22    1    9    1    1    1       853
   10    2    1   23    2   16    0    4    9       899
   10    2    1   24    2   13    0    1    9       640
   10    2    1   25    1   31    4    3    0      1031
   10    2    1   26    1    6    1    2    0      2447
   10    2    1   27    2   11    0    3    9       829
   10    2    1   28    1   22    3    2    0      2157
   10    2    1   29    2   30    0    4    9      2600
   10    2    1   30    2   27    0    3    9      1056
   10    2    1   31    1   25    3    1    0      1303
   10    2    1   32    2   14    0    4    9      2243
   10    2    1   33    1   23    4    2    0      1003
   10    2    1   34    2    5    0    2    9      1875
   10    2    1   35    1   25    3    3    1      1993
   10    2    1   36    1   31    4    4    1      2650
   10    2    1   37    2   14    0    4    9      2369
   10    2    1   38    1   15    2    3    0      1347
   10    2    1   39    1   19    4    2    0      3998
   10    2    1   40    1    7    2    3    0      2318
   10    2    1   41    1    2    1    2    0      2290
   10    2    1   42    1   22    3    2    0      3064
   10    2    1   43    2   30    0    1    9      1597
   10    2    1   44    2   10    0    1    9      1230
   10    2    1   45    1   12    2    4    0      1965
   10    2    1   46    2   14    0    1    9      3855
   10    2    1   47    1    3    2    3    0      1558
   10    2    1   48    2   30    0    2    9      2568
   10    2    1   49    1    3    2    3    0      1026
   10    2    1   50    1   28    4    4    1      1498
   10    2    1   51    2    1    0    1    9       719
   10    2    1   52    1   19    4    3    0      1971
   10    2    2    1    1    2    1    2    0       997
   10    2    2    2    2    4    0    4    9      1645
   10    2    2    3    2    1    0    1    9       653
   10    2    2    4    2   11    0    3    9      2019
   10    2    2    5    2    8    0    4    9       643
   10    2    2    6    1   19    4    3    0       890
   10    2    2    7    2   26    0    2    9      1016
   10    2    2    8    1   23    4    3    0       608
   10    2    2    9    1   31    4    4    1      1784
   10    2    2   10    2   32    0    3    9      1394
   10    2    2   11    1   25    3    1    0       971
   10    2    2   12    1   28    4    4    1      1381
   10    2    2   13    2   30    0    2    9      1294
   10    2    2   14    2   14    0    2    9      2667
   10    2    2   15    1    9    1    1    1       818
   10    2    2   16    1    6    1    2    0       930
   10    2    2   17    1   25    3    1    0      1389
   10    2    2   18    2   14    0    2    9      1222
   10    2    2   19    2   16    0    3    9      1158
   10    2    2   20    2   14    0    1    9      2328
   10    2    2   21    1    7    2    4    0      1644
   10    2    2   22    2   17    0    1    9       604
   10    2    2   23    1   18    3    1    0       852
   10    2    2   24    1    6    1    3    0      1619
   10    2    2   25    1   15    2    3    0      2419
   10    2    2   26    1    3    2    2    1      5043
   10    2    2   27    2   27    0    4    9      2330
   10    2    2   28    1   12    2    4    0       669
   10    2    2   29    1    2    1    4    0      1603
   10    2    2   30    2   10    0    3    9      2132
   10    2    2   31    2   30    0    1    9      1151
   10    2    2   32    2   30    0    1    9      1570
   10    2    2   33    1   12    2    4    0      1076
   10    2    2   34    2   29    0    1    9      1674
   10    2    2   35    1   18    3    4    0      1928
   10    2    2   36    1   23    4    3    0      3323
   10    2    2   37    2   14    0    1    9      2856
   10    2    2   38    1    3    2    3    0      1814
   10    2    2   39    1   28    4    3    0      2030
   10    2    2   40    2   21    0    1    9      1069
   10    2    2   41    1    9    1    1    1      1459
   10    2    2   42    2   20    0    4    9      2618
   10    2    2   43    2    5    0    1    9       674
   10    2    2   44    2   24    0    4    9      1032
   10    2    2   45    1   22    3    2    0      1263
   10    2    2   46    1    7    2    3    0      1069
   10    2    2   47    2   30    0    1    9      1043
   10    2    2   48    2   13    0    1    9       602
   10    2    2   49    1   15    2    3    0      1955
   10    2    2   50    1   31    4    2    0      1558
   10    2    2   51    1   22    3    2    0       808
   10    2    2   52    1   19    4    4    1      1273
