   52    1    1    1    1   15    2    3    0      9353
   52    1    1    2    1    7    2    2    1      4321
   52    1    1    3    1   25    4    1    0      3246
   52    1    1    4    1   12    2    3    0      5141
   52    1    1    5    1    3    2    2    1      1722
   52    1    1    6    1    2    1    2    0      1558
   52    1    1    7    1   31    4    3    0      2538
   52    1    1    8    1   19    3    4    0      2429
   52    1    1    9    1    9    1    1    1      3230
   52    1    1   10    1   26    4    2    0      1254
   52    1    1   11    1   21    3    3    1      3045
   52    1    1   12    1    6    1    2    0      4653
   52    1    1   13    1   28    4    4    1      3261
   52    1    1   14    1   22    3    2    0      2956
   52    1    2    1    1   26    4    2    0      5068
   52    1    2    2    1    3    2    1    0      6891
   52    1    2    3    1   15    2    4    0      6569
   52    1    2    4    1    2    1    1    1     14052
   52    1    2    5    1   28    4    4    1      2485
   52    1    2    6    1   25    4    3    0      2723
   52    1    2    7    1   31    4    4    1      4065
   52    1    2    8    1   19    3    2    0      4751
   52    1    2    9    1   22    3    4    0      1987
   52    1    2   10    1   12    2    1    0      1693
   52    1    2   11    1    9    1    1    1       995
   52    1    2   12    1   21    3    3    1      2100
   52    1    2   13    1    6    1    2    0      1449
   52    1    2   14    1    7    2    4    0      2641
   52    1    3    1    1    9    1    1    1      8197
   52    1    3    2    1   28    4    4    1      4591
   52    1    3    3    1   19    3    3    1      3161
   52    1    3    4    1    6    1    2    0      2653
   52    1    3    5    1   26    4    4    1      1484
   52    1    3    6    1    7    2    2    1      2490
   52    1    3    7    1   21    3    1    0      2816
   52    1    3    8    1   31    4    4    1      1440
   52    1    3    9    1   22    3    3    1      2832
   52    1    3   10    1   25    4    4    1      1624
   52    1    3   11    1    3    2    1    0      3513
   52    1    3   12    1    2    1    2    0       934
   52    1    3   13    1   12    2    1    0      2938
   52    1    3   14    1   15    2    1    0      2006
   52    1    4    1    1   28    4    4    1      4151
   52    1    4    2    1   26    4    1    0      2283
   52    1    4    3    1   22    3    3    1      1169
   52    1    4    4    1   15    2    1    0      4771
   52    1    4    5    1   12    2    2    1      1118
   52    1    4    6    1    9    1    1    1       794
   52    1    4    7    1    6    1    2    0      2652
   52    1    4    8    1    2    1    2    0      1691
   52    1    4    9    1   21    3    3    1      3441
   52    1    4   10    1   25    4    4    1      1545
   52    1    4   11    1   19    3    3    1      1358
   52    1    4   12    1    3    2    1    0      3017
   52    1    4   13    1    7    2    2    1      1073
   52    1    4   14    1   31    4    4    1      3256
   52    1    5    1    1   12    2    1    0      1815
   52    1    5    2    1   19    3    3    1      1431
   52    1    5    3    1   31    4    4    1      1808
   52    1    5    4    1   22    3    3    1      1057
   52    1    5    5    1   26    4    4    1       640
   52    1    5    6    1    7    2    2    1      2615
   52    1    5    7    1   21    3    2    0      3848
   52    1    5    8    1    6    1    2    0      5088
   52    1    5    9    1    3    2    1    0       902
   52    1    5   10    1    2    1    2    0       651
   52    1    5   11    1   28    4    4    1      4434
   52    1    5   12    1   15    2    1    0      1898
   52    1    5   13    1   25    4    4    1      1600
   52    1    5   14    1    9    1    1    1      2801
   52    1    6    1    1    7    2    1    0      4686
   52    1    6    2    1   22    3    4    0      2748
   52    1    6    3    1   19    3    3    1      5631
   52    1    6    4    1    3    2    1    0      5992
   52    1    6    5    1   26    4    4    1      3018
   52    1    6    6    1    2    1    2    0      7699
   52    1    6    7    1   28    4    4    1      2809
   52    1    6    8    1   21    3    2    0      3410
   52    1    6    9    1    9    1    1    1      2563
   52    1    6   10    1   31    4    4    1      1734
   52    1    6   11    1   12    2    2    1      2706
   52    1    6   12    1    6    1    1    1      2303
   52    1    6   13    1   15    2    2    1      3836
   52    1    6   14    1   25    4    4    1      3012
   52    1    7    1    1    3    2    1    0      2497
   52    1    7    2    1    9    1    2    0      2998
   52    1    7    3    1   31    4    4    1      1687
   52    1    7    4    1   15    2    2    1      2021
   52    1    7    5    1    6    1    1    1      8125
   52    1    7    6    1   21    3    3    1      3371
   52    1    7    7    1   22    3    4    0      1870
   52    1    7    8    1   19    3    3    1      1700
   52    1    7    9    1   12    2    2    1      2777
   52    1    7   10    1   28    4    4    1      1844
   52    1    7   11    1   25    4    3    0      8996
   52    1    7   12    1   26    4    4    1      2230
   52    1    7   13    1    2    1    1    1      1470
   52    1    7   14    1    7    2    4    0      2421
   52    1    8    1    1   12    2    2    1      4244
   52    1    8    2    1   15    2    2    1      3300
   52    1    8    3    1    9    1    1    1      1313
   52    1    8    4    1    3    2    2    1      2782
   52    1    8    5    1   19    3    4    0      4904
   52    1    8    6    1   25    4    4    1       709
   52    1    8    7    1   22    3    3    1      1962
   52    1    8    8    1   21    3    3    1      1941
   52    1    8    9    1   26    4    4    1      1425
   52    1    8   10    1    6    1    2    0      2905
   52    1    8   11    1    7    2    2    1      1919
   52    1    8   12    1   28    4    4    1      1403
   52    1    8   13    1   31    4    4    1       796
   52    1    8   14    1    2    1    1    1      4142
   52    1    9    1    1   28    4    4    1      2499
   52    1    9    2    1   12    2    4    0      1000
   52    1    9    3    1    6    1    1    1      2025
   52    1    9    4    1   21    3    3    1      3002
   52    1    9    5    1   15    2    2    1      2603
   52    1    9    6    1    9    1    2    0      1508
   52    1    9    7    1    7    2    2    1      3017
   52    1    9    8    1   25    4    4    1       666
   52    1    9    9    1   26    4    4    1       512
   52    1    9   10    1    2    1    1    1      1605
   52    1    9   11    1   19    3    4    0      1558
   52    1    9   12    1    3    2    2    1      1785
   52    1    9   13    1   22    3    3    1      2899
   52    1    9   14    1   31    4    4    1      1305
   52    1   10    1    1    3    2    2    1      5737
   52    1   10    2    1    7    2    2    1      2070
   52    1   10    3    1    6    1    1    1      2612
   52    1   10    4    1    9    1    2    0      1333
   52    1   10    5    1   25    4    3    0      1513
   52    1   10    6    1   19    3    4    0      1150
   52    1   10    7    1   31    4    4    1      1226
   52    1   10    8    1   26    4    4    1      3946
   52    1   10    9    1   15    2    2    1      1982
   52    1   10   10    1   12    2    2    1       952
   52    1   10   11    1    2    1    1    1      1443
   52    1   10   12    1   21    3    3    1      1595
   52    1   10   13    1   22    3    3    1      1612
   52    1   10   14    1   28    4    4    1       830
   52    2    1    1    2   14    0    1    9      6681
   52    2    1    2    1   26    4    3    0      3488
   52    2    1    3    1   25    4    3    0      7990
   52    2    1    4    1    7    2    2    1      3536
   52    2    1    5    2   23    0    4    9      3972
   52    2    1    6    2   11    0    2    9      2023
   52    2    1    7    1   26    4    4    1      1919
   52    2    1    8    2   24    0    4    9      1460
   52    2    1    9    2   27    0    4    9      1139
   52    2    1   10    1   22    3    3    1      1447
   52    2    1   11    2   32    0    4    9       710
   52    2    1   12    2   20    0    3    9      2059
   52    2    1   13    2   17    0    3    9      1514
   52    2    1   14    1    6    1    1    1      4134
   52    2    1   15    2   29    0    3    9      3522
   52    2    1   16    2   24    0    4    9      2815
   52    2    1   17    2    8    0    2    9      2432
   52    2    1   18    1   28    4    4    1      2423
   52    2    1   19    2   16    0    2    9      7632
   52    2    1   20    1   31    4    4    1      3457
   52    2    1   21    2   30    0    4    9      5512
   52    2    1   22    1    9    1    1    1      1590
   52    2    1   23    1    2    1    2    0      1856
   52    2    1   24    2    4    0    1    9      2479
   52    2    1   25    1   28    4    4    1      2133
   52    2    1   26    2    5    0    1    9      1930
   52    2    1   27    2   10    0    1    9      2062
   52    2    1   28    1   21    3    3    1      2109
   52    2    1   29    1    3    2    3    0      2658
   52    2    1   30    2    1    0    1    9      5953
   52    2    1   31    1   15    2    2    1      1245
   52    2    1   32    1    3    2    1    0      1981
   52    2    1   33    1   22    3    3    1      2862
   52    2    1   34    2   13    0    1    9      1590
   52    2    1   35    1   21    3    3    1      1167
   52    2    1   36    2   14    0    2    9      2018
   52    2    1   37    1   25    4    3    0      1658
   52    2    1   38    2   14    0    1    9      4801
   52    2    1   39    1   19    3    3    1      2403
   52    2    1   40    1   15    2    2    1      1748
   52    2    1   41    1   31    4    4    1      1223
   52    2    1   42    2   24    0    3    9      1832
   52    2    1   43    1    9    1    1    1      2031
   52    2    1   44    2   18    0    3    9      1391
   52    2    1   45    2   14    0    2    9      2065
   52    2    1   46    2   24    0    4    9      1479
   52    2    1   47    1    6    1    1    1      2470
   52    2    1   48    1   19    3    3    1      1436
   52    2    1   49    1    2    1    1    1      1724
   52    2    1   50    1    7    2    2    1      1384
   52    2    1   51    1   12    2    2    1      1586
   52    2    1   52    1   12    2    2    1       956
   52    2    2    1    1    7    2    1    0      1247
   52    2    2    2    1   12    2    2    1      1062
   52    2    2    3    1    9    1    2    0      1773
   52    2    2    4    1    9    1    1    1       551
   52    2    2    5    2   14    0    1    9       842
   52    2    2    6    2   23    0    4    9      4138
   52    2    2    7    1    3    2    1    0      2006
   52    2    2    8    2   14    0    1    9      2511
   52    2    2    9    2   11    0    2    9      1876
   52    2    2   10    1    3    2    1    0      2059
   52    2    2   11    1   15    2    2    1      1778
   52    2    2   12    2    1    0    1    9       780
   52    2    2   13    2   18    0    3    9      1158
   52    2    2   14    2   14    0    2    9      1097
   52    2    2   15    1    6    1    1    1      1270
   52    2    2   16    1   21    3    3    1      1652
   52    2    2   17    1   28    4    4    1       947
   52    2    2   18    1   21    3    3    1      1279
   52    2    2   19    1    2    1    1    1      1293
   52    2    2   20    1    7    2    2    1       859
   52    2    2   21    2   17    0    3    9      1026
   52    2    2   22    2   27    0    4    9       987
   52    2    2   23    1   25    4    3    0      1844
   52    2    2   24    2   24    0    4    9      2260
   52    2    2   25    2    4    0    1    9      2467
   52    2    2   26    2    8    0    2    9      1202
   52    2    2   27    2   24    0    4    9      1067
   52    2    2   28    1   12    2    2    1      1170
   52    2    2   29    2   24    0    4    9      1316
   52    2    2   30    2    5    0    1    9      2024
   52    2    2   31    1    2    1    1    1      1393
   52    2    2   32    1   19    3    4    0      1803
   52    2    2   33    1   22    3    4    0      1196
   52    2    2   34    2   14    0    2    9       982
   52    2    2   35    1   19    3    3    1      2383
   52    2    2   36    2   20    0    4    9       801
   52    2    2   37    1   26    4    4    1       970
   52    2    2   38    1   15    2    2    1       764
   52    2    2   39    2   29    0    4    9      1510
   52    2    2   40    2   16    0    2    9      1692
   52    2    2   41    2   13    0    1    9      1545
   52    2    2   42    2   24    0    4    9      2173
   52    2    2   43    1   28    4    4    1      1064
   52    2    2   44    2   10    0    1    9      2750
   52    2    2   45    1   31    4    4    1      1041
   52    2    2   46    1   26    4    3    0       985
   52    2    2   47    1   22    3    3    1      1035
   52    2    2   48    2   30    0    4    9      3082
   52    2    2   49    1   31    4    4    1       952
   52    2    2   50    1    6    1    1    1       819
   52    2    2   51    1   25    4    3    0      1532
   52    2    2   52    2   32    0    4    9       607
