    5    1    1    1    1   22    3    1    0      4242
    5    1    1    2    1   15    2    1    0      3573
    5    1    1    3    1   25    4    2    0      4783
    5    1    1    4    1   12    2    2    1      2248
    5    1    1    5    1    6    1    1    1      2223
    5    1    1    6    1   28    4    4    1      1383
    5    1    1    7    1   31    4    4    1      4432
    5    1    1    8    1    3    2    2    1      5056
    5    1    1    9    1    9    1    1    1      1782
    5    1    1   10    1    7    2    2    1      2528
    5    1    1   11    1   26    4    3    0      3180
    5    1    1   12    1   19    3    3    1      2341
    5    1    1   13    1   21    3    3    1      2104
    5    1    1   14    1    2    1    1    1      2341
    5    1    2    1    1   15    2    2    1      4930
    5    1    2    2    1   19    3    4    0      2975
    5    1    2    3    1   12    2    2    1      3329
    5    1    2    4    1    9    1    1    1      1965
    5    1    2    5    1   22    3    3    1      2223
    5    1    2    6    1    2    1    1    1      2566
    5    1    2    7    1   26    4    3    0      3490
    5    1    2    8    1   31    4    4    1      1231
    5    1    2    9    1   28    4    4    1      1822
    5    1    2   10    1    7    2    2    1      2422
    5    1    2   11    1    6    1    1    1      1382
    5    1    2   12    1   21    3    3    1      1887
    5    1    2   13    1   25    4    4    1      1173
    5    1    2   14    1    3    2    2    1      3527
    5    1    3    1    1    2    1    1    1      4179
    5    1    3    2    1   12    2    2    1      2269
    5    1    3    3    1   26    4    4    1      1379
    5    1    3    4    1    7    2    2    1      4941
    5    1    3    5    1   28    4    4    1      2217
    5    1    3    6    1   15    2    2    1      2993
    5    1    3    7    1   22    3    3    1      2121
    5    1    3    8    1   21    3    3    1      3478
    5    1    3    9    1   31    4    4    1       925
    5    1    3   10    1   19    3    4    0      2040
    5    1    3   11    1    9    1    2    0      3424
    5    1    3   12    1    6    1    1    1      3935
    5    1    3   13    1    3    2    2    1      1762
    5    1    3   14    1   25    4    4    1      2028
    5    1    4    1    1   31    4    4    1      1882
    5    1    4    2    1   28    4    4    1      1232
    5    1    4    3    1    6    1    1    1      3391
    5    1    4    4    1    7    2    2    1      1944
    5    1    4    5    1   15    2    2    1      1516
    5    1    4    6    1   21    3    3    1      2751
    5    1    4    7    1   25    4    4    1      1538
    5    1    4    8    1    9    1    2    0      1894
    5    1    4    9    1    3    2    1    0      3555
    5    1    4   10    1   26    4    4    1      5294
    5    1    4   11    1   12    2    2    1      2315
    5    1    4   12    1   22    3    3    1      3583
    5    1    4   13    1   19    3    4    0      2048
    5    1    4   14    1    2    1    1    1      2087
    5    1    5    1    1    3    2    1    0      5285
    5    1    5    2    1   22    3    3    1      1962
    5    1    5    3    1   25    4    4    1      2781
    5    1    5    4    1    6    1    1    1      2126
    5    1    5    5    1    9    1    1    1      1786
    5    1    5    6    1   19    3    4    0      9363
    5    1    5    7    1   31    4    2    0      7301
    5    1    5    8    1    7    2    2    1      4122
    5    1    5    9    1    2    1    1    1      4486
    5    1    5   10    1   21    3    3    1      5139
    5    1    5   11    1   28    4    4    1      2614
    5    1    5   12    1   26    4    4    1      3823
    5    1    5   13    1   15    2    2    1      1847
    5    1    5   14    1   12    2    2    1      1405
    5    1    6    1    1   22    3    3    1      3598
    5    1    6    2    1    6    1    1    1      1871
    5    1    6    3    1   12    2    2    1      1301
    5    1    6    4    1    7    2    2    1      1554
    5    1    6    5    1   28    4    4    1      6852
    5    1    6    6    1    2    1    1    1      1779
    5    1    6    7    1   15    2    2    1      3949
    5    1    6    8    1    3    2    1    0      2224
    5    1    6    9    1    9    1    1    1      5456
    5    1    6   10    1   25    4    4    1      4550
    5    1    6   11    1   19    3    3    1      4706
    5    1    6   12    1   31    4    4    1      2006
    5    1    6   13    1   21    3    3    1      2086
    5    1    6   14    1   26    4    4    1      2613
    5    1    7    1    1   26    4    4    1      3148
    5    1    7    2    1    6    1    2    0      3743
    5    1    7    3    1   22    3    3    1      5154
    5    1    7    4    1    2    1    1    1      2613
    5    1    7    5    1   12    2    2    1      1917
    5    1    7    6    1   15    2    2    1      1441
    5    1    7    7    1   19    3    3    1      1992
    5    1    7    8    1   25    4    4    1      2233
    5    1    7    9    1    7    2    2    1      2273
    5    1    7   10    1   31    4    4    1      1735
    5    1    7   11    1   28    4    4    1      1426
    5    1    7   12    1    3    2    1    0      3241
    5    1    7   13    1    9    1    1    1      7442
    5    1    7   14    1   21    3    3    1      2041
    5    1    8    1    1    2    1    1    1      2006
    5    1    8    2    1   15    2    2    1      1254
    5    1    8    3    1    6    1    1    1      2021
    5    1    8    4    1   26    4    4    1      2085
    5    1    8    5    1    3    2    2    1      2130
    5    1    8    6    1    9    1    2    0      2430
    5    1    8    7    1   19    3    3    1      4869
    5    1    8    8    1   31    4    4    1      3251
    5    1    8    9    1    7    2    2    1      3138
    5    1    8   10    1   22    3    3    1      2293
    5    1    8   11    1   28    4    4    1      1146
    5    1    8   12    1   25    4    4    1      3453
    5    1    8   13    1   21    3    3    1      1476
    5    1    8   14    1   12    2    2    1      1690
    5    1    9    1    1   15    2    2    1      3704
    5    1    9    2    1   12    2    2    1      1172
    5    1    9    3    1    9    1    2    0      2358
    5    1    9    4    1   26    4    4    1      2352
    5    1    9    5    1   21    3    3    1      2915
    5    1    9    6    1    7    2    2    1      4479
    5    1    9    7    1   28    4    4    1      1148
    5    1    9    8    1   19    3    4    0      3056
    5    1    9    9    1   22    3    3    1      1855
    5    1    9   10    1    3    2    2    1      1701
    5    1    9   11    1    6    1    1    1      2354
    5    1    9   12    1   31    4    4    1      1221
    5    1    9   13    1    2    1    1    1      2836
    5    1    9   14    1   25    4    3    0      2740
    5    1   10    1    1   28    4    4    1      3276
    5    1   10    2    1   19    3    3    1      7754
    5    1   10    3    1   12    2    2    1      1445
    5    1   10    4    1    2    1    1    1      2636
    5    1   10    5    1   31    4    4    1      1107
    5    1   10    6    1    9    1    2    0      2600
    5    1   10    7    1   15    2    2    1      2696
    5    1   10    8    1   21    3    3    1      2109
    5    1   10    9    1    3    2    2    1      1978
    5    1   10   10    1    7    2    2    1      2492
    5    1   10   11    1   25    4    4    1      2601
    5    1   10   12    1   22    3    3    1      6322
    5    1   10   13    1    6    1    1    1      3318
    5    1   10   14    1   26    4    4    1      2530
    5    2    1    1    1    2    1    1    1      4009
    5    2    1    2    2   14    0    2    9      1336
    5    2    1    3    1   28    4    4    1      5779
    5    2    1    4    2   24    0    4    9      2685
    5    2    1    5    1   12    2    2    1      5202
    5    2    1    6    1    2    1    1    1      1651
    5    2    1    7    2   20    0    4    9      2722
    5    2    1    8    2   23    0    4    9      2885
    5    2    1    9    1    6    1    1    1      3843
    5    2    1   10    2   24    0    4    9      2890
    5    2    1   11    1    6    1    1    1      3624
    5    2    1   12    1    3    2    2    1      2919
    5    2    1   13    1    9    1    2    0      2644
    5    2    1   14    2   10    0    2    9      4939
    5    2    1   15    2   18    0    3    9      7702
    5    2    1   16    1   21    3    3    1      4419
    5    2    1   17    1    3    2    2    1      2531
    5    2    1   18    2   14    0    2    9      1454
    5    2    1   19    2   32    0    4    9      3252
    5    2    1   20    1   26    4    4    1      2131
    5    2    1   21    1   31    4    4    1      2446
    5    2    1   22    2   17    0    3    9      2525
    5    2    1   23    2   30    0    4    9      2746
    5    2    1   24    1    7    2    2    1      2445
    5    2    1   25    1   22    3    3    1      5916
    5    2    1   26    2   14    0    2    9      1248
    5    2    1   27    2   16    0    2    9      1295
    5    2    1   28    1   26    4    4    1      4844
    5    2    1   29    1   12    2    2    1     11084
    5    2    1   30    2   14    0    2    9      2897
    5    2    1   31    2   27    0    4    9      2142
    5    2    1   32    1   15    2    4    0      3769
    5    2    1   33    2    4    0    2    9      3619
    5    2    1   34    1   25    4    4    1      3411
    5    2    1   35    2   11    0    2    9      1212
    5    2    1   36    2   24    0    4    9      1564
    5    2    1   37    1   15    2    2    1      1038
    5    2    1   38    1   25    4    4    1      1462
    5    2    1   39    1   31    4    4    1       812
    5    2    1   40    1   21    3    3    1      1245
    5    2    1   41    2   24    0    4    9      1756
    5    2    1   42    1   19    3    4    0      2119
    5    2    1   43    2   13    0    2    9      2403
    5    2    1   44    2    5    0    1    9      3427
    5    2    1   45    1   19    3    3    1      2491
    5    2    1   46    1    7    2    2    1      1913
    5    2    1   47    2   29    0    4    9      2973
    5    2    1   48    1    9    1    2    0      3191
    5    2    1   49    1   28    4    4    1      6280
    5    2    1   50    2    8    0    2    9      1789
    5    2    1   51    2    1    0    1    9      1719
    5    2    1   52    1   22    3    3    1      2323
    5    2    2    1    2   13    0    2    9      1495
    5    2    2    2    2   32    0    4    9      2092
    5    2    2    3    2   23    0    4    9      3961
    5    2    2    4    2   24    0    4    9      1756
    5    2    2    5    1   12    2    2    1      1430
    5    2    2    6    1   21    3    3    1      3790
    5    2    2    7    2   24    0    4    9      1815
    5    2    2    8    2   10    0    2    9      2335
    5    2    2    9    2    1    0    1    9      1507
    5    2    2   10    1    7    2    2    1      2167
    5    2    2   11    1   25    4    4    1      1761
    5    2    2   12    2   11    0    2    9      1772
    5    2    2   13    1   31    4    4    1      1382
    5    2    2   14    1   28    4    4    1      1071
    5    2    2   15    1    3    2    2    1      3829
    5    2    2   16    1    9    1    1    1      2557
    5    2    2   17    2   24    0    4    9      3816
    5    2    2   18    1    7    2    2    1      5440
    5    2    2   19    1   28    4    4    1      1159
    5    2    2   20    1    9    1    1    1      1914
    5    2    2   21    2   17    0    3    9      1982
    5    2    2   22    1   12    2    2    1      1471
    5    2    2   23    1    2    1    1    1      1285
    5    2    2   24    1   19    3    4    0      2258
    5    2    2   25    1    6    1    1    1      3913
    5    2    2   26    2    5    0    1    9      4653
    5    2    2   27    2    8    0    2    9      1972
    5    2    2   28    2   18    0    3    9      9253
    5    2    2   29    1   26    4    4    1      1620
    5    2    2   30    2   29    0    4    9      1348
    5    2    2   31    1   22    3    3    1      2415
    5    2    2   32    2   16    0    2    9      1375
    5    2    2   33    2   20    0    4    9      1737
    5    2    2   34    2   30    0    4    9      3396
    5    2    2   35    2   14    0    2    9      2093
    5    2    2   36    1   26    4    4    1      3178
    5    2    2   37    1   21    3    3    1      1932
    5    2    2   38    1    2    1    1    1      4143
    5    2    2   39    2   14    0    2    9      7146
    5    2    2   40    1   15    2    2    1      1053
    5    2    2   41    1   22    3    3    1      2212
    5    2    2   42    2   27    0    4    9      2445
    5    2    2   43    1    6    1    1    1      5740
    5    2    2   44    2   14    0    2    9       951
    5    2    2   45    2   24    0    4    9      1682
    5    2    2   46    1   25    4    4    1      1791
    5    2    2   47    1   15    2    2    1      1033
    5    2    2   48    1   31    4    4    1      1808
    5    2    2   49    1   19    3    3    1      3305
    5    2    2   50    1    3    2    2    1      4021
    5    2    2   51    2    4    0    2    9      1301
    5    2    2   52    2   14    0    2    9      1250
