   42    1    1    1    1    9    1    1    1      2777
   42    1    1    2    1    7    2    2    1      1156
   42    1    1    3    1   26    4    3    0      1207
   42    1    1    4    1   25    4    1    0      1521
   42    1    1    5    1    2    1    2    0      1310
   42    1    1    6    1   19    3    4    0      1828
   42    1    1    7    1   21    3    1    0      1397
   42    1    1    8    1   31    4    2    0      1607
   42    1    1    9    1    3    2    2    1      7161
   42    1    1   10    1    6    1    1    1      1269
   42    1    1   11    1   15    2    3    0      1877
   42    1    1   12    1   12    2    4    0       980
   42    1    1   13    1   28    4    2    0      2631
   42    1    1   14    1   22    3    3    1      1016
   42    1    2    1    1   19    3    4    0      1869
   42    1    2    2    1    9    1    1    1       644
   42    1    2    3    1   15    2    2    1       685
   42    1    2    4    1   21    3    3    1       667
   42    1    2    5    1    2    1    1    1      1666
   42    1    2    6    1   31    4    4    1      1505
   42    1    2    7    1    6    1    2    0      1815
   42    1    2    8    1   28    4    4    1      1872
   42    1    2    9    1   26    4    3    0       983
   42    1    2   10    1    3    2    2    1      2178
   42    1    2   11    1    7    2    2    1      2157
   42    1    2   12    1   22    3    3    1       929
   42    1    2   13    1   25    4    3    0       918
   42    1    2   14    1   12    2    2    1      1211
   42    1    3    1    1    2    1    2    0      1273
   42    1    3    2    1   26    4    3    0      2137
   42    1    3    3    1   12    2    2    1      1173
   42    1    3    4    1    3    2    1    0       959
   42    1    3    5    1    9    1    1    1       778
   42    1    3    6    1   31    4    4    1      1244
   42    1    3    7    1    7    2    2    1      3124
   42    1    3    8    1    6    1    1    1      2385
   42    1    3    9    1   15    2    2    1       819
   42    1    3   10    1   25    4    3    0       795
   42    1    3   11    1   22    3    4    0      5492
   42    1    3   12    1   21    3    3    1       779
   42    1    3   13    1   28    4    4    1     13005
   42    1    3   14    1   19    3    3    1      2712
   42    1    4    1    1    2    1    2    0      4544
   42    1    4    2    1   15    2    1    0      1437
   42    1    4    3    1   22    3    3    1      4205
   42    1    4    4    1   28    4    4    1      2518
   42    1    4    5    1   25    4    3    0      1435
   42    1    4    6    1    9    1    2    0      2274
   42    1    4    7    1   26    4    3    0      2633
   42    1    4    8    1    7    2    2    1      2505
   42    1    4    9    1   21    3    3    1      1174
   42    1    4   10    1   31    4    3    0      3673
   42    1    4   11    1    6    1    1    1      2984
   42    1    4   12    1   19    3    4    0      2121
   42    1    4   13    1    3    2    2    1      3510
   42    1    4   14    1   12    2    2    1      2259
   42    1    5    1    1    6    1    1    1      1540
   42    1    5    2    1   21    3    3    1      1295
   42    1    5    3    1   15    2    1    0      5749
   42    1    5    4    1    2    1    2    0      3393
   42    1    5    5    1   25    4    3    0      1571
   42    1    5    6    1    9    1    1    1      1150
   42    1    5    7    1   31    4    4    1      6784
   42    1    5    8    1   22    3    3    1      2315
   42    1    5    9    1   12    2    2    1      2247
   42    1    5   10    1   26    4    4    1      2142
   42    1    5   11    1   19    3    4    0      5170
   42    1    5   12    1    3    2    1    0       949
   42    1    5   13    1   28    4    4    1      7112
   42    1    5   14    1    7    2    2    1      4870
   42    1    6    1    1    3    2    1    0     14242
   42    1    6    2    1   31    4    2    0      3996
   42    1    6    3    1   28    4    4    1      2174
   42    1    6    4    1   12    2    2    1      2097
   42    1    6    5    1    9    1    2    0      5198
   42    1    6    6    1   21    3    3    1      2759
   42    1    6    7    1   25    4    3    0      2163
   42    1    6    8    1    7    2    2    1      8214
   42    1    6    9    1   15    2    2    1      1431
   42    1    6   10    1   19    3    4    0      2959
   42    1    6   11    1   22    3    3    1      1899
   42    1    6   12    1    2    1    2    0      2456
   42    1    6   13    1    6    1    2    0      1895
   42    1    6   14    1   26    4    3    0      1269
   42    1    7    1    1    6    1    2    0      3433
   42    1    7    2    1   21    3    3    1      2625
   42    1    7    3    1   28    4    4    1      2145
   42    1    7    4    1   25    4    4    1      1349
   42    1    7    5    1    2    1    3    0      1616
   42    1    7    6    1   31    4    4    1      3761
   42    1    7    7    1   12    2    1    0      3772
   42    1    7    8    1   26    4    4    1      1655
   42    1    7    9    1   22    3    3    1      1270
   42    1    7   10    1    3    2    2    1      3124
   42    1    7   11    1   15    2    2    1      1594
   42    1    7   12    1   19    3    4    0      2107
   42    1    7   13    1    7    2    2    1      1825
   42    1    7   14    1    9    1    1    1      1305
   42    1    8    1    1   19    3    3    1      3603
   42    1    8    2    1   12    2    2    1      1965
   42    1    8    3    1    6    1    2    0      3175
   42    1    8    4    1    7    2    4    0      1674
   42    1    8    5    1   31    4    4    1      1953
   42    1    8    6    1    9    1    1    1      3100
   42    1    8    7    1   22    3    3    1      3721
   42    1    8    8    1   21    3    3    1      4733
   42    1    8    9    1   26    4    3    0      1602
   42    1    8   10    1   25    4    3    0      1947
   42    1    8   11    1   15    2    2    1      3078
   42    1    8   12    1   28    4    3    0      1085
   42    1    8   13    1    2    1    2    0     12170
   42    1    8   14    1    3    2    1    0      2342
   42    1    9    1    1   25    4    3    0      2796
   42    1    9    2    1   26    4    4    1      1806
   42    1    9    3    1   22    3    3    1      1415
   42    1    9    4    1    9    1    1    1      2903
   42    1    9    5    1    7    2    1    0      2972
   42    1    9    6    1   28    4    4    1      2431
   42    1    9    7    1   31    4    3    0      2135
   42    1    9    8    1   21    3    4    0      3283
   42    1    9    9    1   19    3    4    0      4161
   42    1    9   10    1   15    2    2    1      2677
   42    1    9   11    1    6    1    1    1      3219
   42    1    9   12    1    3    2    1    0      1668
   42    1    9   13    1   12    2    2    1      2762
   42    1    9   14    1    2    1    1    1       670
   42    1   10    1    1    2    1    1    1      1153
   42    1   10    2    1   26    4    3    0       892
   42    1   10    3    1   15    2    2    1       738
   42    1   10    4    1   31    4    4    1       965
   42    1   10    5    1   25    4    3    0       553
   42    1   10    6    1   19    3    3    1      1132
   42    1   10    7    1   12    2    2    1       856
   42    1   10    8    1   28    4    4    1       647
   42    1   10    9    1    6    1    1    1       926
   42    1   10   10    1   21    3    3    1       682
   42    1   10   11    1    9    1    1    1      1456
   42    1   10   12    1    7    2    3    0      1247
   42    1   10   13    1   22    3    1    0      1438
   42    1   10   14    1    3    2    3    0      1918
   42    2    1    1    1   22    3    3    1       960
   42    2    1    2    2    8    0    2    9       754
   42    2    1    3    1    9    1    1    1       853
   42    2    1    4    2    1    0    1    9       636
   42    2    1    5    1   12    2    2    1       708
   42    2    1    6    1    6    1    1    1       505
   42    2    1    7    1    7    2    2    1       734
   42    2    1    8    2   24    0    4    9      3409
   42    2    1    9    1    3    2    2    1      1331
   42    2    1   10    1   12    2    4    0       966
   42    2    1   11    1   21    3    3    1      1249
   42    2    1   12    2   18    0    3    9      1992
   42    2    1   13    1   19    3    4    0      1873
   42    2    1   14    1   25    4    3    0       816
   42    2    1   15    2   20    0    4    9      1640
   42    2    1   16    1    2    1    2    0      1168
   42    2    1   17    2   24    0    4    9       642
   42    2    1   18    1    2    1    1    1      1890
   42    2    1   19    2   32    0    4    9       672
   42    2    1   20    2   14    0    1    9       854
   42    2    1   21    2   27    0    3    9       845
   42    2    1   22    1   25    4    1    0      1109
   42    2    1   23    2   24    0    4    9       738
   42    2    1   24    1   19    3    4    0       918
   42    2    1   25    2   17    0    3    9      1090
   42    2    1   26    2   11    0    2    9      2751
   42    2    1   27    2   16    0    2    9       555
   42    2    1   28    1   21    3    3    1      1462
   42    2    1   29    1   28    4    4    1       605
   42    2    1   30    2   14    0    1    9       886
   42    2    1   31    1   28    4    4    1       660
   42    2    1   32    1    3    2    3    0      1707
   42    2    1   33    2   29    0    4    9      1328
   42    2    1   34    1    7    2    3    0       917
   42    2    1   35    2   24    0    4    9      2041
   42    2    1   36    1   15    2    2    1      1689
   42    2    1   37    2   10    0    2    9      2063
   42    2    1   38    1   31    4    3    0      2054
   42    2    1   39    2   14    0    1    9      2349
   42    2    1   40    2   13    0    1    9      1232
   42    2    1   41    1    9    1    1    1       456
   42    2    1   42    2    5    0    1    9       535
   42    2    1   43    2    4    0    2    9       995
   42    2    1   44    1    6    1    1    1       628
   42    2    1   45    1   22    3    3    1      1237
   42    2    1   46    2   30    0    3    9       468
   42    2    1   47    2   14    0    1    9       666
   42    2    1   48    1   26    4    3    0       609
   42    2    1   49    1   31    4    4    1       586
   42    2    1   50    1   26    4    3    0       739
   42    2    1   51    2   23    0    4    9       455
   42    2    1   52    1   15    2    1    0       854
   42    2    2    1    1    6    1    2    0      1205
   42    2    2    2    1   22    3    3    1      2038
   42    2    2    3    2   29    0    4    9       950
   42    2    2    4    1   22    3    3    1       817
   42    2    2    5    1    6    1    1    1      1009
   42    2    2    6    2   24    0    4    9       770
   42    2    2    7    2   11    0    2    9       756
   42    2    2    8    1    3    2    2    1       623
   42    2    2    9    2   16    0    2    9      1520
   42    2    2   10    2   27    0    3    9       909
   42    2    2   11    1   25    4    3    0       674
   42    2    2   12    2   24    0    4    9       544
   42    2    2   13    1   21    3    3    1       963
   42    2    2   14    1   28    4    4    1       639
   42    2    2   15    2    4    0    2    9      1142
   42    2    2   16    1   19    3    3    1      1210
   42    2    2   17    2   20    0    4    9      1043
   42    2    2   18    2    8    0    2    9       795
   42    2    2   19    2   14    0    1    9       444
   42    2    2   20    1   26    4    3    0       604
   42    2    2   21    1    7    2    2    1      1365
   42    2    2   22    1    2    1    1    1       624
   42    2    2   23    1   31    4    3    0      1296
   42    2    2   24    2    5    0    1    9       702
   42    2    2   25    2   23    0    4    9       419
   42    2    2   26    1   26    4    3    0       699
   42    2    2   27    2   32    0    4    9       440
   42    2    2   28    1   25    4    3    0       608
   42    2    2   29    2    1    0    1    9       529
   42    2    2   30    2   17    0    3    9       709
   42    2    2   31    1    9    1    1    1       762
   42    2    2   32    1    3    2    2    1       941
   42    2    2   33    1   31    4    4    1       753
   42    2    2   34    2   24    0    4    9       532
   42    2    2   35    1   15    2    2    1      1112
   42    2    2   36    1    7    2    2    1      1253
   42    2    2   37    2   13    0    1    9       484
   42    2    2   38    1   12    2    2    1       753
   42    2    2   39    2   14    0    2    9      1100
   42    2    2   40    1   21    3    3    1      1425
   42    2    2   41    1   28    4    4    1       378
   42    2    2   42    1   12    2    2    1       908
   42    2    2   43    1    9    1    1    1       745
   42    2    2   44    2   14    0    2    9      2501
   42    2    2   45    2   10    0    2    9      1522
   42    2    2   46    2   30    0    4    9      1214
   42    2    2   47    2   18    0    3    9      1863
   42    2    2   48    1   19    3    4    0       710
   42    2    2   49    1    2    1    1    1      1347
   42    2    2   50    1   15    2    2    1       782
   42    2    2   51    2   14    0    2    9       863
   42    2    2   52    2   24    0    4    9       894
