   28    1    1    1    1   22    1    1    1      4998
   28    1    1    2    1    3    2    2    1      2195
   28    1    1    3    1   21    1    1    1      1501
   28    1    1    4    1   31    2    1    0      1905
   28    1    1    5    1    6    1    2    0      1326
   28    1    1    6    1   15    2    2    1      2066
   28    1    1    7    1   28    2    2    1      2944
   28    1    1    8    1   25    2    1    0      2283
   28    1    1    9    1   12    2    1    0      1385
   28    1    1   10    1   19    1    1    1      1786
   28    1    1   11    1    2    1    1    1      1187
   28    1    1   12    1    7    2    2    1      1717
   28    1    1   13    1    9    1    2    0       752
   28    1    1   14    1   26    2    1    0      4107
   28    1    2    1    1   28    2    1    0      4708
   28    1    2    2    1   31    2    2    1       913
   28    1    2    3    1   21    1    1    1       813
   28    1    2    4    1    6    1    1    1       957
   28    1    2    5    1   19    1    1    1       872
   28    1    2    6    1   12    2    2    1       790
   28    1    2    7    1   25    2    2    1       792
   28    1    2    8    1   26    2    2    1       681
   28    1    2    9    1   15    2    2    1      1150
   28    1    2   10    1   22    1    1    1      1505
   28    1    2   11    1    2    1    1    1       678
   28    1    2   12    1    9    1    2    0      1164
   28    1    2   13    1    7    2    1    0      2822
   28    1    2   14    1    3    2    1    0      1326
   28    1    3    1    1    7    2    1    0      6557
   28    1    3    2    1    2    1    1    1       927
   28    1    3    3    1    9    1    2    0       860
   28    1    3    4    1   26    2    2    1      1250
   28    1    3    5    1   28    2    2    1       673
   28    1    3    6    1   21    1    1    1      2183
   28    1    3    7    1   19    1    1    1       768
   28    1    3    8    1   15    2    2    1       738
   28    1    3    9    1   22    1    2    0      2261
   28    1    3   10    1    3    2    1    0      1796
   28    1    3   11    1   12    2    2    1      2181
   28    1    3   12    1   31    2    2    1       670
   28    1    3   13    1   25    2    1    0      1860
   28    1    3   14    1    6    1    2    0      2131
   28    1    4    1    1   28    2    2    1      5703
   28    1    4    2    1   15    2    2    1       868
   28    1    4    3    1    7    2    1    0      2130
   28    1    4    4    1    9    1    2    0      2501
   28    1    4    5    1    2    1    2    0      1050
   28    1    4    6    1   21    1    2    0      2377
   28    1    4    7    1   12    2    2    1       675
   28    1    4    8    1    6    1    2    0      1225
   28    1    4    9    1   31    2    2    1       913
   28    1    4   10    1   25    2    2    1       621
   28    1    4   11    1   26    2    2    1      1173
   28    1    4   12    1    3    2    1    0       663
   28    1    4   13    1   19    1    1    1      1285
   28    1    4   14    1   22    1    1    1      2226
   28    1    5    1    1   22    1    2    0      2099
   28    1    5    2    1    7    2    2    1      1033
   28    1    5    3    1   21    1    2    0      2784
   28    1    5    4    1   25    2    1    0      1593
   28    1    5    5    1    6    1    2    0      4738
   28    1    5    6    1    2    1    1    1       974
   28    1    5    7    1    9    1    2    0       824
   28    1    5    8    1   31    2    2    1       736
   28    1    5    9    1   26    2    2    1       563
   28    1    5   10    1   15    2    2    1       542
   28    1    5   11    1   28    2    2    1       570
   28    1    5   12    1   19    1    1    1       708
   28    1    5   13    1    3    2    1    0       680
   28    1    5   14    1   12    2    2    1      1062
   28    1    6    1    1    9    1    1    1      2751
   28    1    6    2    1   15    2    2    1       866
   28    1    6    3    1   28    2    2    1      1535
   28    1    6    4    1   31    2    2    1       819
   28    1    6    5    1   19    1    1    1      1155
   28    1    6    6    1   25    2    2    1      2197
   28    1    6    7    1   22    1    2    0      2494
   28    1    6    8    1    2    1    1    1      1379
   28    1    6    9    1   12    2    2    1       845
   28    1    6   10    1    6    1    1    1      2428
   28    1    6   11    1   21    1    2    0      1852
   28    1    6   12    1    7    2    1    0      2027
   28    1    6   13    1    3    2    1    0      1027
   28    1    6   14    1   26    2    2    1       787
   28    1    7    1    1   26    2    2    1      1898
   28    1    7    2    1   25    2    2    1       815
   28    1    7    3    1   15    2    2    1       799
   28    1    7    4    1    9    1    2    0      1232
   28    1    7    5    1    3    2    1    0      1575
   28    1    7    6    1   22    1    2    0      8801
   28    1    7    7    1    7    2    2    1      1370
   28    1    7    8    1   19    1    1    1       948
   28    1    7    9    1    2    1    1    1       591
   28    1    7   10    1   21    1    2    0      2040
   28    1    7   11    1    6    1    2    0      1151
   28    1    7   12    1   28    2    2    1      1754
   28    1    7   13    1   12    2    2    1      1045
   28    1    7   14    1   31    2    2    1      2636
   28    1    8    1    1   28    2    2    1      1417
   28    1    8    2    1   25    2    2    1       977
   28    1    8    3    1   22    1    1    1      2011
   28    1    8    4    1   19    1    1    1       940
   28    1    8    5    1   15    2    2    1       695
   28    1    8    6    1    3    2    1    0       732
   28    1    8    7    1   31    2    2    1       936
   28    1    8    8    1    6    1    1    1      1907
   28    1    8    9    1    9    1    2    0       984
   28    1    8   10    1   12    2    2    1      2361
   28    1    8   11    1    7    2    1    0      2332
   28    1    8   12    1   21    1    1    1      1975
   28    1    8   13    1    2    1    1    1      2249
   28    1    8   14    1   26    2    2    1      1712
   28    1    9    1    1    9    1    2    0      6393
   28    1    9    2    1   25    2    2    1      1699
   28    1    9    3    1    2    1    1    1      1615
   28    1    9    4    1   31    2    2    1       640
   28    1    9    5    1   12    2    2    1       855
   28    1    9    6    1   21    1    1    1      2581
   28    1    9    7    1   19    1    1    1      1727
   28    1    9    8    1   26    2    2    1       667
   28    1    9    9    1   15    2    2    1       593
   28    1    9   10    1   28    2    2    1      1738
   28    1    9   11    1    7    2    1    0      1734
   28    1    9   12    1   22    1    1    1      1561
   28    1    9   13    1    6    1    2    0      1292
   28    1    9   14    1    3    2    1    0      2353
   28    1   10    1    1   25    2    2    1      1615
   28    1   10    2    1    2    1    1    1      1551
   28    1   10    3    1   12    2    2    1       625
   28    1   10    4    1    6    1    1    1       857
   28    1   10    5    1   15    2    2    1       424
   28    1   10    6    1    7    2    2    1      1592
   28    1   10    7    1    9    1    1    1       777
   28    1   10    8    1   31    2    2    1      1867
   28    1   10    9    1   26    2    2    1      1809
   28    1   10   10    1   21    1    1    1      2154
   28    1   10   11    1    3    2    2    1      3013
   28    1   10   12    1   28    2    2    1       925
   28    1   10   13    1   22    1    1    1      1545
   28    1   10   14    1   19    1    2    0       845
   28    2    1    1    1   19    1    1    1      3710
   28    2    1    2    2   24    0    2    9      2137
   28    2    1    3    2    1    0    1    9      1076
   28    2    1    4    1   31    2    2    1       794
   28    2    1    5    1   12    2    2    1       572
   28    2    1    6    2    8    0    2    9      1269
   28    2    1    7    2   14    0    2    9      1060
   28    2    1    8    1    9    1    1    1      1898
   28    2    1    9    1    3    2    2    1      1135
   28    2    1   10    2   16    0    2    9       722
   28    2    1   11    2   20    0    1    9      1670
   28    2    1   12    1    7    2    2    1      2516
   28    2    1   13    1   21    1    1    1      2224
   28    2    1   14    1    7    2    2    1      1992
   28    2    1   15    2   32    0    2    9       761
   28    2    1   16    1   15    2    2    1      1100
   28    2    1   17    2   11    0    2    9      1329
   28    2    1   18    1   12    2    2    1      1069
   28    2    1   19    1   28    2    2    1       675
   28    2    1   20    1   25    2    2    1      2361
   28    2    1   21    1    6    1    1    1      1483
   28    2    1   22    1    2    1    1    1       705
   28    2    1   23    1   26    2    2    1      2053
   28    2    1   24    2   10    0    2    9       932
   28    2    1   25    2   24    0    2    9      1599
   28    2    1   26    2   24    0    2    9      1232
   28    2    1   27    2   14    0    2    9       831
   28    2    1   28    2   14    0    2    9       607
   28    2    1   29    1   31    2    2    1       663
   28    2    1   30    2   17    0    1    9       749
   28    2    1   31    1    6    1    1    1      1792
   28    2    1   32    1    3    2    2    1      1289
   28    2    1   33    2    4    0    2    9       535
   28    2    1   34    2   18    0    1    9      1122
   28    2    1   35    1   22    1    1    1      1814
   28    2    1   36    2   24    0    2    9       734
   28    2    1   37    2   23    0    2    9      1345
   28    2    1   38    1   28    2    2    1      1884
   28    2    1   39    1   15    2    2    1       930
   28    2    1   40    1    2    1    1    1       637
   28    2    1   41    2    5    0    1    9       724
   28    2    1   42    1   25    2    1    0      1160
   28    2    1   43    2   30    0    2    9      3995
   28    2    1   44    1   22    1    1    1      2302
   28    2    1   45    1    9    1    2    0      5506
   28    2    1   46    2   29    0    2    9       919
   28    2    1   47    2   14    0    2    9       996
   28    2    1   48    2   13    0    1    9      1261
   28    2    1   49    1   21    1    1    1      2540
   28    2    1   50    1   26    2    2    1      1239
   28    2    1   51    2   27    0    2    9       774
   28    2    1   52    1   19    1    2    0      1480
   28    2    2    1    2    1    0    1    9       782
   28    2    2    2    1    7    2    2    1      1647
   28    2    2    3    2   29    0    2    9      1550
   28    2    2    4    2   16    0    2    9      1024
   28    2    2    5    2   30    0    2    9      1720
   28    2    2    6    2   24    0    2    9      1204
   28    2    2    7    1   19    1    2    0      1589
   28    2    2    8    1    6    1    1    1      1686
   28    2    2    9    2   27    0    2    9      1540
   28    2    2   10    1    9    1    1    1      1079
   28    2    2   11    1   19    1    1    1      1549
   28    2    2   12    2   17    0    1    9      1040
   28    2    2   13    1    9    1    2    0       759
   28    2    2   14    1   25    2    2    1      1785
   28    2    2   15    1   12    2    2    1      1731
   28    2    2   16    1   26    2    2    1      1806
   28    2    2   17    1   22    1    1    1      1943
   28    2    2   18    2   24    0    2    9       970
   28    2    2   19    2   18    0    1    9       804
   28    2    2   20    2   14    0    2    9      1205
   28    2    2   21    2    8    0    2    9       629
   28    2    2   22    2   11    0    2    9      1309
   28    2    2   23    1   12    2    2    1      2313
   28    2    2   24    1   31    2    2    1      3357
   28    2    2   25    1    3    2    1    0      1512
   28    2    2   26    1   15    2    2    1       765
   28    2    2   27    1    6    1    1    1      3727
   28    2    2   28    2   13    0    1    9      1163
   28    2    2   29    2   24    0    2    9       973
   28    2    2   30    2   14    0    2    9      3239
   28    2    2   31    2   32    0    2    9       631
   28    2    2   32    2   10    0    2    9      2367
   28    2    2   33    1   21    1    1    1      1089
   28    2    2   34    1   26    2    2    1       854
   28    2    2   35    1   25    2    2    1      1140
   28    2    2   36    2   14    0    2    9       744
   28    2    2   37    1   28    2    2    1       635
   28    2    2   38    1   28    2    2    1       787
   28    2    2   39    2    4    0    1    9       740
   28    2    2   40    1    2    1    1    1       631
   28    2    2   41    1    3    2    1    0       607
   28    2    2   42    2   20    0    1    9      1719
   28    2    2   43    1   21    1    1    1      2403
   28    2    2   44    1   31    2    2    1       788
   28    2    2   45    2   24    0    2    9      1221
   28    2    2   46    1    7    2    2    1      1365
   28    2    2   47    2    5    0    1    9      1583
   28    2    2   48    2   14    0    2    9      1056
   28    2    2   49    1    2    1    1    1      2647
   28    2    2   50    1   15    2    2    1       718
   28    2    2   51    1   22    1    1    1      3410
   28    2    2   52    2   23    0    2    9      1130
