    8    1    1    1    1   26    4    1    0      1911
    8    1    1    2    1    3    2    2    1      1100
    8    1    1    3    1    9    1    4    0       929
    8    1    1    4    1   21    3    1    0      1061
    8    1    1    5    1    2    1    2    0      1140
    8    1    1    6    1    6    1    2    0      1151
    8    1    1    7    1   15    2    4    0      2842
    8    1    1    8    1    7    2    3    0      1473
    8    1    1    9    1   28    4    4    1      1775
    8    1    1   10    1   19    3    1    0      1145
    8    1    1   11    1   31    4    2    0      1284
    8    1    1   12    1   25    4    1    0      2842
    8    1    1   13    1   12    2    2    1      1681
    8    1    1   14    1   22    3    4    0      2654
    8    1    2    1    1   12    2    4    0      4791
    8    1    2    2    1    3    2    2    1      4160
    8    1    2    3    1   19    3    3    1      7691
    8    1    2    4    1   22    3    1    0      6648
    8    1    2    5    1   25    4    1    0      2968
    8    1    2    6    1    9    1    4    0      1386
    8    1    2    7    1    7    2    4    0      1067
    8    1    2    8    1   31    4    2    0      1529
    8    1    2    9    1   21    3    4    0      1733
    8    1    2   10    1    2    1    4    0      1336
    8    1    2   11    1   28    4    4    1      8107
    8    1    2   12    1    6    1    3    0      6424
    8    1    2   13    1   15    2    2    1      4960
    8    1    2   14    1   26    4    1    0      1706
    8    1    3    1    1    9    1    3    0      3773
    8    1    3    2    1   22    3    2    0      3823
    8    1    3    3    1    6    1    4    0      5391
    8    1    3    4    1   15    2    4    0      2177
    8    1    3    5    1   19    3    3    1      4658
    8    1    3    6    1    7    2    1    0      1161
    8    1    3    7    1   25    4    1    0      1636
    8    1    3    8    1   21    3    3    1      1499
    8    1    3    9    1    3    2    2    1      4192
    8    1    3   10    1    2    1    1    1      2281
    8    1    3   11    1   31    4    4    1      2671
    8    1    3   12    1   26    4    3    0       773
    8    1    3   13    1   12    2    3    0      1487
    8    1    3   14    1   28    4    2    0      3581
    8    1    4    1    1   15    2    2    1      2263
    8    1    4    2    1   28    4    4    1       909
    8    1    4    3    1   31    4    2    0      1066
    8    1    4    4    1   22    3    3    1      1288
    8    1    4    5    1   21    3    1    0       917
    8    1    4    6    1    6    1    1    1      1305
    8    1    4    7    1   26    4    2    0      3990
    8    1    4    8    1    3    2    3    0      3471
    8    1    4    9    1    9    1    4    0      1309
    8    1    4   10    1    2    1    2    0      1858
    8    1    4   11    1   12    2    4    0      1329
    8    1    4   12    1   19    3    3    1      2116
    8    1    4   13    1    7    2    1    0      6448
    8    1    4   14    1   25    4    1    0      1576
    8    1    5    1    1   15    2    2    1      1283
    8    1    5    2    1   22    3    3    1      1808
    8    1    5    3    1   26    4    3    0      1561
    8    1    5    4    1   12    2    1    0      2852
    8    1    5    5    1   21    3    3    1      1050
    8    1    5    6    1    7    2    2    1      3185
    8    1    5    7    1    6    1    4    0      3682
    8    1    5    8    1    2    1    3    0      1368
    8    1    5    9    1   28    4    4    1      1529
    8    1    5   10    1   19    3    2    0      1549
    8    1    5   11    1    3    2    1    0      3336
    8    1    5   12    1    9    1    4    0      1499
    8    1    5   13    1   25    4    3    0      2007
    8    1    5   14    1   31    4    2    0      3680
    8    1    6    1    1   12    2    2    1      2755
    8    1    6    2    1    6    1    1    1      2661
    8    1    6    3    1   25    4    3    0      1853
    8    1    6    4    1   26    4    3    0      1627
    8    1    6    5    1    2    1    3    0      6323
    8    1    6    6    1   15    2    2    1       879
    8    1    6    7    1   31    4    4    1      1517
    8    1    6    8    1   28    4    2    0      1089
    8    1    6    9    1    3    2    3    0      6431
    8    1    6   10    1    9    1    2    0      2790
    8    1    6   11    1   22    3    2    0      2991
    8    1    6   12    1   21    3    2    0      2241
    8    1    6   13    1    7    2    1    0      2112
    8    1    6   14    1   19    3    3    1      1845
    8    1    7    1    1    6    1    3    0      3193
    8    1    7    2    1    3    2    3    0      1219
    8    1    7    3    1   28    4    4    1      1867
    8    1    7    4    1    9    1    4    0      2000
    8    1    7    5    1   26    4    2    0      2233
    8    1    7    6    1   31    4    2    0      4184
    8    1    7    7    1   21    3    3    1       874
    8    1    7    8    1    2    1    3    0      2840
    8    1    7    9    1   15    2    4    0      2143
    8    1    7   10    1   19    3    3    1       899
    8    1    7   11    1   12    2    2    1      2016
    8    1    7   12    1   25    4    4    1      1776
    8    1    7   13    1   22    3    1    0      2106
    8    1    7   14    1    7    2    3    0      1230
    8    1    8    1    1   15    2    4    0      3533
    8    1    8    2    1   12    2    4    0      1384
    8    1    8    3    1   26    4    4    1      1834
    8    1    8    4    1    2    1    3    0      1041
    8    1    8    5    1    6    1    1    1      4288
    8    1    8    6    1   25    4    2    0      6214
    8    1    8    7    1   31    4    4    1      7461
    8    1    8    8    1   22    3    2    0      1532
    8    1    8    9    1    3    2    3    0      1608
    8    1    8   10    1    7    2    3    0      1200
    8    1    8   11    1   28    4    4    1      1641
    8    1    8   12    1   21    3    3    1      5560
    8    1    8   13    1   19    3    1    0      2555
    8    1    8   14    1    9    1    1    1      7341
    8    1    9    1    1    2    1    3    0      1518
    8    1    9    2    1   21    3    2    0      3098
    8    1    9    3    1    9    1    3    0      2007
    8    1    9    4    1   19    3    2    0      2512
    8    1    9    5    1    7    2    1    0       372
    8    1    9    6    1   25    4    3    0      3006
    8    1    9    7    1   15    2    2    1      2207
    8    1    9    8    1   22    3    3    1      3031
    8    1    9    9    1   12    2    4    0      1999
    8    1    9   10    1    3    2    3    0      1111
    8    1    9   11    1   26    4    3    0      1364
    8    1    9   12    1   31    4    4    1      1238
    8    1    9   13    1   28    4    4    1      1557
    8    1    9   14    1    6    1    3    0      1688
    8    1   10    1    1   12    2    2    1      2949
    8    1   10    2    1   28    4    4    1      1151
    8    1   10    3    1    3    2    3    0       946
    8    1   10    4    1   15    2    4    0      1829
    8    1   10    5    1    9    1    3    0      1365
    8    1   10    6    1   21    3    3    1      1543
    8    1   10    7    1    2    1    1    1      1274
    8    1   10    8    1   25    4    1    0      7993
    8    1   10    9    1    6    1    1    1      2515
    8    1   10   10    1   19    3    3    1      2494
    8    1   10   11    1   26    4    4    1      3484
    8    1   10   12    1   22    3    3    1      2433
    8    1   10   13    1    7    2    1    0      2736
    8    1   10   14    1   31    4    4    1      1436
    8    2    1    1    1   28    4    4    1      6305
    8    2    1    2    1   25    4    4    1      1445
    8    2    1    3    1   15    2    2    1      3692
    8    2    1    4    2    4    0    1    9      4586
    8    2    1    5    1   26    4    4    1      2115
    8    2    1    6    1   31    4    4    1       927
    8    2    1    7    1   19    3    3    1      2331
    8    2    1    8    1   22    3    3    1      5326
    8    2    1    9    2   17    0    3    9      1259
    8    2    1   10    2    5    0    1    9      3113
    8    2    1   11    1   25    4    4    1      1550
    8    2    1   12    2   16    0    2    9      3920
    8    2    1   13    2   24    0    3    9      3733
    8    2    1   14    2   11    0    2    9      1376
    8    2    1   15    1   19    3    3    1      2299
    8    2    1   16    2   13    0    2    9      1871
    8    2    1   17    2   20    0    3    9      3333
    8    2    1   18    1    2    1    1    1      1089
    8    2    1   19    2   14    0    2    9      1926
    8    2    1   20    2   30    0    4    9      1563
    8    2    1   21    2   10    0    2    9      1150
    8    2    1   22    1    7    2    1    0      2112
    8    2    1   23    1    9    1    2    0      7085
    8    2    1   24    1   26    4    4    1      4802
    8    2    1   25    2   24    0    3    9      1731
    8    2    1   26    1   21    3    3    1      1150
    8    2    1   27    2    1    0    2    9      2257
    8    2    1   28    1    6    1    1    1      1511
    8    2    1   29    1    6    1    1    1      2364
    8    2    1   30    1   21    3    3    1      1662
    8    2    1   31    2   14    0    1    9      7021
    8    2    1   32    1   15    2    1    0       965
    8    2    1   33    2   14    0    2    9      4623
    8    2    1   34    1    3    2    1    0      1111
    8    2    1   35    1   12    2    1    0      1164
    8    2    1   36    2   23    0    3    9      2254
    8    2    1   37    1   28    4    4    1       901
    8    2    1   38    2   18    0    3    9      2081
    8    2    1   39    2   24    0    3    9      1119
    8    2    1   40    2   27    0    4    9      1027
    8    2    1   41    1   12    2    2    1      3915
    8    2    1   42    1    3    2    2    1      1279
    8    2    1   43    2   14    0    2    9      3421
    8    2    1   44    2   29    0    4    9      3494
    8    2    1   45    1    9    1    2    0      2139
    8    2    1   46    1    7    2    1    0      2631
    8    2    1   47    1    2    1    2    0      1406
    8    2    1   48    2   32    0    4    9      4070
    8    2    1   49    2    8    0    2    9      3877
    8    2    1   50    1   22    3    3    1      4427
    8    2    1   51    1   31    4    4    1      2427
    8    2    1   52    2   24    0    3    9      1435
    8    2    2    1    1   19    3    3    1       898
    8    2    2    2    2   24    0    3    9       719
    8    2    2    3    2   14    0    1    9      3651
    8    2    2    4    1    7    2    2    1       946
    8    2    2    5    1    2    1    1    1      1085
    8    2    2    6    2    4    0    2    9       658
    8    2    2    7    1   31    4    4    1      1289
    8    2    2    8    1    2    1    1    1      3542
    8    2    2    9    2   18    0    3    9       970
    8    2    2   10    1   12    2    2    1      1508
    8    2    2   11    1   22    3    3    1      5241
    8    2    2   12    1   19    3    3    1      2408
    8    2    2   13    2   23    0    3    9       953
    8    2    2   14    2   32    0    4    9       692
    8    2    2   15    2   17    0    3    9       746
    8    2    2   16    1    6    1    1    1      2653
    8    2    2   17    1    7    2    2    1       676
    8    2    2   18    2   13    0    1    9       506
    8    2    2   19    1   25    4    4    1      1014
    8    2    2   20    2    5    0    1    9       830
    8    2    2   21    2   11    0    2    9       590
    8    2    2   22    2   14    0    1    9       920
    8    2    2   23    1   28    4    4    1      2403
    8    2    2   24    2   24    0    3    9      1412
    8    2    2   25    2    8    0    2    9      2125
    8    2    2   26    2   24    0    3    9      2025
    8    2    2   27    1    3    2    1    0      1466
    8    2    2   28    2    1    0    1    9       719
    8    2    2   29    1    9    1    1    1       564
    8    2    2   30    1   15    2    2    1       510
    8    2    2   31    2   24    0    3    9      1067
    8    2    2   32    1   28    4    4    1       577
    8    2    2   33    2   20    0    3    9       939
    8    2    2   34    1   26    4    4    1       486
    8    2    2   35    1   21    3    3    1       484
    8    2    2   36    2   14    0    1    9      1361
    8    2    2   37    1   26    4    4    1      2123
    8    2    2   38    1    3    2    2    1       632
    8    2    2   39    1   25    4    4    1       703
    8    2    2   40    1   12    2    2    1      3763
    8    2    2   41    2   29    0    3    9       734
    8    2    2   42    2   27    0    4    9      2129
    8    2    2   43    1    6    1    1    1      1901
    8    2    2   44    2   16    0    2    9      1665
    8    2    2   45    2   30    0    4    9      3151
    8    2    2   46    1   15    2    2    1      2706
    8    2    2   47    2   14    0    1    9       759
    8    2    2   48    1   21    3    3    1      1289
    8    2    2   49    2   10    0    1    9      2167
    8    2    2   50    1   31    4    4    1      1681
    8    2    2   51    1    9    1    1    1      2430
    8    2    2   52    1   22    3    3    1       845
