   39    1    1    1    1   25    4    4    1      7346
   39    1    1    2    1    7    2    1    0      4600
   39    1    1    3    1   26    4    4    1      2425
   39    1    1    4    1   19    3    3    1      6713
   39    1    1    5    1   28    4    4    1      2637
   39    1    1    6    1   31    4    4    1      3060
   39    1    1    7    1    6    1    1    1      3851
   39    1    1    8    1   12    2    2    1      1105
   39    1    1    9    1    9    1    1    1       774
   39    1    1   10    1    2    1    2    0      2136
   39    1    1   11    1   21    3    3    1      1947
   39    1    1   12    1    3    2    2    1      2030
   39    1    1   13    1   22    3    3    1      1693
   39    1    1   14    1   15    2    2    1      1962
   39    1    2    1    1   25    4    3    0      1437
   39    1    2    2    1   22    3    4    0      1884
   39    1    2    3    1   21    3    3    1      2777
   39    1    2    4    1   15    2    2    1      1195
   39    1    2    5    1    9    1    1    1       924
   39    1    2    6    1   26    4    3    0      2840
   39    1    2    7    1   19    3    3    1      1247
   39    1    2    8    1   31    4    4    1       861
   39    1    2    9    1   28    4    4    1      1772
   39    1    2   10    1    3    2    1    0      3061
   39    1    2   11    1    6    1    1    1      1827
   39    1    2   12    1   12    2    2    1      1403
   39    1    2   13    1    7    2    2    1      1683
   39    1    2   14    1    2    1    1    1      2944
   39    1    3    1    1   12    2    2    1      1874
   39    1    3    2    1   22    3    3    1      1753
   39    1    3    3    1   26    4    4    1      1890
   39    1    3    4    1   25    4    4    1      2456
   39    1    3    5    1   21    3    3    1      1174
   39    1    3    6    1   28    4    4    1      1640
   39    1    3    7    1    3    2    1    0       823
   39    1    3    8    1    9    1    2    0      1072
   39    1    3    9    1   31    4    4    1      2013
   39    1    3   10    1    7    2    2    1      1501
   39    1    3   11    1    6    1    1    1      1602
   39    1    3   12    1   15    2    2    1      1234
   39    1    3   13    1   19    3    4    0      3905
   39    1    3   14    1    2    1    1    1      2366
   39    1    4    1    1    9    1    2    0      1301
   39    1    4    2    1   12    2    2    1      1113
   39    1    4    3    1   31    4    4    1      1069
   39    1    4    4    1   21    3    3    1      1236
   39    1    4    5    1   22    3    4    0      1299
   39    1    4    6    1   28    4    4    1      1863
   39    1    4    7    1   25    4    3    0      4077
   39    1    4    8    1    6    1    1    1      1347
   39    1    4    9    1   19    3    3    1      1086
   39    1    4   10    1   15    2    2    1      1411
   39    1    4   11    1    3    2    2    1      3356
   39    1    4   12    1   26    4    4    1      1478
   39    1    4   13    1    2    1    1    1       924
   39    1    4   14    1    7    2    2    1      1480
   39    1    5    1    1   22    3    3    1      2031
   39    1    5    2    1   12    2    2    1      1182
   39    1    5    3    1   15    2    2    1      1136
   39    1    5    4    1   26    4    4    1      1539
   39    1    5    5    1   31    4    4    1      1207
   39    1    5    6    1    9    1    2    0      3479
   39    1    5    7    1    7    2    2    1      3940
   39    1    5    8    1    3    2    2    1      3416
   39    1    5    9    1   28    4    4    1      1071
   39    1    5   10    1   25    4    3    0      5205
   39    1    5   11    1    6    1    1    1      3502
   39    1    5   12    1   21    3    3    1      1315
   39    1    5   13    1   19    3    3    1      2142
   39    1    5   14    1    2    1    1    1      1337
   39    1    6    1    1    6    1    1    1      1522
   39    1    6    2    1   31    4    4    1      1734
   39    1    6    3    1   21    3    3    1      1538
   39    1    6    4    1   26    4    4    1      2613
   39    1    6    5    1   22    3    3    1      1133
   39    1    6    6    1   15    2    2    1      1536
   39    1    6    7    1    2    1    1    1      1779
   39    1    6    8    1    7    2    2    1      2349
   39    1    6    9    1   19    3    4    0      1920
   39    1    6   10    1   12    2    2    1      2732
   39    1    6   11    1    3    2    2    1      1327
   39    1    6   12    1    9    1    1    1      1867
   39    1    6   13    1   28    4    4    1      2353
   39    1    6   14    1   25    4    4    1      3108
   39    1    7    1    1   26    4    4    1      4183
   39    1    7    2    1   21    3    3    1      1280
   39    1    7    3    1    3    2    2    1      1869
   39    1    7    4    1   25    4    4    1      2691
   39    1    7    5    1   19    3    3    1      4728
   39    1    7    6    1    7    2    2    1      2012
   39    1    7    7    1   28    4    4    1      1469
   39    1    7    8    1    2    1    1    1      1635
   39    1    7    9    1   31    4    4    1      2050
   39    1    7   10    1    9    1    1    1      2129
   39    1    7   11    1   12    2    2    1      1741
   39    1    7   12    1    6    1    1    1      2840
   39    1    7   13    1   22    3    3    1      2855
   39    1    7   14    1   15    2    2    1      1589
   39    1    8    1    1    3    2    2    1      3754
   39    1    8    2    1   28    4    4    1      1396
   39    1    8    3    1   12    2    2    1      1709
   39    1    8    4    1   21    3    3    1      1274
   39    1    8    5    1   26    4    4    1      3207
   39    1    8    6    1   19    3    3    1      2216
   39    1    8    7    1    9    1    1    1      1632
   39    1    8    8    1   22    3    1    0      1183
   39    1    8    9    1   15    2    2    1      1801
   39    1    8   10    1    2    1    1    1      1185
   39    1    8   11    1    7    2    2    1      1267
   39    1    8   12    1    6    1    1    1      1424
   39    1    8   13    1   25    4    4    1      1528
   39    1    8   14    1   31    4    4    1      1324
   39    1    9    1    1   22    3    3    1      1442
   39    1    9    2    1   21    3    3    1      1353
   39    1    9    3    1    7    2    2    1      1620
   39    1    9    4    1   25    4    4    1      1140
   39    1    9    5    1    2    1    1    1      1591
   39    1    9    6    1   12    2    2    1      1305
   39    1    9    7    1   26    4    4    1      1669
   39    1    9    8    1   28    4    4    1      1763
   39    1    9    9    1    3    2    2    1      3597
   39    1    9   10    1   31    4    4    1      1277
   39    1    9   11    1   15    2    2    1      2364
   39    1    9   12    1   19    3    3    1      2557
   39    1    9   13    1    6    1    1    1      1992
   39    1    9   14    1    9    1    1    1      1753
   39    1   10    1    1   25    4    4    1      4668
   39    1   10    2    1    3    2    2    1      1042
   39    1   10    3    1   21    3    3    1      2105
   39    1   10    4    1   26    4    4    1      1733
   39    1   10    5    1    2    1    1    1      1537
   39    1   10    6    1    9    1    1    1      2164
   39    1   10    7    1   12    2    2    1      1214
   39    1   10    8    1   31    4    4    1      1294
   39    1   10    9    1    7    2    2    1      3979
   39    1   10   10    1   28    4    4    1      1004
   39    1   10   11    1   22    3    3    1      1237
   39    1   10   12    1   15    2    2    1      1364
   39    1   10   13    1    6    1    1    1      1711
   39    1   10   14    1   19    3    3    1      1243
   39    2    1    1    1   22    3    3    1      2699
   39    2    1    2    1    9    1    1    1      1487
   39    2    1    3    2    1    0    1    9      1684
   39    2    1    4    1    6    1    1    1      1953
   39    2    1    5    1   25    4    4    1      1572
   39    2    1    6    1    7    2    2    1      1990
   39    2    1    7    1   25    4    4    1      1415
   39    2    1    8    1    9    1    1    1      1167
   39    2    1    9    2   17    0    3    9      1681
   39    2    1   10    2   30    0    4    9      2494
   39    2    1   11    2   18    0    3    9      2891
   39    2    1   12    2    5    0    1    9      2105
   39    2    1   13    1   28    4    4    1      1589
   39    2    1   14    1   12    2    2    1      1270
   39    2    1   15    2   24    0    3    9      2821
   39    2    1   16    2   24    0    4    9      2868
   39    2    1   17    2   24    0    3    9      3379
   39    2    1   18    2   32    0    4    9      3469
   39    2    1   19    2   23    0    3    9      2179
   39    2    1   20    2   24    0    3    9      1245
   39    2    1   21    2    4    0    2    9      2348
   39    2    1   22    1   19    3    3    1      3263
   39    2    1   23    1   15    2    2    1      1676
   39    2    1   24    2   14    0    1    9      2011
   39    2    1   25    1   21    3    3    1      2075
   39    2    1   26    2   29    0    4    9      1288
   39    2    1   27    1   28    4    4    1      1303
   39    2    1   28    1   21    3    3    1      1588
   39    2    1   29    2   16    0    2    9      1877
   39    2    1   30    2   14    0    1    9      2843
   39    2    1   31    2   14    0    1    9      8586
   39    2    1   32    1    3    2    2    1      3251
   39    2    1   33    1    7    2    2    1      1026
   39    2    1   34    2   27    0    4    9      1194
   39    2    1   35    1    6    1    1    1      3211
   39    2    1   36    2    8    0    2    9      1580
   39    2    1   37    1   31    4    4    1      1517
   39    2    1   38    2   14    0    1    9      5937
   39    2    1   39    1   31    4    4    1      1028
   39    2    1   40    1    3    2    2    1      1644
   39    2    1   41    2   10    0    1    9      1628
   39    2    1   42    1   26    4    4    1      1980
   39    2    1   43    1   22    3    3    1      1901
   39    2    1   44    1   15    2    2    1      2178
   39    2    1   45    1    2    1    1    1      1260
   39    2    1   46    1   26    4    4    1      2314
   39    2    1   47    1   19    3    3    1      2286
   39    2    1   48    2   11    0    2    9      1251
   39    2    1   49    1   12    2    2    1       785
   39    2    1   50    2   13    0    1    9      1347
   39    2    1   51    1    2    1    1    1      1935
   39    2    1   52    2   20    0    3    9      2371
   39    2    2    1    2    4    0    2    9      1061
   39    2    2    2    1   19    3    3    1      1644
   39    2    2    3    2   24    0    3    9      2474
   39    2    2    4    2   27    0    4    9      1066
   39    2    2    5    1    3    2    2    1      1568
   39    2    2    6    1   28    4    4    1       962
   39    2    2    7    2   29    0    3    9      1677
   39    2    2    8    2   18    0    3    9      3515
   39    2    2    9    1   25    4    4    1      2047
   39    2    2   10    2   11    0    2    9      1341
   39    2    2   11    2   14    0    1    9      1913
   39    2    2   12    1    6    1    1    1      1645
   39    2    2   13    1    3    2    2    1      1164
   39    2    2   14    1    9    1    1    1      3022
   39    2    2   15    1   21    3    3    1      1382
   39    2    2   16    2   14    0    1    9      1583
   39    2    2   17    1   28    4    4    1      1104
   39    2    2   18    1   31    4    4    1      1333
   39    2    2   19    2   20    0    3    9      1856
   39    2    2   20    2   32    0    4    9      1255
   39    2    2   21    1    9    1    1    1      2117
   39    2    2   22    1   21    3    3    1       993
   39    2    2   23    1    7    2    2    1      3515
   39    2    2   24    1    2    1    1    1       974
   39    2    2   25    1   12    2    2    1      5001
   39    2    2   26    2   30    0    4    9      2561
   39    2    2   27    2   16    0    2    9       924
   39    2    2   28    1   25    4    4    1      1800
   39    2    2   29    2   14    0    1    9      2160
   39    2    2   30    2   24    0    4    9      2091
   39    2    2   31    2   23    0    3    9      1704
   39    2    2   32    2   17    0    3    9      1349
   39    2    2   33    2   24    0    3    9      1487
   39    2    2   34    1   19    3    3    1      2356
   39    2    2   35    1   31    4    4    1      1320
   39    2    2   36    1   22    3    3    1      1252
   39    2    2   37    1   15    2    2    1      1442
   39    2    2   38    2   13    0    1    9      1258
   39    2    2   39    2    1    0    1    9       680
   39    2    2   40    1   26    4    3    0      1374
   39    2    2   41    1   12    2    2    1      4184
   39    2    2   42    2   14    0    1    9      1153
   39    2    2   43    1   26    4    4    1      1796
   39    2    2   44    2   10    0    1    9      1021
   39    2    2   45    2    5    0    1    9      1173
   39    2    2   46    1   22    3    3    1      1302
   39    2    2   47    1   15    2    2    1      1844
   39    2    2   48    2   24    0    3    9      3211
   39    2    2   49    1    2    1    1    1      1564
   39    2    2   50    1    7    2    2    1      2830
   39    2    2   51    1    6    1    1    1       941
   39    2    2   52    2    8    0    2    9      1640
