   20    1    1    1    1   25    2    1    0      8956
   20    1    1    2    1    7    2    1    0      4596
   20    1    1    3    1   19    1    1    1      3038
   20    1    1    4    1    2    1    1    1      3590
   20    1    1    5    1    6    1    2    0      2488
   20    1    1    6    1    3    2    2    1      2670
   20    1    1    7    1   31    2    1    0      2989
   20    1    1    8    1   12    2    2    1      3935
   20    1    1    9    1   21    1    1    1      3003
   20    1    1   10    1   15    2    2    1      2277
   20    1    1   11    1   26    2    2    1      3451
   20    1    1   12    1    9    1    1    1      2163
   20    1    1   13    1   22    1    1    1      4414
   20    1    1   14    1   28    2    2    1      1839
   20    1    2    1    1    9    1    1    1      3315
   20    1    2    2    1    6    1    2    0      3543
   20    1    2    3    1   15    2    2    1      2684
   20    1    2    4    1   28    2    2    1      3697
   20    1    2    5    1   22    1    2    0      2543
   20    1    2    6    1   25    2    1    0      4243
   20    1    2    7    1   26    2    2    1      1643
   20    1    2    8    1   19    1    1    1      1443
   20    1    2    9    1    3    2    1    0      1259
   20    1    2   10    1    7    2    2    1      2362
   20    1    2   11    1   31    2    1    0      1613
   20    1    2   12    1    2    1    1    1      3982
   20    1    2   13    1   21    1    1    1      1872
   20    1    2   14    1   12    2    2    1      1839
   20    1    3    1    1   25    2    1    0      3043
   20    1    3    2    1   31    2    2    1      1435
   20    1    3    3    1    2    1    1    1      1004
   20    1    3    4    1   26    2    2    1       972
   20    1    3    5    1    9    1    1    1      1903
   20    1    3    6    1   12    2    2    1      1116
   20    1    3    7    1   28    2    2    1       792
   20    1    3    8    1   19    1    2    0       930
   20    1    3    9    1    6    1    1    1      1374
   20    1    3   10    1   22    1    1    1       953
   20    1    3   11    1    3    2    1    0      1340
   20    1    3   12    1   21    1    1    1      2321
   20    1    3   13    1   15    2    2    1      2014
   20    1    3   14    1    7    2    1    0      2726
   20    1    4    1    1   21    1    1    1      1439
   20    1    4    2    1   26    2    2    1      4031
   20    1    4    3    1    7    2    1    0      3415
   20    1    4    4    1   28    2    2    1      1296
   20    1    4    5    1   22    1    1    1      1462
   20    1    4    6    1    9    1    2    0      1797
   20    1    4    7    1   19    1    2    0      1846
   20    1    4    8    1    3    2    2    1      2310
   20    1    4    9    1    2    1    1    1      1179
   20    1    4   10    1   25    2    2    1      1054
   20    1    4   11    1   15    2    2    1      1157
   20    1    4   12    1    6    1    1    1       984
   20    1    4   13    1   12    2    2    1      1170
   20    1    4   14    1   31    2    2    1      1452
   20    1    5    1    1   25    2    1    0      2283
   20    1    5    2    1   26    2    2    1       977
   20    1    5    3    1    3    2    1    0      1195
   20    1    5    4    1   19    1    1    1      1661
   20    1    5    5    1    6    1    1    1      3437
   20    1    5    6    1   28    2    2    1      1253
   20    1    5    7    1   12    2    2    1       852
   20    1    5    8    1    2    1    1    1      1179
   20    1    5    9    1   22    1    1    1       933
   20    1    5   10    1   15    2    2    1      1273
   20    1    5   11    1    9    1    2    0      3679
   20    1    5   12    1   21    1    1    1      1926
   20    1    5   13    1   31    2    2    1      1530
   20    1    5   14    1    7    2    1    0      3950
   20    1    6    1    1   31    2    2    1      1504
   20    1    6    2    1    9    1    2    0      1901
   20    1    6    3    1   21    1    1    1      3619
   20    1    6    4    1   28    2    2    1      1203
   20    1    6    5    1   25    2    1    0      2013
   20    1    6    6    1   26    2    1    0      4150
   20    1    6    7    1   19    1    1    1      1921
   20    1    6    8    1   15    2    2    1      4630
   20    1    6    9    1   12    2    2    1      1116
   20    1    6   10    1   22    1    1    1       994
   20    1    6   11    1    2    1    1    1       732
   20    1    6   12    1    7    2    2    1      2048
   20    1    6   13    1    6    1    1    1      1199
   20    1    6   14    1    3    2    1    0      1752
   20    1    7    1    1    9    1    1    1      6119
   20    1    7    2    1   12    2    2    1      1645
   20    1    7    3    1    3    2    2    1      1916
   20    1    7    4    1   31    2    2    1      1777
   20    1    7    5    1   21    1    1    1      2875
   20    1    7    6    1   25    2    1    0      3378
   20    1    7    7    1   19    1    1    1      2669
   20    1    7    8    1   22    1    1    1      1252
   20    1    7    9    1   26    2    2    1      1987
   20    1    7   10    1    7    2    1    0      1724
   20    1    7   11    1    2    1    1    1      4057
   20    1    7   12    1    6    1    1    1      1256
   20    1    7   13    1   15    2    2    1      1432
   20    1    7   14    1   28    2    2    1      1807
   20    1    8    1    1   25    2    2    1      1514
   20    1    8    2    1    9    1    1    1      1351
   20    1    8    3    1   26    2    1    0      3186
   20    1    8    4    1   28    2    2    1      2428
   20    1    8    5    1   22    1    1    1       820
   20    1    8    6    1   21    1    1    1       869
   20    1    8    7    1   12    2    2    1      2355
   20    1    8    8    1    2    1    1    1      1086
   20    1    8    9    1   31    2    2    1      1460
   20    1    8   10    1   19    1    2    0      1907
   20    1    8   11    1   15    2    2    1      1104
   20    1    8   12    1    3    2    1    0      1909
   20    1    8   13    1    6    1    1    1      1498
   20    1    8   14    1    7    2    2    1      1639
   20    1    9    1    1   28    2    2    1      1384
   20    1    9    2    1   15    2    2    1      1250
   20    1    9    3    1    6    1    1    1       937
   20    1    9    4    1   26    2    1    0      2372
   20    1    9    5    1   19    1    1    1      2935
   20    1    9    6    1    7    2    2    1      5915
   20    1    9    7    1   21    1    1    1      2529
   20    1    9    8    1   22    1    1    1      1109
   20    1    9    9    1   12    2    2    1      1010
   20    1    9   10    1   31    2    2    1      1131
   20    1    9   11    1    9    1    2    0      2855
   20    1    9   12    1   25    2    2    1      3366
   20    1    9   13    1    2    1    1    1      3049
   20    1    9   14    1    3    2    2    1      4400
   20    1   10    1    1    3    2    2    1      2641
   20    1   10    2    1   21    1    1    1      1728
   20    1   10    3    1    2    1    1    1      1717
   20    1   10    4    1   12    2    2    1      1930
   20    1   10    5    1   26    2    2    1      5238
   20    1   10    6    1   22    1    1    1      2022
   20    1   10    7    1   15    2    2    1      1631
   20    1   10    8    1   28    2    2    1      2055
   20    1   10    9    1   25    2    2    1      6014
   20    1   10   10    1   19    1    1    1      2495
   20    1   10   11    1    9    1    1    1      3237
   20    1   10   12    1   31    2    2    1      1758
   20    1   10   13    1    7    2    2    1      3817
   20    1   10   14    1    6    1    1    1      1673
   20    2    1    1    1   31    2    2    1      3546
   20    2    1    2    2   24    0    1    9      8236
   20    2    1    3    1   15    2    2    1      2341
   20    2    1    4    1    3    2    1    0      7096
   20    2    1    5    2    1    0    1    9      1774
   20    2    1    6    1   19    1    1    1     12128
   20    2    1    7    1   19    1    1    1      1967
   20    2    1    8    1    6    1    1    1      1809
   20    2    1    9    1    9    1    1    1      7634
   20    2    1   10    2   24    0    2    9      4762
   20    2    1   11    2   14    0    2    9      5462
   20    2    1   12    2   24    0    1    9      5526
   20    2    1   13    2    8    0    1    9      7674
   20    2    1   14    2   13    0    2    9     13146
   20    2    1   15    1    6    1    1    1      1575
   20    2    1   16    1    9    1    2    0      3249
   20    2    1   17    2   14    0    2    9     10288
   20    2    1   18    2   16    0    2    9      3543
   20    2    1   19    1   28    2    2    1      1547
   20    2    1   20    1    3    2    1    0     10398
   20    2    1   21    1    7    2    2    1      6752
   20    2    1   22    1   21    1    1    1      5436
   20    2    1   23    2   14    0    2    9      4132
   20    2    1   24    1   25    2    2    1      4272
   20    2    1   25    1   12    2    2    1      1503
   20    2    1   26    2   30    0    1    9      4028
   20    2    1   27    2   11    0    2    9      2029
   20    2    1   28    2   10    0    2    9      5869
   20    2    1   29    2   32    0    2    9      1428
   20    2    1   30    1   15    2    2    1      1157
   20    2    1   31    1   22    1    1    1      1657
   20    2    1   32    1   12    2    2    1      1272
   20    2    1   33    1    7    2    1    0      8110
   20    2    1   34    1   21    1    1    1      3029
   20    2    1   35    2   29    0    1    9      6613
   20    2    1   36    1   25    2    2    1      2454
   20    2    1   37    1   31    2    2    1      1502
   20    2    1   38    2   27    0    2    9      1067
   20    2    1   39    2   18    0    1    9      1857
   20    2    1   40    2   24    0    2    9      5896
   20    2    1   41    1   26    2    2    1      6294
   20    2    1   42    1    2    1    1    1      1204
   20    2    1   43    2    4    0    1    9      3261
   20    2    1   44    1    2    1    1    1      1372
   20    2    1   45    1   28    2    2    1      1279
   20    2    1   46    2   23    0    1    9      4181
   20    2    1   47    2   20    0    2    9      3623
   20    2    1   48    1   26    2    2    1      5432
   20    2    1   49    2   17    0    1    9      1249
   20    2    1   50    2   14    0    2    9      3800
   20    2    1   51    1   22    1    1    1      1218
   20    2    1   52    2    5    0    1    9      1370
   20    2    2    1    2   27    0    2    9      1396
   20    2    2    2    2   11    0    2    9      1126
   20    2    2    3    1   25    2    2    1      7410
   20    2    2    4    1   26    2    2    1      3949
   20    2    2    5    1   22    1    1    1      1256
   20    2    2    6    1   12    2    2    1      1272
   20    2    2    7    2   14    0    2    9      2983
   20    2    2    8    2   18    0    1    9      2936
   20    2    2    9    2   17    0    1    9       837
   20    2    2   10    2   16    0    2    9      2276
   20    2    2   11    2    4    0    1    9      3019
   20    2    2   12    1   25    2    2    1      7108
   20    2    2   13    1   22    1    1    1      2218
   20    2    2   14    1   21    1    1    1      1122
   20    2    2   15    1   19    1    1    1      2270
   20    2    2   16    1   28    2    2    1      1077
   20    2    2   17    1    3    2    2    1      1971
   20    2    2   18    1    7    2    2    1      1046
   20    2    2   19    2    8    0    1    9      2142
   20    2    2   20    2   24    0    1    9      1714
   20    2    2   21    2   23    0    1    9      6054
   20    2    2   22    2   20    0    2    9      4990
   20    2    2   23    1   21    1    1    1      1792
   20    2    2   24    1    6    1    1    1      1610
   20    2    2   25    2   13    0    2    9      2843
   20    2    2   26    2   14    0    2    9      3347
   20    2    2   27    2   14    0    2    9      1214
   20    2    2   28    1    9    1    1    1      1703
   20    2    2   29    1    3    2    2    1      3956
   20    2    2   30    2   32    0    2    9      3095
   20    2    2   31    1   26    2    2    1      4085
   20    2    2   32    1   28    2    2    1      1540
   20    2    2   33    2   14    0    2    9      3040
   20    2    2   34    1   31    2    2    1      2175
   20    2    2   35    1    2    1    1    1      1458
   20    2    2   36    1   12    2    2    1      1137
   20    2    2   37    1   15    2    2    1      1349
   20    2    2   38    2   24    0    2    9      7080
   20    2    2   39    2   24    0    1    9      3406
   20    2    2   40    1    9    1    1    1      6983
   20    2    2   41    2   30    0    1    9      4538
   20    2    2   42    2   24    0    2    9      3150
   20    2    2   43    1    7    2    1    0      3721
   20    2    2   44    1    2    1    1    1      4006
   20    2    2   45    1    6    1    1    1      1592
   20    2    2   46    1   31    2    2    1       946
   20    2    2   47    2   10    0    1    9      2478
   20    2    2   48    1   19    1    1    1      6204
   20    2    2   49    2    5    0    1    9      1726
   20    2    2   50    1   15    2    2    1      3154
   20    2    2   51    2   29    0    2    9      8301
   20    2    2   52    2    1    0    1    9      4027
