   28    1    1    1    1   12    2    1    0     20171
   28    1    1    2    1    7    2    3    0     49203
   28    1    1    3    1    9    1    1    1      6046
   28    1    1    4    1   22    3    2    0      1869
   28    1    1    5    1    2    1    1    1     23242
   28    1    1    6    1    6    1    2    0      4251
   28    1    1    7    1   18    3    1    0      2042
   28    1    1    8    1   19    4    3    0      4641
   28    1    1    9    1   25    3    1    0      6658
   28    1    1   10    1   28    4    4    1      8016
   28    1    1   11    1   15    2    3    0      2288
   28    1    1   12    1   31    4    2    0      2190
   28    1    1   13    1   23    4    3    0      8543
   28    1    1   14    1    3    2    1    0      2803
   28    1    2    1    1    6    1    2    0      8420
   28    1    2    2    1   23    4    3    0      3516
   28    1    2    3    1   19    4    1    0      6040
   28    1    2    4    1   22    3    2    0      4480
   28    1    2    5    1   18    3    1    0      2694
   28    1    2    6    1   25    3    1    0      1859
   28    1    2    7    1    7    2    3    0      7378
   28    1    2    8    1    9    1    1    1     12404
   28    1    2    9    1    3    2    2    1      4389
   28    1    2   10    1    2    1    1    1      1559
   28    1    2   11    1   15    2    2    1       970
   28    1    2   12    1   12    2    2    1      1380
   28    1    2   13    1   28    4    4    1      1725
   28    1    2   14    1   31    4    3    0       617
   28    1    3    1    1   25    3    3    1      1640
   28    1    3    2    1    9    1    1    1      1335
   28    1    3    3    1   19    4    4    1      1668
   28    1    3    4    1   28    4    4    1       738
   28    1    3    5    1    2    1    1    1      2902
   28    1    3    6    1   23    4    4    1      1475
   28    1    3    7    1    6    1    1    1      1066
   28    1    3    8    1   22    3    1    0      1984
   28    1    3    9    1    7    2    2    1      1705
   28    1    3   10    1   12    2    4    0      2535
   28    1    3   11    1   31    4    4    1      2682
   28    1    3   12    1    3    2    2    1      1552
   28    1    3   13    1   18    3    3    1      2452
   28    1    3   14    1   15    2    2    1      1602
   28    1    4    1    1    2    1    1    1      2382
   28    1    4    2    1   19    4    4    1      1104
   28    1    4    3    1    7    2    2    1      1269
   28    1    4    4    1   15    2    2    1      1172
   28    1    4    5    1   23    4    4    1       967
   28    1    4    6    1   18    3    3    1      1505
   28    1    4    7    1   25    3    3    1      1622
   28    1    4    8    1    6    1    1    1      1751
   28    1    4    9    1    3    2    2    1      1250
   28    1    4   10    1   22    3    3    1       962
   28    1    4   11    1   12    2    2    1      1645
   28    1    4   12    1   28    4    4    1       909
   28    1    4   13    1   31    4    4    1       938
   28    1    4   14    1    9    1    1    1      1814
   28    1    5    1    1    3    2    2    1      6375
   28    1    5    2    1    6    1    1    1       970
   28    1    5    3    1    2    1    1    1      1252
   28    1    5    4    1    9    1    1    1       947
   28    1    5    5    1   23    4    4    1      1007
   28    1    5    6    1   22    3    3    1       920
   28    1    5    7    1   12    2    2    1       965
   28    1    5    8    1   31    4    4    1       815
   28    1    5    9    1   15    2    2    1      1920
   28    1    5   10    1   18    3    3    1      1540
   28    1    5   11    1    7    2    2    1       760
   28    1    5   12    1   25    3    3    1      5819
   28    1    5   13    1   28    4    4    1       804
   28    1    5   14    1   19    4    4    1       821
   28    1    6    1    1    7    2    2    1      2487
   28    1    6    2    1   25    3    3    1      1157
   28    1    6    3    1    2    1    1    1      1416
   28    1    6    4    1    3    2    2    1      2257
   28    1    6    5    1   18    3    3    1      1800
   28    1    6    6    1   23    4    4    1       642
   28    1    6    7    1   22    3    3    1      1529
   28    1    6    8    1   15    2    2    1      2157
   28    1    6    9    1   28    4    4    1      1417
   28    1    6   10    1   31    4    4    1       689
   28    1    6   11    1    9    1    1    1       967
   28    1    6   12    1   19    4    4    1      1602
   28    1    6   13    1    6    1    1    1      1395
   28    1    6   14    1   12    2    2    1      1565
   28    2    1    1    2   30    0    3    9      2848
   28    2    1    2    1   23    4    4    1      3438
   28    2    1    3    2    1    0    1    9      4821
   28    2    1    4    1   22    3    3    1      3077
   28    2    1    5    1   31    4    4    1      8059
   28    2    1    6    1   19    4    4    1       986
   28    2    1    7    2   27    0    4    9       867
   28    2    1    8    2   29    0    3    9      1953
   28    2    1    9    1   15    2    2    1      4516
   28    2    1   10    2   14    0    1    9      1136
   28    2    1   11    2   10    0    1    9       851
   28    2    1   12    1    2    1    1    1      5250
   28    2    1   13    2   26    0    3    9      4784
   28    2    1   14    1    2    1    1    1      1970
   28    2    1   15    1    9    1    1    1      2436
   28    2    1   16    2   14    0    1    9      2051
   28    2    1   17    2   14    0    1    9      3826
   28    2    1   18    2   17    0    3    9      3786
   28    2    1   19    1   18    3    3    1      6755
   28    2    1   20    1   25    3    4    0      3830
   28    2    1   21    2    4    0    2    9      8237
   28    2    1   22    2   30    0    3    9      4868
   28    2    1   23    1   23    4    4    1      1858
   28    2    1   24    2   20    0    4    9      3449
   28    2    1   25    2   11    0    2    9      1040
   28    2    1   26    2   14    0    1    9       807
   28    2    1   27    2    8    0    2    9      1576
   28    2    1   28    1   28    4    4    1      1866
   28    2    1   29    2   32    0    4    9       496
   28    2    1   30    2   21    0    3    9       557
   28    2    1   31    1   22    3    3    1       648
   28    2    1   32    1    7    2    2    1       942
   28    2    1   33    1   25    3    3    1       730
   28    2    1   34    1   28    4    4    1       589
   28    2    1   35    2   30    0    3    9       694
   28    2    1   36    1   31    4    4    1       684
   28    2    1   37    2   16    0    2    9       849
   28    2    1   38    1   18    3    3    1      1120
   28    2    1   39    1    9    1    1    1       788
   28    2    1   40    1   19    4    4    1      1285
   28    2    1   41    2   24    0    4    9       466
   28    2    1   42    1    6    1    1    1      1264
   28    2    1   43    1    3    2    4    0       894
   28    2    1   44    2   13    0    1    9      3244
   28    2    1   45    2   30    0    3    9      1563
   28    2    1   46    1   12    2    2    1      2013
   28    2    1   47    2    5    0    1    9       781
   28    2    1   48    1    3    2    2    1       926
   28    2    1   49    1   15    2    2    1       634
   28    2    1   50    1    7    2    2    1       529
   28    2    1   51    1   12    2    2    1       781
   28    2    1   52    1    6    1    1    1       622
   28    2    2    1    1    6    1    1    1       550
   28    2    2    2    2   26    0    3    9       657
   28    2    2    3    2    8    0    2    9       871
   28    2    2    4    1   25    3    3    1      2613
   28    2    2    5    2   10    0    1    9      1229
   28    2    2    6    2   14    0    1    9       701
   28    2    2    7    1   18    3    3    1       913
   28    2    2    8    2    1    0    1    9      1182
   28    2    2    9    2   30    0    3    9       863
   28    2    2   10    1    9    1    1    1       733
   28    2    2   11    1    3    2    2    1      1569
   28    2    2   12    1    3    2    2    1       643
   28    2    2   13    2   14    0    1    9       794
   28    2    2   14    1   19    4    4    1      1739
   28    2    2   15    2   14    0    1    9      1335
   28    2    2   16    2   27    0    4    9       642
   28    2    2   17    2   30    0    3    9      1113
   28    2    2   18    1   28    4    4    1       845
   28    2    2   19    1   25    3    1    0       813
   28    2    2   20    1   15    2    2    1      1933
   28    2    2   21    1   23    4    4    1      1584
   28    2    2   22    2   13    0    1    9      1073
   28    2    2   23    2   30    0    3    9      1719
   28    2    2   24    2    4    0    2    9       739
   28    2    2   25    1   22    3    3    1      1767
   28    2    2   26    1   22    3    3    1       993
   28    2    2   27    2   20    0    4    9       810
   28    2    2   28    1    7    2    2    1      4970
   28    2    2   29    1    9    1    1    1       965
   28    2    2   30    1   19    4    4    1      1199
   28    2    2   31    1    7    2    2    1      2015
   28    2    2   32    2   30    0    3    9      3519
   28    2    2   33    2   14    0    1    9      4979
   28    2    2   34    1   12    2    2    1       925
   28    2    2   35    2   32    0    4    9      2105
   28    2    2   36    2    5    0    1    9      1094
   28    2    2   37    2   29    0    3    9      1227
   28    2    2   38    1   18    3    3    1      1067
   28    2    2   39    2   11    0    2    9      1441
   28    2    2   40    2   24    0    4    9      1801
   28    2    2   41    2   16    0    2    9      3265
   28    2    2   42    2   21    0    3    9       959
   28    2    2   43    1   15    2    2    1      2218
   28    2    2   44    1   28    4    4    1       722
   28    2    2   45    2   17    0    3    9      1110
   28    2    2   46    1   12    2    2    1      1002
   28    2    2   47    1    2    1    1    1      2531
   28    2    2   48    1    2    1    1    1       798
   28    2    2   49    1    6    1    1    1       623
   28    2    2   50    1   31    4    4    1       935
   28    2    2   51    1   23    4    4    1       706
   28    2    2   52    1   31    4    4    1       647
