   27    1    1    1    1   15    2    1    0      4854
   27    1    1    2    1   12    2    3    0      1378
   27    1    1    3    1    9    2    2    1      1011
   27    1    1    4    1   25    4    1    0       797
   27    1    1    5    1    3    1    2    0      1829
   27    1    1    6    1   31    4    4    1      1157
   27    1    1    7    1   21    3    2    0       937
   27    1    1    8    1   26    4    3    0      2076
   27    1    1    9    1   10    2    4    0      3842
   27    1    1   10    1   22    3    3    1      1634
   27    1    1   11    1   19    3    2    0      1762
   27    1    1   12    1   28    4    4    1       596
   27    1    1   13    1    5    1    1    1       541
   27    1    1   14    1    6    1    2    0       425
   27    1    2    1    1   21    3    1    0      2342
   27    1    2    2    1   28    4    2    0      3521
   27    1    2    3    1    3    1    3    0       702
   27    1    2    4    1   25    4    3    0       794
   27    1    2    5    1   10    2    2    1      4324
   27    1    2    6    1    6    1    2    0       841
   27    1    2    7    1    9    2    2    1       945
   27    1    2    8    1   26    4    4    1      1180
   27    1    2    9    1   22    3    1    0      2382
   27    1    2   10    1   19    3    1    0      1447
   27    1    2   11    1   31    4    3    0       567
   27    1    2   12    1   15    2    2    1      1257
   27    1    2   13    1    5    1    1    1      1543
   27    1    2   14    1   12    2    3    0      1163
   27    1    3    1    1    6    1    2    0      1973
   27    1    3    2    1   31    4    4    1       863
   27    1    3    3    1    9    2    1    0       925
   27    1    3    4    1   28    4    4    1       913
   27    1    3    5    1   22    3    3    1      1454
   27    1    3    6    1   12    2    2    1       533
   27    1    3    7    1   19    3    4    0      1457
   27    1    3    8    1   25    4    4    1       737
   27    1    3    9    1   15    2    2    1       501
   27    1    3   10    1   10    2    2    1       850
   27    1    3   11    1    3    1    1    1      2240
   27    1    3   12    1    5    1    2    0       889
   27    1    3   13    1   21    3    3    1      1262
   27    1    3   14    1   26    4    4    1      1181
   27    1    4    1    1   19    3    3    1      1362
   27    1    4    2    1   31    4    4    1       700
   27    1    4    3    1   21    3    3    1      1793
   27    1    4    4    1    6    1    2    0      1196
   27    1    4    5    1   12    2    2    1       821
   27    1    4    6    1   26    4    3    0       950
   27    1    4    7    1    9    2    2    1      1048
   27    1    4    8    1   22    3    3    1      1823
   27    1    4    9    1   15    2    1    0      2440
   27    1    4   10    1   28    4    4    1      1407
   27    1    4   11    1    3    1    1    1       744
   27    1    4   12    1    5    1    1    1       828
   27    1    4   13    1   25    4    4    1      1837
   27    1    4   14    1   10    2    2    1      1651
   27    1    5    1    1   26    4    4    1      1506
   27    1    5    2    1   10    2    2    1      1063
   27    1    5    3    1    5    1    1    1      1165
   27    1    5    4    1    3    1    1    1       896
   27    1    5    5    1   28    4    4    1      1085
   27    1    5    6    1    6    1    1    1      1267
   27    1    5    7    1   31    4    4    1       626
   27    1    5    8    1   22    3    3    1      1531
   27    1    5    9    1   19    3    3    1      1486
   27    1    5   10    1    9    2    2    1      1619
   27    1    5   11    1   15    2    2    1       627
   27    1    5   12    1   21    3    3    1      1227
   27    1    5   13    1   12    2    2    1      2652
   27    1    5   14    1   25    4    4    1      1860
   27    1    6    1    1    9    2    2    1      1175
   27    1    6    2    1   28    4    4    1      1080
   27    1    6    3    1   10    2    2    1       783
   27    1    6    4    1   15    2    2    1       816
   27    1    6    5    1    3    1    1    1       529
   27    1    6    6    1   31    4    4    1      1548
   27    1    6    7    1   19    3    3    1       928
   27    1    6    8    1    5    1    1    1      1021
   27    1    6    9    1   21    3    3    1       996
   27    1    6   10    1   26    4    4    1       781
   27    1    6   11    1   22    3    3    1      1327
   27    1    6   12    1    6    1    1    1      1196
   27    1    6   13    1   12    2    2    1       781
   27    1    6   14    1   25    4    3    0       784
   27    1    7    1    1   25    4    4    1       898
   27    1    7    2    1   10    2    2    1       751
   27    1    7    3    1    5    1    1    1       770
   27    1    7    4    1    3    1    1    1       581
   27    1    7    5    1   28    4    4    1       686
   27    1    7    6    1   31    4    4    1       644
   27    1    7    7    1   15    2    2    1      1116
   27    1    7    8    1   21    3    3    1       960
   27    1    7    9    1    6    1    1    1      1627
   27    1    7   10    1   12    2    2    1       844
   27    1    7   11    1    9    2    2    1      2875
   27    1    7   12    1   22    3    3    1      1322
   27    1    7   13    1   19    3    3    1      1255
   27    1    7   14    1   26    4    4    1       646
   27    1    8    1    1   22    3    3    1       825
   27    1    8    2    1   10    2    2    1       921
   27    1    8    3    1    3    1    1    1       646
   27    1    8    4    1   21    3    3    1      2029
   27    1    8    5    1   12    2    2    1       669
   27    1    8    6    1    6    1    1    1       580
   27    1    8    7    1   15    2    2    1       621
   27    1    8    8    1    5    1    1    1       614
   27    1    8    9    1   31    4    4    1       734
   27    1    8   10    1   25    4    4    1       754
   27    1    8   11    1    9    2    2    1       964
   27    1    8   12    1   26    4    4    1       974
   27    1    8   13    1   28    4    4    1       632
   27    1    8   14    1   19    3    3    1       976
   27    1    9    1    1   22    3    3    1      1144
   27    1    9    2    1   10    2    2    1       587
   27    1    9    3    1   28    4    4    1       964
   27    1    9    4    1    6    1    1    1      1198
   27    1    9    5    1   26    4    4    1       751
   27    1    9    6    1   31    4    4    1       545
   27    1    9    7    1    3    1    1    1       621
   27    1    9    8    1    5    1    1    1       740
   27    1    9    9    1   19    3    3    1       664
   27    1    9   10    1   15    2    2    1      1022
   27    1    9   11    1   21    3    3    1       983
   27    1    9   12    1    9    2    2    1       896
   27    1    9   13    1   25    4    4    1      1165
   27    1    9   14    1   12    2    2    1       495
   27    2    1    1    1    3    1    1    1      1479
   27    2    1    2    2    8    0    1    9       875
   27    2    1    3    2    8    0    1    9      1434
   27    2    1    4    2    2    0    1    9       754
   27    2    1    5    1   25    4    4    1      2036
   27    2    1    6    2   32    0    4    9       740
   27    2    1    7    1    5    1    1    1      3367
   27    2    1    8    2   18    0    3    9       977
   27    2    1    9    2   24    0    3    9       827
   27    2    1   10    2   13    0    2    9       667
   27    2    1   11    2    8    0    1    9       833
   27    2    1   12    1   10    2    2    1       896
   27    2    1   13    2    7    0    1    9       685
   27    2    1   14    1   28    4    4    1      1202
   27    2    1   15    2   30    0    4    9       643
   27    2    1   16    2   11    0    2    9      2491
   27    2    1   17    2   24    0    3    9      1816
   27    2    1   18    2   23    0    3    9       560
   27    2    1   19    1    9    2    2    1       618
   27    2    1   20    1   28    4    4    1      1043
   27    2    1   21    2   16    0    2    9      1114
   27    2    1   22    2   24    0    3    9      1966
   27    2    1   23    1    9    2    2    1      1137
   27    2    1   24    1    5    1    1    1       932
   27    2    1   25    1   25    4    4    1      1023
   27    2    1   26    2   20    0    3    9       792
   27    2    1   27    1    3    1    1    1       809
   27    2    1   28    1   10    2    2    1       538
   27    2    1   29    1   31    4    4    1       629
   27    2    1   30    2   29    0    4    9       541
   27    2    1   31    2   14    0    2    9       824
   27    2    1   32    2   27    0    4    9       825
   27    2    1   33    1    6    1    1    1       874
   27    2    1   34    2    1    0    1    9      1447
   27    2    1   35    1   19    3    3    1       687
   27    2    1   36    2    8    0    1    9      2884
   27    2    1   37    2   24    0    3    9       802
   27    2    1   38    2    4    0    1    9       562
   27    2    1   39    1    6    1    1    1      1533
   27    2    1   40    1   22    3    3    1       721
   27    2    1   41    2   17    0    3    9       709
   27    2    1   42    1   26    4    4    1       618
   27    2    1   43    1   15    2    2    1       754
   27    2    1   44    1   12    2    2    1       613
   27    2    1   45    1   15    2    2    1       526
   27    2    1   46    1   21    3    3    1      1178
   27    2    1   47    1   31    4    4    1       556
   27    2    1   48    1   26    4    3    0       599
   27    2    1   49    1   22    3    3    1      1215
   27    2    1   50    1   19    3    3    1       736
   27    2    1   51    1   21    3    3    1       756
   27    2    1   52    1   12    2    2    1       806
   27    2    2    1    2    8    0    1    9       951
   27    2    2    2    1   21    3    3    1       834
   27    2    2    3    2   32    0    4    9       449
   27    2    2    4    1    5    1    1    1      2384
   27    2    2    5    1   28    4    4    1      1986
   27    2    2    6    2   23    0    3    9       755
   27    2    2    7    2   24    0    3    9       438
   27    2    2    8    2   29    0    4    9       501
   27    2    2    9    1   15    2    2    1       882
   27    2    2   10    1   12    2    2    1       767
   27    2    2   11    2   13    0    2    9       657
   27    2    2   12    2    8    0    1    9       696
   27    2    2   13    2    4    0    1    9       877
   27    2    2   14    2    7    0    1    9       731
   27    2    2   15    2    8    0    1    9       655
   27    2    2   16    1   22    3    3    1       902
   27    2    2   17    2   24    0    3    9       595
   27    2    2   18    1   25    4    4    1       733
   27    2    2   19    2   17    0    3    9       608
   27    2    2   20    2    2    0    1    9      1081
   27    2    2   21    1    9    2    2    1      1455
   27    2    2   22    1   19    3    3    1       693
   27    2    2   23    2   30    0    4    9       651
   27    2    2   24    1   26    4    4    1      1169
   27    2    2   25    1    3    1    1    1      1155
   27    2    2   26    1   19    3    3    1       918
   27    2    2   27    1   12    2    2    1       962
   27    2    2   28    1    6    1    1    1      1437
   27    2    2   29    2   24    0    3    9       708
   27    2    2   30    1    6    1    1    1      1448
   27    2    2   31    1   21    3    3    1       768
   27    2    2   32    2    8    0    1    9       690
   27    2    2   33    1   15    2    2    1       792
   27    2    2   34    2   18    0    3    9       809
   27    2    2   35    1    3    1    1    1       969
   27    2    2   36    1   26    4    4    1       739
   27    2    2   37    1   28    4    4    1      1671
   27    2    2   38    2   24    0    3    9       582
   27    2    2   39    1    5    1    1    1       560
   27    2    2   40    1   31    4    4    1       635
   27    2    2   41    1   10    2    2    1      1058
   27    2    2   42    1   22    3    3    1       793
   27    2    2   43    2   14    0    2    9       923
   27    2    2   44    2   27    0    4    9      1784
   27    2    2   45    2    1    0    1    9       769
   27    2    2   46    2   16    0    2    9       707
   27    2    2   47    2   11    0    2    9       873
   27    2    2   48    1   31    4    4    1       599
   27    2    2   49    1   10    2    2    1      1440
   27    2    2   50    1    9    2    2    1       456
   27    2    2   51    2   20    0    3    9       711
   27    2    2   52    1   25    4    4    1       748
