   19    1    1    1    1   10    2    1    0     12341
   19    1    1    2    1   25    4    1    0      6938
   19    1    1    3    1   31    4    1    0      5278
   19    1    1    4    1    9    2    4    0      5028
   19    1    1    5    1   22    3    4    0      8899
   19    1    1    6    1   21    3    2    0      6632
   19    1    1    7    1    3    1    1    1      6743
   19    1    1    8    1   28    4    4    1      1899
   19    1    1    9    1   26    4    3    0      6031
   19    1    1   10    1   12    2    3    0      2471
   19    1    1   11    1   19    3    4    0      7229
   19    1    1   12    1    6    1    2    0      8469
   19    1    1   13    1   15    2    2    1      1723
   19    1    1   14    1    5    1    1    1      2023
   19    1    2    1    1    3    1    2    0      4067
   19    1    2    2    1    9    2    1    0      2985
   19    1    2    3    1    5    1    2    0      3066
   19    1    2    4    1   31    4    3    0      3768
   19    1    2    5    1   25    4    3    0      2826
   19    1    2    6    1   28    4    3    0      1682
   19    1    2    7    1   22    3    3    1      1943
   19    1    2    8    1   15    2    1    0      7546
   19    1    2    9    1   12    2    2    1      2469
   19    1    2   10    1    6    1    1    1      4003
   19    1    2   11    1   26    4    3    0     14083
   19    1    2   12    1   19    3    3    1      1897
   19    1    2   13    1   10    2    2    1      6253
   19    1    2   14    1   21    3    3    1      8868
   19    1    3    1    1   12    2    1    0     12212
   19    1    3    2    1    9    2    1    0      4021
   19    1    3    3    1   22    3    3    1      3821
   19    1    3    4    1   25    4    4    1      4357
   19    1    3    5    1    3    1    1    1      8999
   19    1    3    6    1   28    4    4    1      4000
   19    1    3    7    1   21    3    3    1      3793
   19    1    3    8    1   15    2    1    0      7769
   19    1    3    9    1   31    4    3    0      6060
   19    1    3   10    1   10    2    2    1      7859
   19    1    3   11    1   26    4    4    1      7018
   19    1    3   12    1    5    1    1    1      3698
   19    1    3   13    1    6    1    1    1      3198
   19    1    3   14    1   19    3    3    1      9486
   19    1    4    1    1   22    3    1    0      5606
   19    1    4    2    1   19    3    3    1      2367
   19    1    4    3    1    3    1    1    1      6657
   19    1    4    4    1   12    2    2    1      2552
   19    1    4    5    1   10    2    2    1      3074
   19    1    4    6    1    9    2    1    0      5432
   19    1    4    7    1   26    4    4    1     13255
   19    1    4    8    1   31    4    4    1      1350
   19    1    4    9    1   15    2    2    1      5681
   19    1    4   10    1   21    3    3    1      2574
   19    1    4   11    1   25    4    4    1      6248
   19    1    4   12    1    5    1    1    1      5151
   19    1    4   13    1   28    4    4    1      3121
   19    1    4   14    1    6    1    1    1      5301
   19    1    5    1    1   12    2    4    0      3730
   19    1    5    2    1   19    3    3    1      5798
   19    1    5    3    1   26    4    4    1      3727
   19    1    5    4    1    3    1    1    1      4027
   19    1    5    5    1   22    3    3    1      3354
   19    1    5    6    1   21    3    3    1      1765
   19    1    5    7    1   15    2    2    1      2351
   19    1    5    8    1    9    2    2    1      2483
   19    1    5    9    1    5    1    1    1      1360
   19    1    5   10    1    6    1    1    1      1482
   19    1    5   11    1   10    2    2    1      2016
   19    1    5   12    1   25    4    4    1      3248
   19    1    5   13    1   31    4    4    1      1455
   19    1    5   14    1   28    4    4    1      2085
   19    1    6    1    1   10    2    2    1     13324
   19    1    6    2    1   26    4    4    1      4536
   19    1    6    3    1   22    3    3    1      1828
   19    1    6    4    1   21    3    3    1      2460
   19    1    6    5    1   28    4    4    1      1818
   19    1    6    6    1    9    2    2    1      3730
   19    1    6    7    1   25    4    4    1      3085
   19    1    6    8    1   19    3    3    1      3971
   19    1    6    9    1    3    1    1    1      3797
   19    1    6   10    1    5    1    1    1      1598
   19    1    6   11    1   15    2    2    1      1710
   19    1    6   12    1    6    1    1    1      2939
   19    1    6   13    1   12    2    2    1      2950
   19    1    6   14    1   31    4    4    1      3201
   19    1    7    1    1    6    1    1    1      4946
   19    1    7    2    1   10    2    2    1      3037
   19    1    7    3    1   25    4    4    1      2212
   19    1    7    4    1    5    1    1    1      4908
   19    1    7    5    1   22    3    3    1      2457
   19    1    7    6    1   19    3    3    1      1720
   19    1    7    7    1    3    1    1    1      1428
   19    1    7    8    1   21    3    3    1      3804
   19    1    7    9    1   28    4    4    1      1492
   19    1    7   10    1   26    4    4    1      4506
   19    1    7   11    1   15    2    2    1      3415
   19    1    7   12    1   12    2    2    1      3806
   19    1    7   13    1    9    2    2    1      2215
   19    1    7   14    1   31    4    4    1      1951
   19    1    8    1    1   22    3    1    0      2218
   19    1    8    2    1   10    2    2    1      3291
   19    1    8    3    1   31    4    4    1      3304
   19    1    8    4    1   12    2    2    1      1589
   19    1    8    5    1   15    2    2    1      1174
   19    1    8    6    1    5    1    1    1       904
   19    1    8    7    1   28    4    4    1      1364
   19    1    8    8    1    9    2    2    1      2494
   19    1    8    9    1    6    1    1    1      1708
   19    1    8   10    1   26    4    4    1      6136
   19    1    8   11    1   19    3    3    1      1364
   19    1    8   12    1    3    1    1    1      3678
   19    1    8   13    1   25    4    2    0      1772
   19    1    8   14    1   21    3    3    1      2046
   19    1    9    1    1   15    2    2    1      1123
   19    1    9    2    1   12    2    2    1      1064
   19    1    9    3    1    6    1    1    1      1565
   19    1    9    4    1   25    4    4    1      2159
   19    1    9    5    1   31    4    4    1       858
   19    1    9    6    1    5    1    1    1      1625
   19    1    9    7    1   22    3    3    1      1385
   19    1    9    8    1   21    3    3    1      2082
   19    1    9    9    1    3    1    1    1      2591
   19    1    9   10    1   19    3    3    1      7465
   19    1    9   11    1   28    4    4    1      3407
   19    1    9   12    1   26    4    4    1      4839
   19    1    9   13    1    9    2    2    1      1479
   19    1    9   14    1   10    2    2    1      1133
   19    1   10    1    1    6    1    1    1      4337
   19    1   10    2    1   28    4    4    1      6228
   19    1   10    3    1   15    2    2    1      1453
   19    1   10    4    1   22    3    1    0      1443
   19    1   10    5    1   19    3    3    1      3314
   19    1   10    6    1   10    2    2    1      4655
   19    1   10    7    1   12    2    2    1      1717
   19    1   10    8    1   21    3    3    1      1217
   19    1   10    9    1    3    1    1    1      1201
   19    1   10   10    1    5    1    1    1      1522
   19    1   10   11    1   31    4    4    1      2662
   19    1   10   12    1    9    2    2    1      1484
   19    1   10   13    1   25    4    4    1      3282
   19    1   10   14    1   26    4    4    1      4447
   19    2    1    1    1   19    3    3    1      6184
   19    2    1    2    1   12    2    2    1      4785
   19    2    1    3    1   10    2    2    1      1474
   19    2    1    4    1   25    4    4    1      1976
   19    2    1    5    1    5    1    1    1      1754
   19    2    1    6    1   21    3    3    1      4053
   19    2    1    7    2   20    0    3    9       899
   19    2    1    8    2    8    0    1    9     12944
   19    2    1    9    1   19    3    3    1     13659
   19    2    1   10    2    8    0    1    9      8522
   19    2    1   11    2   30    0    4    9      9766
   19    2    1   12    2   24    0    3    9      9024
   19    2    1   13    1    9    2    2    1      3496
   19    2    1   14    2   13    0    2    9      2541
   19    2    1   15    2   24    0    3    9      6168
   19    2    1   16    2    1    0    1    9      7986
   19    2    1   17    2   17    0    3    9      2916
   19    2    1   18    1    5    1    1    1      2943
   19    2    1   19    1   22    3    3    1      1995
   19    2    1   20    1    9    2    1    0      3452
   19    2    1   21    2   18    0    3    9     10963
   19    2    1   22    1   31    4    4    1      4845
   19    2    1   23    2   16    0    2    9      1068
   19    2    1   24    1    3    1    1    1      3826
   19    2    1   25    1   28    4    4    1      3610
   19    2    1   26    1   15    2    2    1      1403
   19    2    1   27    2   29    0    4    9      2515
   19    2    1   28    1   25    4    4    1      1455
   19    2    1   29    1    3    1    1    1      5382
   19    2    1   30    1   26    4    4    1      7823
   19    2    1   31    1    6    1    1    1      1575
   19    2    1   32    2   24    0    3    9      3929
   19    2    1   33    2   32    0    4    9      7068
   19    2    1   34    1    6    1    1    1      2307
   19    2    1   35    2   23    0    1    9      3239
   19    2    1   36    1   21    3    3    1     11799
   19    2    1   37    1   12    2    2    1      2719
   19    2    1   38    2    8    0    1    9      7571
   19    2    1   39    2    2    0    1    9      2725
   19    2    1   40    2   24    0    3    9      3673
   19    2    1   41    1   22    3    3    1      2119
   19    2    1   42    2   27    0    4    9      2387
   19    2    1   43    1   10    2    2    1      6836
   19    2    1   44    2    7    0    1    9      1908
   19    2    1   45    2    8    0    1    9      1672
   19    2    1   46    1   28    4    4    1      6438
   19    2    1   47    1   15    2    2    1      6085
   19    2    1   48    2   14    0    2    9      2291
   19    2    1   49    1   31    4    4    1      1096
   19    2    1   50    1   26    4    4    1      2301
   19    2    1   51    2    4    0    1    9      1474
   19    2    1   52    2   11    0    2    9      2120
   19    2    2    1    2    7    0    1    9      3108
   19    2    2    2    2    8    0    1    9      3176
   19    2    2    3    1   19    3    3    1      5786
   19    2    2    4    1   21    3    3    1      1540
   19    2    2    5    2   30    0    4    9      4167
   19    2    2    6    1   21    3    3    1      1425
   19    2    2    7    1   31    4    4    1      2489
   19    2    2    8    2   32    0    4    9      1030
   19    2    2    9    2   24    0    3    9      2909
   19    2    2   10    2   16    0    2    9      2106
   19    2    2   11    1   26    4    4    1      5783
   19    2    2   12    2    8    0    1    9      5039
   19    2    2   13    1   12    2    2    1      2488
   19    2    2   14    2   17    0    3    9      2693
   19    2    2   15    1    3    1    1    1      1883
   19    2    2   16    1   31    4    4    1      3888
   19    2    2   17    1   25    4    4    1      2069
   19    2    2   18    2   18    0    3    9      1843
   19    2    2   19    1    9    2    2    1      2779
   19    2    2   20    1    9    2    2    1      4556
   19    2    2   21    2   24    0    3    9      2215
   19    2    2   22    1   10    2    2    1      8047
   19    2    2   23    1    6    1    1    1      1422
   19    2    2   24    2   29    0    4    9      2998
   19    2    2   25    1   28    4    4    1      1486
   19    2    2   26    1    5    1    1    1      3076
   19    2    2   27    2   13    0    2    9      2170
   19    2    2   28    2    8    0    1    9      1652
   19    2    2   29    2    4    0    1    9      5122
   19    2    2   30    2    1    0    1    9       934
   19    2    2   31    2    8    0    1    9      1330
   19    2    2   32    2   24    0    3    9      6429
   19    2    2   33    1    3    1    1    1      1389
   19    2    2   34    2   27    0    4    9      1766
   19    2    2   35    2   14    0    2    9      1873
   19    2    2   36    1   22    3    3    1      3223
   19    2    2   37    1   12    2    2    1      2871
   19    2    2   38    1   22    3    3    1      5781
   19    2    2   39    1   10    2    2    1      2862
   19    2    2   40    2   23    0    3    9      5037
   19    2    2   41    1   15    2    2    1      5956
   19    2    2   42    1    6    1    1    1      3095
   19    2    2   43    2    2    0    1    9      1660
   19    2    2   44    1    5    1    1    1      1723
   19    2    2   45    1   26    4    4    1      2743
   19    2    2   46    1   25    4    4    1      1482
   19    2    2   47    1   15    2    2    1      8495
   19    2    2   48    1   28    4    4    1      1117
   19    2    2   49    1   19    3    3    1      2177
   19    2    2   50    2   11    0    2    9      1915
   19    2    2   51    2   20    0    3    9      3391
   19    2    2   52    2   24    0    3    9      2824
