   38    1    1    1    1    6    1    1    1      2544
   38    1    1    2    1   31    2    2    1       718
   38    1    1    3    1   22    1    1    1       618
   38    1    1    4    1   25    2    2    1       515
   38    1    1    5    1   28    2    2    1       431
   38    1    1    6    1    7    2    1    0       462
   38    1    1    7    1   19    1    1    1      4709
   38    1    1    8    1   15    2    2    1      3491
   38    1    1    9    1   21    1    2    0      1114
   38    1    1   10    1    3    2    1    0      1078
   38    1    1   11    1    9    1    2    0      1605
   38    1    1   12    1    2    1    1    1      1342
   38    1    1   13    1   12    2    1    0      1489
   38    1    1   14    1   26    2    2    1       895
   38    1    2    1    1    3    2    1    0      1015
   38    1    2    2    1   22    1    1    1      1024
   38    1    2    3    1   15    2    2    1      1296
   38    1    2    4    1    9    1    1    1       766
   38    1    2    5    1   12    2    1    0      2600
   38    1    2    6    1    7    2    1    0      2369
   38    1    2    7    1   26    2    2    1       844
   38    1    2    8    1    6    1    2    0       820
   38    1    2    9    1    2    1    1    1      1028
   38    1    2   10    1   21    1    2    0      2237
   38    1    2   11    1   25    2    1    0      1012
   38    1    2   12    1   31    2    2    1      3253
   38    1    2   13    1   28    2    1    0       893
   38    1    2   14    1   19    1    2    0       667
   38    1    3    1    1    2    1    1    1      4714
   38    1    3    2    1   12    2    2    1      1439
   38    1    3    3    1    6    1    1    1       751
   38    1    3    4    1   15    2    2    1      1266
   38    1    3    5    1    3    2    1    0       936
   38    1    3    6    1   19    1    1    1       452
   38    1    3    7    1   26    2    2    1       955
   38    1    3    8    1    9    1    2    0       702
   38    1    3    9    1   22    1    1    1      2299
   38    1    3   10    1   21    1    1    1       664
   38    1    3   11    1   25    2    1    0       895
   38    1    3   12    1    7    2    2    1      2709
   38    1    3   13    1   28    2    2    1      4570
   38    1    3   14    1   31    2    2    1      1445
   38    1    4    1    1    2    1    1    1      1490
   38    1    4    2    1    3    2    1    0      2200
   38    1    4    3    1   19    1    2    0      1017
   38    1    4    4    1    7    2    2    1      1033
   38    1    4    5    1    6    1    2    0       961
   38    1    4    6    1    9    1    2    0       964
   38    1    4    7    1   31    2    1    0      1783
   38    1    4    8    1   21    1    1    1      3321
   38    1    4    9    1   15    2    2    1      1949
   38    1    4   10    1   25    2    1    0       624
   38    1    4   11    1   26    2    1    0      1385
   38    1    4   12    1   22    1    2    0       859
   38    1    4   13    1   28    2    2    1       914
   38    1    4   14    1   12    2    1    0      1006
   38    1    5    1    1   26    2    1    0      1287
   38    1    5    2    1    2    1    1    1       812
   38    1    5    3    1   25    2    2    1      4109
   38    1    5    4    1    7    2    2    1      5419
   38    1    5    5    1   22    1    1    1      1236
   38    1    5    6    1   19    1    2    0      1748
   38    1    5    7    1   15    2    2    1      1630
   38    1    5    8    1    6    1    1    1      2167
   38    1    5    9    1   31    2    2    1      1361
   38    1    5   10    1    3    2    2    1      1468
   38    1    5   11    1   21    1    2    0      1314
   38    1    5   12    1   12    2    2    1      6319
   38    1    5   13    1    9    1    2    0      1676
   38    1    5   14    1   28    2    2    1       978
   38    1    6    1    1    7    2    2    1      1376
   38    1    6    2    1   26    2    2    1      1459
   38    1    6    3    1    2    1    1    1      1330
   38    1    6    4    1   28    2    2    1       726
   38    1    6    5    1    6    1    1    1       978
   38    1    6    6    1   31    2    2    1      1108
   38    1    6    7    1    3    2    2    1       890
   38    1    6    8    1    9    1    1    1       895
   38    1    6    9    1   25    2    1    0       861
   38    1    6   10    1   21    1    2    0      1156
   38    1    6   11    1   15    2    2    1       839
   38    1    6   12    1   22    1    2    0       895
   38    1    6   13    1   12    2    2    1      3885
   38    1    6   14    1   19    1    2    0       883
   38    1    7    1    1    7    2    2    1      1132
   38    1    7    2    1   15    2    2    1       528
   38    1    7    3    1    2    1    1    1       860
   38    1    7    4    1   25    2    2    1      1067
   38    1    7    5    1    3    2    2    1       593
   38    1    7    6    1    6    1    1    1       707
   38    1    7    7    1   26    2    2    1       904
   38    1    7    8    1   28    2    2    1      2892
   38    1    7    9    1   12    2    2    1       699
   38    1    7   10    1   21    1    1    1       639
   38    1    7   11    1   19    1    2    0       663
   38    1    7   12    1    9    1    1    1       798
   38    1    7   13    1   31    2    2    1      1103
   38    1    7   14    1   22    1    2    0       948
   38    1    8    1    1   26    2    2    1       915
   38    1    8    2    1   31    2    2    1       639
   38    1    8    3    1    2    1    1    1       863
   38    1    8    4    1   19    1    2    0      1086
   38    1    8    5    1    9    1    1    1      2491
   38    1    8    6    1    6    1    2    0       641
   38    1    8    7    1   28    2    2    1       745
   38    1    8    8    1   12    2    2    1       781
   38    1    8    9    1    3    2    1    0       918
   38    1    8   10    1   15    2    2    1       779
   38    1    8   11    1    7    2    2    1       717
   38    1    8   12    1   25    2    2    1      1537
   38    1    8   13    1   22    1    2    0       765
   38    1    8   14    1   21    1    2    0      5911
   38    1    9    1    1   21    1    1    1      4181
   38    1    9    2    1   15    2    2    1      1167
   38    1    9    3    1    7    2    2    1       666
   38    1    9    4    1   12    2    2    1      1208
   38    1    9    5    1   19    1    2    0       681
   38    1    9    6    1    6    1    2    0      1383
   38    1    9    7    1    3    2    2    1      2585
   38    1    9    8    1   26    2    2    1      2027
   38    1    9    9    1   31    2    2    1       716
   38    1    9   10    1   25    2    2    1       448
   38    1    9   11    1    9    1    2    0       567
   38    1    9   12    1    2    1    2    0      1745
   38    1    9   13    1   28    2    2    1      2413
   38    1    9   14    1   22    1    1    1       798
   38    1   10    1    1   21    1    1    1      1693
   38    1   10    2    1   25    2    2    1      1435
   38    1   10    3    1   26    2    2    1      1394
   38    1   10    4    1   12    2    2    1      1116
   38    1   10    5    1   19    1    2    0       736
   38    1   10    6    1    7    2    2    1      1076
   38    1   10    7    1   15    2    2    1       970
   38    1   10    8    1    6    1    1    1      1317
   38    1   10    9    1    9    1    1    1      1097
   38    1   10   10    1    3    2    2    1       638
   38    1   10   11    1   22    1    2    0       678
   38    1   10   12    1   28    2    2    1       532
   38    1   10   13    1    2    1    2    0      1272
   38    1   10   14    1   31    2    2    1       694
   38    2    1    1    2   24    0    2    9      1268
   38    2    1    2    2   24    0    2    9       883
   38    2    1    3    1   22    1    2    0      1584
   38    2    1    4    1    7    2    2    1       970
   38    2    1    5    1   15    2    2    1      1932
   38    2    1    6    1   25    2    1    0      1048
   38    2    1    7    2    8    0    2    9       695
   38    2    1    8    2   32    0    2    9       893
   38    2    1    9    2    5    0    1    9      1010
   38    2    1   10    1    6    1    2    0      1084
   38    2    1   11    1   28    2    2    1       650
   38    2    1   12    1   19    1    2    0       905
   38    2    1   13    1   31    2    2    1       846
   38    2    1   14    1   12    2    2    1       654
   38    2    1   15    2   30    0    2    9      2708
   38    2    1   16    1    2    1    1    1       722
   38    2    1   17    2   20    0    2    9       815
   38    2    1   18    1   21    1    2    0      1023
   38    2    1   19    2   14    0    2    9       695
   38    2    1   20    2    4    0    2    9       629
   38    2    1   21    2   14    0    1    9       669
   38    2    1   22    1    2    1    1    1       787
   38    2    1   23    1   26    2    2    1      1349
   38    2    1   24    2   29    0    2    9      1160
   38    2    1   25    1   15    2    2    1       883
   38    2    1   26    2   18    0    2    9       681
   38    2    1   27    2   11    0    2    9       726
   38    2    1   28    2   24    0    2    9       483
   38    2    1   29    2   23    0    2    9       521
   38    2    1   30    1   12    2    2    1       501
   38    2    1   31    1    7    2    2    1       538
   38    2    1   32    2    1    0    1    9       630
   38    2    1   33    1    9    1    2    0      1102
   38    2    1   34    2   13    0    2    9      1147
   38    2    1   35    2   14    0    2    9      1902
   38    2    1   36    2   16    0    2    9       739
   38    2    1   37    1   25    2    1    0      1159
   38    2    1   38    1    3    2    1    0      2202
   38    2    1   39    2   10    0    1    9      2339
   38    2    1   40    1   19    1    2    0      1063
   38    2    1   41    1   28    2    2    1      1559
   38    2    1   42    1    9    1    1    1      1418
   38    2    1   43    2   24    0    2    9      1154
   38    2    1   44    1   22    1    2    0       662
   38    2    1   45    1   21    1    1    1      1501
   38    2    1   46    1   31    2    2    1       890
   38    2    1   47    2   17    0    1    9      1247
   38    2    1   48    2   14    0    2    9       750
   38    2    1   49    1    3    2    2    1      1138
   38    2    1   50    1    6    1    2    0      1230
   38    2    1   51    1   26    2    1    0      3502
   38    2    1   52    2   27    0    2    9      1235
   38    2    2    1    1    7    2    1    0      1347
   38    2    2    2    1   25    2    2    1      1806
   38    2    2    3    1   22    1    2    0       903
   38    2    2    4    1    7    2    2    1      1093
   38    2    2    5    1   12    2    1    0      1603
   38    2    2    6    2   20    0    1    9      1380
   38    2    2    7    1   19    1    1    1       798
   38    2    2    8    2    1    0    2    9       799
   38    2    2    9    2   14    0    2    9       872
   38    2    2   10    2   29    0    2    9       798
   38    2    2   11    1    6    1    1    1      1415
   38    2    2   12    2    5    0    1    9      1168
   38    2    2   13    1   19    1    1    1      1170
   38    2    2   14    1   28    2    2    1       861
   38    2    2   15    1   15    2    2    1       660
   38    2    2   16    1    2    1    2    0      1667
   38    2    2   17    2   23    0    2    9      3489
   38    2    2   18    2    8    0    2    9      1408
   38    2    2   19    1   31    2    2    1      2865
   38    2    2   20    2   14    0    2    9      1839
   38    2    2   21    1   15    2    2    1       711
   38    2    2   22    1    9    1    1    1      2956
   38    2    2   23    2   32    0    2    9       752
   38    2    2   24    1    6    1    1    1      1091
   38    2    2   25    1   21    1    2    0       849
   38    2    2   26    1   26    2    2    1      1504
   38    2    2   27    1   12    2    1    0       789
   38    2    2   28    1   26    2    2    1      1759
   38    2    2   29    1   25    2    2    1       570
   38    2    2   30    1   22    1    1    1      1829
   38    2    2   31    2   11    0    1    9      1349
   38    2    2   32    1    9    1    1    1       968
   38    2    2   33    2   30    0    2    9       731
   38    2    2   34    2   16    0    2    9       582
   38    2    2   35    2   24    0    1    9      1496
   38    2    2   36    2    4    0    2    9      5734
   38    2    2   37    1   21    1    1    1      1163
   38    2    2   38    2   18    0    1    9      1358
   38    2    2   39    2   17    0    1    9       841
   38    2    2   40    2   27    0    2    9      1056
   38    2    2   41    1   28    2    2    1       999
   38    2    2   42    1    2    1    2    0      1032
   38    2    2   43    2   10    0    1    9      1208
   38    2    2   44    1   31    2    2    1      1697
   38    2    2   45    2   14    0    2    9      4246
   38    2    2   46    2   14    0    2    9       742
   38    2    2   47    2   13    0    2    9       842
   38    2    2   48    2   24    0    1    9      1273
   38    2    2   49    2   24    0    1    9       832
   38    2    2   50    1    3    2    2    1      3000
   38    2    2   51    1    3    2    2    1      1498
   38    2    2   52    2   24    0    1    9       991
