   14    1    1    1    1    3    2    1    0      4476
   14    1    1    2    1   21    1    1    1      1495
   14    1    1    3    1   19    1    1    1      1525
   14    1    1    4    1   31    2    1    0      1353
   14    1    1    5    1   26    2    1    0      7092
   14    1    1    6    1   12    2    2    1      1707
   14    1    1    7    1   28    2    2    1      1016
   14    1    1    8    1   22    1    1    1      2513
   14    1    1    9    1    9    1    2    0      3198
   14    1    1   10    1   25    2    1    0      1919
   14    1    1   11    1   15    2    2    1      3948
   14    1    1   12    1    6    1    1    1      1527
   14    1    1   13    1    2    1    2    0      4515
   14    1    1   14    1    7    2    2    1      1409
   14    1    2    1    1    7    2    2    1      3155
   14    1    2    2    1   21    1    1    1      1326
   14    1    2    3    1   12    2    2    1      1163
   14    1    2    4    1   15    2    2    1      1150
   14    1    2    5    1    6    1    1    1       785
   14    1    2    6    1   31    2    2    1       698
   14    1    2    7    1   28    2    2    1       695
   14    1    2    8    1    3    2    2    1       717
   14    1    2    9    1   22    1    1    1       593
   14    1    2   10    1   25    2    1    0       611
   14    1    2   11    1    9    1    1    1      4884
   14    1    2   12    1   19    1    2    0      1594
   14    1    2   13    1   26    2    2    1      1868
   14    1    2   14    1    2    1    1    1      1450
   14    1    3    1    1   22    1    2    0      2473
   14    1    3    2    1   21    1    1    1       744
   14    1    3    3    1   25    2    1    0       764
   14    1    3    4    1    3    2    2    1      2966
   14    1    3    5    1   28    2    1    0      1312
   14    1    3    6    1   12    2    2    1      3934
   14    1    3    7    1   31    2    2    1       962
   14    1    3    8    1   26    2    1    0      1574
   14    1    3    9    1    2    1    1    1      6392
   14    1    3   10    1    9    1    2    0      4330
   14    1    3   11    1    6    1    1    1       927
   14    1    3   12    1   19    1    1    1      1467
   14    1    3   13    1    7    2    2    1       961
   14    1    3   14    1   15    2    2    1      4548
   14    1    4    1    1   15    2    2    1       764
   14    1    4    2    1   31    2    1    0      1127
   14    1    4    3    1   12    2    2    1      1275
   14    1    4    4    1   28    2    2    1      2330
   14    1    4    5    1   26    2    1    0      1759
   14    1    4    6    1    6    1    1    1     13809
   14    1    4    7    1   25    2    2    1      2021
   14    1    4    8    1    3    2    2    1      7150
   14    1    4    9    1    9    1    1    1      2138
   14    1    4   10    1    2    1    2    0      2237
   14    1    4   11    1   21    1    1    1      2117
   14    1    4   12    1    7    2    2    1      1906
   14    1    4   13    1   22    1    1    1      1663
   14    1    4   14    1   19    1    2    0      2174
   14    1    5    1    1    2    1    1    1      1295
   14    1    5    2    1   15    2    2    1      1284
   14    1    5    3    1    3    2    1    0      1378
   14    1    5    4    1   25    2    2    1      2261
   14    1    5    5    1   26    2    2    1       884
   14    1    5    6    1    6    1    1    1      1105
   14    1    5    7    1    9    1    2    0      1607
   14    1    5    8    1   12    2    2    1      1104
   14    1    5    9    1   19    1    1    1      3253
   14    1    5   10    1   22    1    1    1       957
   14    1    5   11    1   28    2    2    1       768
   14    1    5   12    1   31    2    2    1       610
   14    1    5   13    1   21    1    1    1      1395
   14    1    5   14    1    7    2    2    1      1149
   14    1    6    1    1   12    2    2    1      2366
   14    1    6    2    1   26    2    2    1      3384
   14    1    6    3    1   31    2    2    1       770
   14    1    6    4    1   15    2    2    1      1749
   14    1    6    5    1   25    2    2    1      2119
   14    1    6    6    1    9    1    1    1      1684
   14    1    6    7    1    6    1    1    1       810
   14    1    6    8    1   21    1    1    1      1019
   14    1    6    9    1    2    1    1    1      2331
   14    1    6   10    1    3    2    2    1      1399
   14    1    6   11    1   28    2    2    1      3368
   14    1    6   12    1    7    2    2    1      1795
   14    1    6   13    1   19    1    1    1      1844
   14    1    6   14    1   22    1    1    1      2204
   14    1    7    1    1   12    2    2    1      1354
   14    1    7    2    1   25    2    2    1      1909
   14    1    7    3    1   28    2    2    1      2026
   14    1    7    4    1    3    2    2    1      2603
   14    1    7    5    1   26    2    2    1       973
   14    1    7    6    1    6    1    1    1      1303
   14    1    7    7    1    7    2    2    1       828
   14    1    7    8    1    2    1    1    1      1036
   14    1    7    9    1   15    2    2    1       676
   14    1    7   10    1   22    1    1    1       786
   14    1    7   11    1   21    1    1    1       764
   14    1    7   12    1   19    1    1    1       654
   14    1    7   13    1    9    1    2    0      1741
   14    1    7   14    1   31    2    2    1      2457
   14    1    8    1    1   31    2    2    1      7736
   14    1    8    2    1   26    2    2    1      1117
   14    1    8    3    1   25    2    2    1      1201
   14    1    8    4    1    7    2    2    1      2362
   14    1    8    5    1   19    1    1    1       766
   14    1    8    6    1   28    2    2    1       793
   14    1    8    7    1    6    1    1    1       882
   14    1    8    8    1    2    1    1    1      1248
   14    1    8    9    1   22    1    1    1      1456
   14    1    8   10    1   15    2    2    1       719
   14    1    8   11    1   21    1    1    1       779
   14    1    8   12    1    9    1    1    1      1734
   14    1    8   13    1    3    2    2    1       826
   14    1    8   14    1   12    2    2    1       698
   14    1    9    1    1    7    2    2    1      2296
   14    1    9    2    1    9    1    1    1       846
   14    1    9    3    1   15    2    2    1       701
   14    1    9    4    1   21    1    1    1       755
   14    1    9    5    1    2    1    1    1       862
   14    1    9    6    1    3    2    2    1       717
   14    1    9    7    1   28    2    2    1      1202
   14    1    9    8    1   19    1    1    1      1979
   14    1    9    9    1   26    2    2    1      1109
   14    1    9   10    1    6    1    1    1      1259
   14    1    9   11    1   22    1    1    1      1554
   14    1    9   12    1   12    2    2    1      1093
   14    1    9   13    1   31    2    2    1      1115
   14    1    9   14    1   25    2    2    1      1663
   14    1   10    1    1    2    1    1    1      1573
   14    1   10    2    1   28    2    2    1      1431
   14    1   10    3    1   26    2    2    1      1847
   14    1   10    4    1   22    1    1    1       998
   14    1   10    5    1    7    2    2    1      1215
   14    1   10    6    1   15    2    2    1       896
   14    1   10    7    1    9    1    1    1       934
   14    1   10    8    1    6    1    1    1       849
   14    1   10    9    1   19    1    1    1      2312
   14    1   10   10    1    3    2    2    1      1982
   14    1   10   11    1   12    2    2    1      1487
   14    1   10   12    1   21    1    1    1      1117
   14    1   10   13    1   25    2    2    1      1769
   14    1   10   14    1   31    2    2    1      1396
   14    2    1    1    2   24    0    1    9      1923
   14    2    1    2    2   27    0    2    9      2527
   14    2    1    3    1    7    2    2    1      2044
   14    2    1    4    1   26    2    1    0      1804
   14    2    1    5    2   13    0    1    9      4957
   14    2    1    6    1    6    1    1    1      2168
   14    2    1    7    2   23    0    1    9      1411
   14    2    1    8    1   21    1    1    1      1132
   14    2    1    9    1    6    1    1    1      1143
   14    2    1   10    1   19    1    1    1      1571
   14    2    1   11    2   16    0    2    9      1422
   14    2    1   12    2   20    0    1    9      1310
   14    2    1   13    2    1    0    1    9      1419
   14    2    1   14    2   18    0    1    9      1212
   14    2    1   15    2   14    0    1    9      1916
   14    2    1   16    2    5    0    1    9      1233
   14    2    1   17    2   24    0    1    9      1681
   14    2    1   18    2   30    0    2    9      1654
   14    2    1   19    1   15    2    2    1      1373
   14    2    1   20    1    3    2    2    1      1752
   14    2    1   21    1    2    1    1    1      3315
   14    2    1   22    1    3    2    2    1      1208
   14    2    1   23    1    7    2    2    1      4184
   14    2    1   24    2   24    0    1    9       915
   14    2    1   25    2   10    0    1    9      1023
   14    2    1   26    1   28    2    2    1      1751
   14    2    1   27    1   25    2    2    1      1274
   14    2    1   28    1   25    2    2    1       697
   14    2    1   29    2   11    0    2    9      1958
   14    2    1   30    2   14    0    1    9      1481
   14    2    1   31    1   12    2    2    1       983
   14    2    1   32    1   26    2    2    1      1232
   14    2    1   33    2   29    0    2    9       800
   14    2    1   34    2    8    0    2    9      1161
   14    2    1   35    1   15    2    2    1       860
   14    2    1   36    2   24    0    2    9       739
   14    2    1   37    1   12    2    2    1      3271
   14    2    1   38    2   32    0    2    9       717
   14    2    1   39    1    2    1    1    1      1114
   14    2    1   40    2   14    0    1    9      1206
   14    2    1   41    1    9    1    1    1      1119
   14    2    1   42    1   31    2    2    1       843
   14    2    1   43    1   21    1    1    1       931
   14    2    1   44    1   22    1    1    1       703
   14    2    1   45    2   17    0    1    9       868
   14    2    1   46    2   14    0    1    9      1787
   14    2    1   47    1   31    2    2    1      1436
   14    2    1   48    1   22    1    1    1       900
   14    2    1   49    2    4    0    2    9      1585
   14    2    1   50    1   19    1    1    1       835
   14    2    1   51    1    9    1    1    1       794
   14    2    1   52    1   28    2    2    1      1668
   14    2    2    1    1   28    2    2    1       819
   14    2    2    2    1   25    2    2    1       708
   14    2    2    3    1    3    2    2    1       600
   14    2    2    4    2   14    0    1    9       841
   14    2    2    5    2   27    0    2    9      1513
   14    2    2    6    2   24    0    1    9      1030
   14    2    2    7    2   14    0    1    9      1358
   14    2    2    8    2   14    0    1    9      1017
   14    2    2    9    2   23    0    1    9      1521
   14    2    2   10    1   22    1    1    1      1374
   14    2    2   11    2   30    0    2    9      2936
   14    2    2   12    2   24    0    1    9       916
   14    2    2   13    2    8    0    2    9       704
   14    2    2   14    2   17    0    1    9      1229
   14    2    2   15    1   21    1    1    1       982
   14    2    2   16    2   16    0    2    9       943
   14    2    2   17    1   28    2    2    1      1811
   14    2    2   18    2   18    0    1    9      1820
   14    2    2   19    2    4    0    2    9      1644
   14    2    2   20    1    6    1    1    1       868
   14    2    2   21    1   25    2    2    1      1451
   14    2    2   22    2   29    0    2    9       778
   14    2    2   23    2   11    0    2    9      1868
   14    2    2   24    2   24    0    1    9      1066
   14    2    2   25    1   19    1    1    1      1361
   14    2    2   26    1   19    1    1    1       860
   14    2    2   27    2   24    0    1    9       619
   14    2    2   28    1    2    1    1    1      1491
   14    2    2   29    1   12    2    2    1       881
   14    2    2   30    1    3    2    2    1       662
   14    2    2   31    1   22    1    1    1       733
   14    2    2   32    1   26    2    2    1       673
   14    2    2   33    1    9    1    1    1      1463
   14    2    2   34    1    2    1    1    1       814
   14    2    2   35    1   26    2    2    1      1238
   14    2    2   36    2   13    0    1    9      1062
   14    2    2   37    1    6    1    1    1       741
   14    2    2   38    1   31    2    2    1      1257
   14    2    2   39    1   15    2    2    1      1680
   14    2    2   40    1   15    2    2    1      1134
   14    2    2   41    1   21    1    1    1      1289
   14    2    2   42    1    7    2    2    1      1055
   14    2    2   43    2   14    0    1    9      2894
   14    2    2   44    1    7    2    2    1      1468
   14    2    2   45    2   32    0    2    9      1154
   14    2    2   46    1    9    1    1    1       765
   14    2    2   47    2   20    0    1    9       744
   14    2    2   48    1   31    2    2    1      1475
   14    2    2   49    1   12    2    2    1      1178
   14    2    2   50    2    1    0    1    9      1868
   14    2    2   51    2   10    0    1    9       690
   14    2    2   52    2    5    0    1    9       736
