   40    1    1    1    1   12    2    1    0      7578
   40    1    1    2    1   31    2    2    1      4911
   40    1    1    3    1    9    1    1    1      1404
   40    1    1    4    1    7    2    1    0      1653
   40    1    1    5    1   21    1    2    0      9387
   40    1    1    6    1   28    2    2    1      4668
   40    1    1    7    1   25    2    2    1      1091
   40    1    1    8    1    2    1    1    1      1608
   40    1    1    9    1    3    2    1    0       729
   40    1    1   10    1   26    2    2    1      9348
   40    1    1   11    1   19    1    2    0      5439
   40    1    1   12    1   15    2    2    1      5134
   40    1    1   13    1    6    1    1    1       770
   40    1    1   14    1   22    1    1    1       692
   40    1    2    1    1    3    2    2    1       930
   40    1    2    2    1    7    2    2    1       478
   40    1    2    3    1   12    2    2    1      2092
   40    1    2    4    1   25    2    1    0       729
   40    1    2    5    1   19    1    2    0      4229
   40    1    2    6    1   22    1    2    0      1893
   40    1    2    7    1    9    1    1    1     12466
   40    1    2    8    1   26    2    2    1       848
   40    1    2    9    1    2    1    1    1      2143
   40    1    2   10    1   21    1    1    1       906
   40    1    2   11    1    6    1    2    0      1527
   40    1    2   12    1   31    2    2    1      2307
   40    1    2   13    1   15    2    2    1      1528
   40    1    2   14    1   28    2    2    1      3916
   40    1    3    1    1   28    2    2    1      1506
   40    1    3    2    1   22    1    1    1      1879
   40    1    3    3    1   12    2    2    1      1229
   40    1    3    4    1    9    1    1    1      1373
   40    1    3    5    1    7    2    2    1      1575
   40    1    3    6    1   21    1    1    1       681
   40    1    3    7    1   25    2    1    0       574
   40    1    3    8    1   31    2    2    1      3056
   40    1    3    9    1   15    2    2    1      1143
   40    1    3   10    1   26    2    2    1      3562
   40    1    3   11    1    2    1    1    1      2589
   40    1    3   12    1    3    2    1    0      1254
   40    1    3   13    1    6    1    1    1      2637
   40    1    3   14    1   19    1    1    1      2628
   40    1    4    1    1   28    2    2    1      1369
   40    1    4    2    1    3    2    1    0      1587
   40    1    4    3    1   12    2    2    1      4541
   40    1    4    4    1   26    2    2    1      3752
   40    1    4    5    1    9    1    1    1      1715
   40    1    4    6    1   31    2    2    1      1375
   40    1    4    7    1    6    1    1    1      2104
   40    1    4    8    1   25    2    2    1      2469
   40    1    4    9    1    7    2    2    1      4371
   40    1    4   10    1   22    1    1    1      1860
   40    1    4   11    1   15    2    2    1      1596
   40    1    4   12    1   21    1    1    1      3533
   40    1    4   13    1    2    1    2    0      6000
   40    1    4   14    1   19    1    2    0      3177
   40    1    5    1    1   22    1    1    1      2061
   40    1    5    2    1   26    2    1    0      3948
   40    1    5    3    1    7    2    2    1      2182
   40    1    5    4    1   19    1    1    1      1616
   40    1    5    5    1    3    2    1    0       816
   40    1    5    6    1   12    2    2    1      8456
   40    1    5    7    1    2    1    1    1      4918
   40    1    5    8    1   28    2    2    1      3778
   40    1    5    9    1   25    2    1    0      1628
   40    1    5   10    1   15    2    2    1      1124
   40    1    5   11    1   21    1    1    1      1160
   40    1    5   12    1    9    1    2    0      1483
   40    1    5   13    1   31    2    2    1      1304
   40    1    5   14    1    6    1    1    1      1685
   40    1    6    1    1   22    1    1    1      1487
   40    1    6    2    1    7    2    2    1      2837
   40    1    6    3    1    2    1    1    1      1476
   40    1    6    4    1   12    2    2    1      1706
   40    1    6    5    1   21    1    1    1      1351
   40    1    6    6    1   25    2    1    0      1441
   40    1    6    7    1    6    1    1    1      4833
   40    1    6    8    1   19    1    1    1      3264
   40    1    6    9    1   26    2    2    1      2782
   40    1    6   10    1   31    2    2    1      1327
   40    1    6   11    1    9    1    1    1      1083
   40    1    6   12    1   15    2    2    1      1600
   40    1    6   13    1    3    2    1    0      1473
   40    1    6   14    1   28    2    2    1      1199
   40    1    7    1    1   31    2    2    1      1214
   40    1    7    2    1   26    2    2    1      1550
   40    1    7    3    1    2    1    1    1      1344
   40    1    7    4    1    6    1    1    1      2172
   40    1    7    5    1   25    2    1    0      1462
   40    1    7    6    1    3    2    1    0      5588
   40    1    7    7    1    9    1    1    1      2174
   40    1    7    8    1   19    1    1    1      4552
   40    1    7    9    1   22    1    1    1      1938
   40    1    7   10    1   12    2    2    1      1286
   40    1    7   11    1   21    1    1    1      2803
   40    1    7   12    1    7    2    2    1      7556
   40    1    7   13    1   28    2    2    1      1542
   40    1    7   14    1   15    2    2    1      1386
   40    1    8    1    1    2    1    1    1      6067
   40    1    8    2    1   26    2    2    1      1618
   40    1    8    3    1   15    2    2    1      1234
   40    1    8    4    1    7    2    2    1      1889
   40    1    8    5    1   25    2    1    0      1158
   40    1    8    6    1   28    2    2    1      1841
   40    1    8    7    1   31    2    2    1      1400
   40    1    8    8    1    3    2    2    1      2769
   40    1    8    9    1    9    1    1    1      3171
   40    1    8   10    1    6    1    1    1      2501
   40    1    8   11    1   21    1    1    1      2337
   40    1    8   12    1   12    2    2    1      1605
   40    1    8   13    1   22    1    1    1      1638
   40    1    8   14    1   19    1    2    0      3669
   40    1    9    1    1   25    2    1    0      3113
   40    1    9    2    1    6    1    1    1      6469
   40    1    9    3    1   21    1    1    1      1939
   40    1    9    4    1   22    1    1    1      1239
   40    1    9    5    1    9    1    1    1      2182
   40    1    9    6    1   31    2    1    0      1487
   40    1    9    7    1    7    2    2    1      2317
   40    1    9    8    1   26    2    2    1      1953
   40    1    9    9    1    3    2    2    1      5555
   40    1    9   10    1   28    2    2    1      1766
   40    1    9   11    1   15    2    2    1      1600
   40    1    9   12    1   12    2    2    1      1296
   40    1    9   13    1   19    1    2    0      1693
   40    1    9   14    1    2    1    1    1      1522
   40    1   10    1    1   19    1    1    1      2511
   40    1   10    2    1    9    1    1    1      2540
   40    1   10    3    1    6    1    1    1      5159
   40    1   10    4    1    3    2    1    0      2362
   40    1   10    5    1   26    2    2    1      2820
   40    1   10    6    1    2    1    1    1     14548
   40    1   10    7    1   28    2    2    1      1263
   40    1   10    8    1   21    1    1    1      1086
   40    1   10    9    1    7    2    1    0      2963
   40    1   10   10    1   22    1    1    1      1413
   40    1   10   11    1   12    2    2    1      2205
   40    1   10   12    1   25    2    1    0       981
   40    1   10   13    1   15    2    2    1      5191
   40    1   10   14    1   31    2    2    1       872
   40    2    1    1    2   14    0    1    9      5532
   40    2    1    2    1    2    1    1    1      6078
   40    2    1    3    2   17    0    1    9      1532
   40    2    1    4    1    7    2    2    1      3168
   40    2    1    5    1   25    2    1    0      1026
   40    2    1    6    1   12    2    1    0      4010
   40    2    1    7    2   24    0    2    9      1594
   40    2    1    8    2    1    0    2    9      1836
   40    2    1    9    1   15    2    2    1      5603
   40    2    1   10    1    3    2    2    1      1556
   40    2    1   11    1   26    2    1    0      1158
   40    2    1   12    1   28    2    2    1      2249
   40    2    1   13    2   24    0    2    9      4592
   40    2    1   14    1   25    2    1    0      2377
   40    2    1   15    2   20    0    2    9      2251
   40    2    1   16    2    5    0    1    9       866
   40    2    1   17    2   24    0    1    9      4927
   40    2    1   18    2   13    0    1    9      1211
   40    2    1   19    2   14    0    1    9      3549
   40    2    1   20    2   10    0    2    9      2687
   40    2    1   21    2   24    0    2    9      1749
   40    2    1   22    1   28    2    2    1      1871
   40    2    1   23    2   23    0    2    9      2021
   40    2    1   24    1   21    1    1    1      3621
   40    2    1   25    2   27    0    1    9      2421
   40    2    1   26    2    8    0    2    9      7413
   40    2    1   27    1    2    1    1    1      4877
   40    2    1   28    2   14    0    1    9      6219
   40    2    1   29    1   21    1    1    1      2179
   40    2    1   30    1    3    2    2    1      3965
   40    2    1   31    1   15    2    2    1      2015
   40    2    1   32    2   14    0    2    9      1903
   40    2    1   33    2   18    0    1    9      2228
   40    2    1   34    2   16    0    1    9      2172
   40    2    1   35    2    4    0    1    9      1766
   40    2    1   36    2   32    0    2    9       944
   40    2    1   37    1    6    1    1    1      2907
   40    2    1   38    1   19    1    1    1      2264
   40    2    1   39    2   11    0    1    9      2030
   40    2    1   40    1   12    2    2    1     16477
   40    2    1   41    1   19    1    2    0      4987
   40    2    1   42    2   30    0    1    9      5124
   40    2    1   43    1   22    1    1    1      2472
   40    2    1   44    1   31    2    2    1      1542
   40    2    1   45    1    9    1    1    1       810
   40    2    1   46    1    9    1    1    1       682
   40    2    1   47    1   22    1    1    1      1632
   40    2    1   48    1   31    2    2    1      1791
   40    2    1   49    1    6    1    1    1      1544
   40    2    1   50    2   29    0    1    9      1340
   40    2    1   51    1   26    2    2    1      3319
   40    2    1   52    1    7    2    1    0      3363
   40    2    2    1    2    1    0    1    9      1341
   40    2    2    2    1    3    2    1    0      4456
   40    2    2    3    2   24    0    2    9      9687
   40    2    2    4    2   27    0    1    9      2308
   40    2    2    5    2   14    0    1    9      2105
   40    2    2    6    2   16    0    1    9      1317
   40    2    2    7    1   15    2    2    1      1681
   40    2    2    8    1   19    1    2    0      1871
   40    2    2    9    1   25    2    1    0       917
   40    2    2   10    1   28    2    1    0      1089
   40    2    2   11    2    4    0    2    9      1990
   40    2    2   12    1    7    2    2    1      2567
   40    2    2   13    1   28    2    2    1      1377
   40    2    2   14    1    9    1    1    1       843
   40    2    2   15    2   14    0    1    9      1835
   40    2    2   16    1   22    1    1    1      1602
   40    2    2   17    1   21    1    1    1      1507
   40    2    2   18    2   24    0    2    9      2167
   40    2    2   19    1    7    2    2    1      6081
   40    2    2   20    2   10    0    2    9      2239
   40    2    2   21    1   26    2    2    1      1558
   40    2    2   22    1   21    1    1    1      2345
   40    2    2   23    2   24    0    2    9      1548
   40    2    2   24    1    6    1    1    1      1950
   40    2    2   25    1   31    2    2    1      1377
   40    2    2   26    2    8    0    1    9      3403
   40    2    2   27    2   32    0    1    9      1492
   40    2    2   28    1   19    1    1    1      1865
   40    2    2   29    1   26    2    2    1      1983
   40    2    2   30    2   11    0    1    9      1856
   40    2    2   31    1   25    2    1    0      1655
   40    2    2   32    2   14    0    2    9      7158
   40    2    2   33    2   17    0    1    9      1241
   40    2    2   34    1   12    2    1    0     16311
   40    2    2   35    1   15    2    2    1      1404
   40    2    2   36    2   24    0    2    9      1237
   40    2    2   37    1    6    1    1    1      2772
   40    2    2   38    1   22    1    1    1      1414
   40    2    2   39    2   29    0    1    9      1630
   40    2    2   40    2   13    0    1    9      2461
   40    2    2   41    2   14    0    1    9      1772
   40    2    2   42    1   31    2    2    1      1526
   40    2    2   43    2   20    0    2    9      1450
   40    2    2   44    1   12    2    2    1      1761
   40    2    2   45    2   30    0    2    9      2156
   40    2    2   46    1    9    1    2    0      1846
   40    2    2   47    1    2    1    1    1      3981
   40    2    2   48    1    3    2    1    0      1854
   40    2    2   49    2    5    0    1    9      3045
   40    2    2   50    2   18    0    1    9      1532
   40    2    2   51    1    2    1    1    1      1263
   40    2    2   52    2   23    0    1    9      1677
