   12    1    1    1    1    3    2    1    0      3083
   12    1    1    2    1   19    1    1    1       828
   12    1    1    3    1    7    2    2    1       925
   12    1    1    4    1    2    1    1    1      1705
   12    1    1    5    1   12    2    1    0      1845
   12    1    1    6    1   31    2    1    0      1653
   12    1    1    7    1   25    2    1    0       907
   12    1    1    8    1   21    1    2    0       496
   12    1    1    9    1   15    2    1    0      1029
   12    1    1   10    1   26    2    2    1      1173
   12    1    1   11    1   28    2    2    1      1303
   12    1    1   12    1   22    1    2    0      1012
   12    1    1   13    1    6    1    1    1      1396
   12    1    1   14    1    9    1    1    1       765
   12    1    2    1    1   22    1    1    1      1244
   12    1    2    2    1   21    1    1    1       507
   12    1    2    3    1   15    2    2    1       584
   12    1    2    4    1   19    1    2    0       833
   12    1    2    5    1    2    1    2    0       440
   12    1    2    6    1   12    2    1    0      1343
   12    1    2    7    1    7    2    2    1       739
   12    1    2    8    1   28    2    2    1      1430
   12    1    2    9    1    3    2    2    1      1998
   12    1    2   10    1   31    2    1    0      1551
   12    1    2   11    1   25    2    2    1       857
   12    1    2   12    1   26    2    2    1       680
   12    1    2   13    1    6    1    2    0      1773
   12    1    2   14    1    9    1    2    0      1775
   12    1    3    1    1   25    2    1    0      1424
   12    1    3    2    1    6    1    2    0      1120
   12    1    3    3    1   28    2    1    0       732
   12    1    3    4    1   22    1    2    0      1176
   12    1    3    5    1   26    2    1    0      1042
   12    1    3    6    1   12    2    2    1       529
   12    1    3    7    1   31    2    2    1       685
   12    1    3    8    1   15    2    2    1       418
   12    1    3    9    1    2    1    1    1       770
   12    1    3   10    1    9    1    2    0       564
   12    1    3   11    1    7    2    1    0      1782
   12    1    3   12    1   19    1    1    1      1015
   12    1    3   13    1   21    1    1    1      1295
   12    1    3   14    1    3    2    1    0      1069
   12    1    4    1    1    9    1    2    0      1083
   12    1    4    2    1   31    2    2    1       360
   12    1    4    3    1    3    2    1    0      1003
   12    1    4    4    1    7    2    2    1       811
   12    1    4    5    1   22    1    2    0       796
   12    1    4    6    1   28    2    2    1       741
   12    1    4    7    1   15    2    1    0       440
   12    1    4    8    1    2    1    1    1       591
   12    1    4    9    1   12    2    1    0      1176
   12    1    4   10    1   25    2    2    1       754
   12    1    4   11    1   26    2    2    1       517
   12    1    4   12    1   19    1    2    0       513
   12    1    4   13    1   21    1    1    1       469
   12    1    4   14    1    6    1    2    0       435
   12    1    5    1    1    3    2    2    1       682
   12    1    5    2    1   21    1    1    1       719
   12    1    5    3    1   12    2    1    0      1059
   12    1    5    4    1    6    1    2    0       834
   12    1    5    5    1   31    2    1    0       681
   12    1    5    6    1   19    1    1    1       375
   12    1    5    7    1    2    1    1    1       841
   12    1    5    8    1   15    2    1    0       600
   12    1    5    9    1   25    2    1    0       520
   12    1    5   10    1   28    2    2    1       924
   12    1    5   11    1    9    1    1    1      1752
   12    1    5   12    1    7    2    2    1      1522
   12    1    5   13    1   22    1    2    0      1590
   12    1    5   14    1   26    2    1    0       575
   12    1    6    1    1    3    2    2    1       634
   12    1    6    2    1   19    1    2    0       481
   12    1    6    3    1   21    1    1    1       806
   12    1    6    4    1   12    2    2    1       630
   12    1    6    5    1   15    2    2    1       526
   12    1    6    6    1   25    2    1    0       410
   12    1    6    7    1   26    2    1    0      1042
   12    1    6    8    1    9    1    2    0      1458
   12    1    6    9    1   31    2    1    0       992
   12    1    6   10    1   22    1    2    0      1793
   12    1    6   11    1   28    2    1    0       355
   12    1    6   12    1    7    2    2    1       461
   12    1    6   13    1    6    1    2    0       684
   12    1    6   14    1    2    1    1    1       857
   12    1    7    1    1   31    2    1    0      1441
   12    1    7    2    1   19    1    1    1      1072
   12    1    7    3    1    7    2    1    0       551
   12    1    7    4    1   15    2    2    1       745
   12    1    7    5    1   12    2    2    1      2316
   12    1    7    6    1   21    1    1    1      1632
   12    1    7    7    1    6    1    2    0       911
   12    1    7    8    1   22    1    1    1      1204
   12    1    7    9    1    9    1    2    0      1173
   12    1    7   10    1   26    2    1    0       783
   12    1    7   11    1    3    2    2    1      1080
   12    1    7   12    1   28    2    2    1      1277
   12    1    7   13    1   25    2    2    1      2203
   12    1    7   14    1    2    1    1    1      1796
   12    1    8    1    1   12    2    2    1      1380
   12    1    8    2    1    7    2    2    1       717
   12    1    8    3    1    9    1    2    0       801
   12    1    8    4    1   21    1    2    0      1929
   12    1    8    5    1    3    2    2    1       837
   12    1    8    6    1    6    1    2    0      1028
   12    1    8    7    1   22    1    1    1       948
   12    1    8    8    1   15    2    2    1      1167
   12    1    8    9    1   28    2    2    1       689
   12    1    8   10    1    2    1    1    1      1190
   12    1    8   11    1   31    2    1    0      1479
   12    1    8   12    1   26    2    1    0       981
   12    1    8   13    1   25    2    1    0       982
   12    1    8   14    1   19    1    1    1      1176
   12    1    9    1    1   15    2    2    1      1192
   12    1    9    2    1    3    2    2    1      1305
   12    1    9    3    1    6    1    1    1      1142
   12    1    9    4    1    7    2    2    1      1241
   12    1    9    5    1    2    1    1    1       921
   12    1    9    6    1    9    1    1    1      1428
   12    1    9    7    1   26    2    2    1      1213
   12    1    9    8    1   19    1    2    0      1885
   12    1    9    9    1   28    2    1    0      1738
   12    1    9   10    1   21    1    2    0      1246
   12    1    9   11    1   12    2    2    1      1525
   12    1    9   12    1   22    1    2    0      1417
   12    1    9   13    1   31    2    1    0       921
   12    1    9   14    1   25    2    1    0      5292
   12    1   10    1    1   26    2    1    0      3886
   12    1   10    2    1    2    1    2    0      1596
   12    1   10    3    1   21    1    1    1      3237
   12    1   10    4    1   22    1    2    0      2452
   12    1   10    5    1    9    1    1    1      1387
   12    1   10    6    1    6    1    1    1       788
   12    1   10    7    1   15    2    2    1      1525
   12    1   10    8    1    3    2    2    1      2217
   12    1   10    9    1   12    2    2    1      1185
   12    1   10   10    1   19    1    1    1      2275
   12    1   10   11    1    7    2    2    1      1768
   12    1   10   12    1   31    2    1    0      2706
   12    1   10   13    1   25    2    1    0      1711
   12    1   10   14    1   28    2    1    0       787
   12    2    1    1    1   12    2    2    1      1990
   12    2    1    2    1   15    2    2    1      1334
   12    2    1    3    1   28    2    1    0      1281
   12    2    1    4    1   21    1    2    0      2094
   12    2    1    5    1    2    1    2    0      1196
   12    2    1    6    2   24    0    1    9       797
   12    2    1    7    2   11    0    2    9      1181
   12    2    1    8    2   17    0    2    9      1663
   12    2    1    9    1    7    2    1    0      1261
   12    2    1   10    1   28    2    2    1       987
   12    2    1   11    1    9    1    2    0      2421
   12    2    1   12    1   25    2    2    1      1077
   12    2    1   13    1    6    1    1    1      1962
   12    2    1   14    1   25    2    1    0      1789
   12    2    1   15    1    7    2    2    1       871
   12    2    1   16    2   24    0    2    9      2196
   12    2    1   17    1   31    2    1    0      1021
   12    2    1   18    1   19    1    2    0      1205
   12    2    1   19    1   22    1    1    1      2006
   12    2    1   20    2   14    0    2    9      2070
   12    2    1   21    2    4    0    1    9       948
   12    2    1   22    2   14    0    2    9       687
   12    2    1   23    2   14    0    2    9       836
   12    2    1   24    2    8    0    1    9      1043
   12    2    1   25    1   15    2    1    0      1035
   12    2    1   26    2   29    0    1    9      1138
   12    2    1   27    1    6    1    2    0       629
   12    2    1   28    1   26    2    1    0       653
   12    2    1   29    2   32    0    2    9       628
   12    2    1   30    1    3    2    2    1       828
   12    2    1   31    2   20    0    2    9       508
   12    2    1   32    1   31    2    1    0       552
   12    2    1   33    2   27    0    2    9       451
   12    2    1   34    1   21    1    2    0       897
   12    2    1   35    1    9    1    1    1       431
   12    2    1   36    1    3    2    1    0       638
   12    2    1   37    1   12    2    2    1       677
   12    2    1   38    2   30    0    1    9       395
   12    2    1   39    2   23    0    1    9       445
   12    2    1   40    2   14    0    1    9       716
   12    2    1   41    2   10    0    1    9       864
   12    2    1   42    2   18    0    2    9      1694
   12    2    1   43    1   22    1    2    0       811
   12    2    1   44    2   24    0    2    9      1212
   12    2    1   45    2   24    0    1    9      1132
   12    2    1   46    2    1    0    2    9       992
   12    2    1   47    1   26    2    2    1       537
   12    2    1   48    2   16    0    1    9       740
   12    2    1   49    2   13    0    2    9      1080
   12    2    1   50    1    2    1    2    0      7309
   12    2    1   51    2    5    0    2    9       601
   12    2    1   52    1   19    1    1    1       498
   12    2    2    1    2   11    0    1    9       783
   12    2    2    2    1    2    1    2    0       576
   12    2    2    3    1   31    2    1    0       394
   12    2    2    4    1    9    1    1    1       603
   12    2    2    5    1    7    2    2    1       868
   12    2    2    6    1   19    1    1    1      1730
   12    2    2    7    1    6    1    2    0      1997
   12    2    2    8    1    3    2    2    1      1022
   12    2    2    9    2    1    0    1    9      2678
   12    2    2   10    1   26    2    1    0      2363
   12    2    2   11    2   16    0    2    9       589
   12    2    2   12    1    2    1    1    1       887
   12    2    2   13    1    3    2    2    1       756
   12    2    2   14    1    9    1    2    0      1080
   12    2    2   15    2   14    0    1    9       813
   12    2    2   16    1   26    2    2    1      1453
   12    2    2   17    2   23    0    1    9       900
   12    2    2   18    1    7    2    1    0      1393
   12    2    2   19    2   29    0    2    9      1242
   12    2    2   20    1   22    1    1    1      1545
   12    2    2   21    2   17    0    1    9       925
   12    2    2   22    2    8    0    2    9      1240
   12    2    2   23    2   10    0    1    9      1431
   12    2    2   24    1   28    2    1    0      2879
   12    2    2   25    2   14    0    2    9      1052
   12    2    2   26    1   21    1    2    0      1556
   12    2    2   27    2   32    0    2    9       807
   12    2    2   28    2   24    0    1    9       503
   12    2    2   29    2   20    0    1    9       500
   12    2    2   30    1   15    2    2    1       785
   12    2    2   31    2   24    0    1    9       914
   12    2    2   32    1    6    1    2    0       622
   12    2    2   33    2   14    0    1    9       646
   12    2    2   34    1   31    2    2    1      1821
   12    2    2   35    1   15    2    2    1      1845
   12    2    2   36    2   30    0    2    9      1884
   12    2    2   37    2   24    0    1    9      1218
   12    2    2   38    2    4    0    1    9       577
   12    2    2   39    2   24    0    1    9      1483
   12    2    2   40    1   19    1    2    0       833
   12    2    2   41    1   21    1    1    1      2080
   12    2    2   42    2   27    0    2    9      2141
   12    2    2   43    2    5    0    2    9      1353
   12    2    2   44    2   13    0    1    9      2611
   12    2    2   45    1   28    2    2    1      2844
   12    2    2   46    1   12    2    2    1      1114
   12    2    2   47    1   25    2    2    1      2064
   12    2    2   48    1   22    1    2    0      1694
   12    2    2   49    1   25    2    1    0      1323
   12    2    2   50    2   18    0    2    9      1559
   12    2    2   51    1   12    2    2    1       682
   12    2    2   52    2   14    0    1    9       544
