   58    1    1    1    1   21    1    1    1      4708
   58    1    1    2    1   15    2    2    1      1597
   58    1    1    3    1    6    1    1    1      3214
   58    1    1    4    1    7    2    2    1      1694
   58    1    1    5    1   22    1    1    1      1419
   58    1    1    6    1    3    2    2    1      1348
   58    1    1    7    1   28    2    2    1       847
   58    1    1    8    1   31    2    2    1       957
   58    1    1    9    1   26    2    1    0      1177
   58    1    1   10    1    2    1    1    1      1699
   58    1    1   11    1   19    1    2    0      1536
   58    1    1   12    1    9    1    1    1      5435
   58    1    1   13    1   12    2    2    1      3219
   58    1    1   14    1   25    2    1    0      2227
   58    1    2    1    1    7    2    2    1      3091
   58    1    2    2    1    6    1    1    1      4056
   58    1    2    3    1   19    1    2    0      2471
   58    1    2    4    1   21    1    1    1     10317
   58    1    2    5    1   25    2    1    0      1426
   58    1    2    6    1    9    1    2    0      2129
   58    1    2    7    1    3    2    2    1      4757
   58    1    2    8    1   22    1    1    1      1912
   58    1    2    9    1   28    2    2    1      2508
   58    1    2   10    1   26    2    2    1      2505
   58    1    2   11    1   15    2    1    0      3877
   58    1    2   12    1   12    2    1    0      1955
   58    1    2   13    1   31    2    2    1      3647
   58    1    2   14    1    2    1    1    1      1182
   58    1    3    1    1    2    1    1    1      1349
   58    1    3    2    1    3    2    2    1      1135
   58    1    3    3    1   31    2    2    1      1379
   58    1    3    4    1   26    2    2    1      1917
   58    1    3    5    1   28    2    2    1      1169
   58    1    3    6    1   22    1    1    1      1379
   58    1    3    7    1   21    1    1    1      1518
   58    1    3    8    1   15    2    2    1      1634
   58    1    3    9    1   12    2    2    1      1218
   58    1    3   10    1   25    2    1    0      2034
   58    1    3   11    1    7    2    2    1      2570
   58    1    3   12    1    9    1    1    1      1252
   58    1    3   13    1   19    1    2    0      1859
   58    1    3   14    1    6    1    1    1     11026
   58    1    4    1    1   31    2    2    1      2163
   58    1    4    2    1   19    1    2    0      1518
   58    1    4    3    1   12    2    2    1      2410
   58    1    4    4    1    7    2    2    1      1803
   58    1    4    5    1   28    2    2    1      2323
   58    1    4    6    1   26    2    2    1      2087
   58    1    4    7    1    2    1    1    1      1813
   58    1    4    8    1    9    1    1    1      1565
   58    1    4    9    1    3    2    2    1      1424
   58    1    4   10    1   25    2    2    1      1544
   58    1    4   11    1   15    2    2    1      1580
   58    1    4   12    1   21    1    1    1      1774
   58    1    4   13    1    6    1    1    1      2393
   58    1    4   14    1   22    1    1    1      1019
   58    1    5    1    1    6    1    1    1      2275
   58    1    5    2    1   26    2    2    1      1610
   58    1    5    3    1   25    2    2    1      2651
   58    1    5    4    1   28    2    2    1      2098
   58    1    5    5    1    3    2    2    1      2112
   58    1    5    6    1   12    2    2    1      1373
   58    1    5    7    1   15    2    2    1      2120
   58    1    5    8    1   19    1    1    1      3620
   58    1    5    9    1    7    2    2    1      4469
   58    1    5   10    1   22    1    1    1      2019
   58    1    5   11    1   21    1    1    1      1347
   58    1    5   12    1    2    1    1    1      1135
   58    1    5   13    1   31    2    2    1      1731
   58    1    5   14    1    9    1    1    1      1407
   58    1    6    1    1   28    2    2    1      2097
   58    1    6    2    1    9    1    1    1      1406
   58    1    6    3    1    6    1    1    1      1159
   58    1    6    4    1    7    2    2    1      1338
   58    1    6    5    1   15    2    2    1      1381
   58    1    6    6    1    3    2    2    1      1312
   58    1    6    7    1   25    2    2    1      1517
   58    1    6    8    1    2    1    1    1      1346
   58    1    6    9    1   21    1    1    1      1677
   58    1    6   10    1   31    2    2    1      1660
   58    1    6   11    1   19    1    1    1      1835
   58    1    6   12    1   22    1    1    1      1731
   58    1    6   13    1   12    2    2    1      1503
   58    1    6   14    1   26    2    2    1      1796
   58    1    7    1    1   15    2    2    1      2651
   58    1    7    2    1    2    1    1    1      1411
   58    1    7    3    1   21    1    1    1      1227
   58    1    7    4    1    7    2    2    1      2027
   58    1    7    5    1   26    2    2    1      1340
   58    1    7    6    1    3    2    2    1      1800
   58    1    7    7    1   22    1    1    1      1761
   58    1    7    8    1   31    2    2    1      1276
   58    1    7    9    1    9    1    1    1      1483
   58    1    7   10    1   28    2    2    1      1617
   58    1    7   11    1   12    2    2    1      1490
   58    1    7   12    1   19    1    1    1      1912
   58    1    7   13    1   25    2    2    1      2077
   58    1    7   14    1    6    1    1    1      1964
   58    2    1    1    2   32    0    2    9      3083
   58    2    1    2    1   31    2    2    1      4239
   58    2    1    3    1    3    2    2    1      4376
   58    2    1    4    1   25    2    2    1      2202
   58    2    1    5    2   14    0    1    9      1652
   58    2    1    6    1   22    1    1    1      4931
   58    2    1    7    1    2    1    1    1      1311
   58    2    1    8    1   12    2    2    1      3340
   58    2    1    9    1    7    2    2    1      2040
   58    2    1   10    1   28    2    2    1      4488
   58    2    1   11    1    6    1    1    1      1926
   58    2    1   12    2    5    0    1    9      1306
   58    2    1   13    1   15    2    2    1      1719
   58    2    1   14    2   29    0    1    9      1380
   58    2    1   15    1   26    2    2    1      1646
   58    2    1   16    2   27    0    2    9      2221
   58    2    1   17    1   31    2    2    1      1814
   58    2    1   18    1   12    2    2    1      3231
   58    2    1   19    1   25    2    2    1      1550
   58    2    1   20    1   19    1    1    1      1777
   58    2    1   21    2   20    0    1    9      1276
   58    2    1   22    2   24    0    2    9      1563
   58    2    1   23    2   24    0    2    9      1357
   58    2    1   24    2   14    0    1    9      2904
   58    2    1   25    1    9    1    1    1      1557
   58    2    1   26    2    1    0    1    9      1224
   58    2    1   27    1    6    1    1    1      2489
   58    2    1   28    1   21    1    1    1       871
   58    2    1   29    2   10    0    1    9      1125
   58    2    1   30    1   15    2    2    1      7562
   58    2    1   31    1    9    1    2    0      4189
   58    2    1   32    1   22    1    1    1      6966
   58    2    1   33    1   21    1    1    1      1041
   58    2    1   34    2   11    0    2    9      1817
   58    2    1   35    2   30    0    1    9      2626
   58    2    1   36    2   13    0    1    9      4091
   58    2    1   37    1    2    1    1    1      1401
   58    2    1   38    2   16    0    2    9      1314
   58    2    1   39    2   18    0    2    9      3295
   58    2    1   40    2    4    0    2    9      2588
   58    2    1   41    2   24    0    2    9      1463
   58    2    1   42    1    7    2    1    0      1533
   58    2    1   43    2   17    0    2    9      2785
   58    2    1   44    2   14    0    1    9      2531
   58    2    1   45    1   19    1    1    1      5039
   58    2    1   46    1   26    2    2    1      2087
   58    2    1   47    2   24    0    2    9      2821
   58    2    1   48    1   28    2    2    1      4006
   58    2    1   49    1    3    2    2    1      1623
   58    2    1   50    2   14    0    1    9      1319
   58    2    1   51    2   23    0    2    9      3316
   58    2    1   52    2    8    0    2    9      1025
   58    2    2    1    1   19    1    1    1      2057
   58    2    2    2    2    5    0    1    9      1112
   58    2    2    3    1   28    2    2    1      1965
   58    2    2    4    2   10    0    1    9      5488
   58    2    2    5    2   16    0    2    9      1701
   58    2    2    6    1   15    2    2    1      1266
   58    2    2    7    1    2    1    1    1      1265
   58    2    2    8    1    7    2    2    1       752
   58    2    2    9    2   23    0    2    9      3107
   58    2    2   10    1   22    1    1    1      3976
   58    2    2   11    2   24    0    2    9      2747
   58    2    2   12    1   26    2    2    1      2702
   58    2    2   13    2    1    0    1    9      1012
   58    2    2   14    1    3    2    2    1      1692
   58    2    2   15    2   24    0    2    9      2411
   58    2    2   16    1   21    1    1    1      2076
   58    2    2   17    1   28    2    2    1      1387
   58    2    2   18    1   15    2    2    1      1444
   58    2    2   19    2   24    0    2    9      2860
   58    2    2   20    1   22    1    1    1      1804
   58    2    2   21    1   25    2    2    1      1893
   58    2    2   22    2   17    0    2    9      1915
   58    2    2   23    2   24    0    2    9      1695
   58    2    2   24    1    7    2    2    1      2909
   58    2    2   25    2   29    0    1    9      1691
   58    2    2   26    2    4    0    2    9      1321
   58    2    2   27    1   25    2    2    1      2853
   58    2    2   28    1   12    2    2    1      1364
   58    2    2   29    1    3    2    2    1      2015
   58    2    2   30    1    9    1    1    1       975
   58    2    2   31    2   13    0    1    9       842
   58    2    2   32    2   14    0    1    9      1465
   58    2    2   33    2   14    0    1    9      1024
   58    2    2   34    2   32    0    2    9      2025
   58    2    2   35    1   31    2    2    1      2153
   58    2    2   36    1   12    2    2    1      2324
   58    2    2   37    1    6    1    1    1       969
   58    2    2   38    2   30    0    1    9      1507
   58    2    2   39    2   18    0    2    9      1785
   58    2    2   40    2    8    0    2    9      2435
   58    2    2   41    1   21    1    1    1      5123
   58    2    2   42    1    6    1    1    1      1063
   58    2    2   43    1    9    1    1    1       670
   58    2    2   44    2   14    0    1    9       741
   58    2    2   45    1   19    1    2    0      2281
   58    2    2   46    1   31    2    2    1      1327
   58    2    2   47    1   26    2    2    1      2043
   58    2    2   48    2   20    0    1    9      1851
   58    2    2   49    2   27    0    2    9      1619
   58    2    2   50    2   14    0    1    9      1267
   58    2    2   51    2   11    0    2    9       850
   58    2    2   52    1    2    1    1    1       721
