    5    1    1    1    1    2    1    1    1      2458
    5    1    1    2    1    7    2    1    0      1159
    5    1    1    3    1   12    2    2    1      3378
    5    1    1    4    1    3    2    1    0      1092
    5    1    1    5    1   21    1    1    1      2282
    5    1    1    6    1   25    2    2    1      1552
    5    1    1    7    1   15    2    2    1      1963
    5    1    1    8    1   19    1    1    1      1126
    5    1    1    9    1   26    2    2    1      1530
    5    1    1   10    1   22    1    1    1      1110
    5    1    1   11    1   31    2    1    0      1003
    5    1    1   12    1    9    1    2    0       988
    5    1    1   13    1    6    1    1    1      1926
    5    1    1   14    1   28    2    2    1      1243
    5    1    2    1    1   22    1    1    1      1789
    5    1    2    2    1   31    2    2    1       655
    5    1    2    3    1   21    1    1    1      1478
    5    1    2    4    1    6    1    2    0      1004
    5    1    2    5    1   25    2    2    1      1262
    5    1    2    6    1    3    2    2    1       965
    5    1    2    7    1    2    1    2    0       823
    5    1    2    8    1   26    2    2    1      1416
    5    1    2    9    1    9    1    1    1      1185
    5    1    2   10    1    7    2    2    1      2210
    5    1    2   11    1   28    2    2    1      1579
    5    1    2   12    1   19    1    1    1       926
    5    1    2   13    1   15    2    1    0      5098
    5    1    2   14    1   12    2    1    0      1232
    5    1    3    1    1   21    1    1    1       551
    5    1    3    2    1    6    1    2    0      1162
    5    1    3    3    1    2    1    2    0       885
    5    1    3    4    1    7    2    2    1       499
    5    1    3    5    1   19    1    1    1       696
    5    1    3    6    1   28    2    1    0      1093
    5    1    3    7    1   22    1    2    0      1379
    5    1    3    8    1   26    2    1    0      3166
    5    1    3    9    1   12    2    2    1      1912
    5    1    3   10    1   25    2    2    1      1254
    5    1    3   11    1    3    2    2    1      2413
    5    1    3   12    1   31    2    1    0      3150
    5    1    3   13    1    9    1    2    0       881
    5    1    3   14    1   15    2    1    0       607
    5    1    4    1    1   15    2    1    0       804
    5    1    4    2    1   25    2    1    0      1141
    5    1    4    3    1    9    1    2    0       505
    5    1    4    4    1   12    2    2    1       542
    5    1    4    5    1   21    1    1    1       682
    5    1    4    6    1   22    1    1    1       704
    5    1    4    7    1   28    2    2    1       789
    5    1    4    8    1   26    2    2    1       566
    5    1    4    9    1    2    1    1    1       593
    5    1    4   10    1    3    2    1    0       570
    5    1    4   11    1    7    2    2    1       925
    5    1    4   12    1   19    1    2    0       570
    5    1    4   13    1    6    1    2    0       852
    5    1    4   14    1   31    2    2    1      1027
    5    1    5    1    1   22    1    1    1      1012
    5    1    5    2    1   15    2    2    1       509
    5    1    5    3    1    9    1    2    0       482
    5    1    5    4    1   28    2    2    1       744
    5    1    5    5    1    3    2    2    1       924
    5    1    5    6    1    6    1    1    1       544
    5    1    5    7    1    7    2    2    1       700
    5    1    5    8    1   12    2    2    1       465
    5    1    5    9    1   21    1    1    1       559
    5    1    5   10    1   19    1    2    0       739
    5    1    5   11    1   31    2    2    1      2278
    5    1    5   12    1   25    2    1    0       493
    5    1    5   13    1    2    1    2    0      1099
    5    1    5   14    1   26    2    1    0       440
    5    1    6    1    1   28    2    2    1       641
    5    1    6    2    1    6    1    1    1       832
    5    1    6    3    1    2    1    1    1       664
    5    1    6    4    1   25    2    1    0       558
    5    1    6    5    1   26    2    2    1       658
    5    1    6    6    1    7    2    2    1       616
    5    1    6    7    1    9    1    2    0       985
    5    1    6    8    1   15    2    2    1       730
    5    1    6    9    1   12    2    2    1      2182
    5    1    6   10    1   21    1    1    1       896
    5    1    6   11    1    3    2    1    0      4037
    5    1    6   12    1   19    1    1    1      1414
    5    1    6   13    1   22    1    1    1       662
    5    1    6   14    1   31    2    2    1      1637
    5    1    7    1    1    2    1    1    1      1407
    5    1    7    2    1   15    2    2    1      1553
    5    1    7    3    1   19    1    1    1      1428
    5    1    7    4    1   31    2    2    1       916
    5    1    7    5    1   26    2    2    1      1025
    5    1    7    6    1   25    2    2    1      1193
    5    1    7    7    1    6    1    1    1      2058
    5    1    7    8    1   28    2    2    1       658
    5    1    7    9    1   21    1    1    1       945
    5    1    7   10    1   12    2    2    1       828
    5    1    7   11    1    3    2    2    1      2493
    5    1    7   12    1    7    2    2    1      1835
    5    1    7   13    1    9    1    1    1      1395
    5    1    7   14    1   22    1    1    1       925
    5    1    8    1    1   26    2    1    0      1145
    5    1    8    2    1   25    2    1    0       885
    5    1    8    3    1   31    2    2    1       554
    5    1    8    4    1    6    1    1    1      2061
    5    1    8    5    1    3    2    2    1      1013
    5    1    8    6    1   28    2    1    0       422
    5    1    8    7    1   12    2    2    1       406
    5    1    8    8    1    7    2    2    1       447
    5    1    8    9    1   19    1    1    1       734
    5    1    8   10    1   21    1    1    1       602
    5    1    8   11    1    9    1    2    0      1426
    5    1    8   12    1   15    2    2    1      1363
    5    1    8   13    1   22    1    2    0       734
    5    1    8   14    1    2    1    1    1       466
    5    1    9    1    1   12    2    2    1       922
    5    1    9    2    1   15    2    2    1       550
    5    1    9    3    1    6    1    2    0       785
    5    1    9    4    1   28    2    2    1       699
    5    1    9    5    1   31    2    2    1       648
    5    1    9    6    1   21    1    1    1       775
    5    1    9    7    1   25    2    2    1      1857
    5    1    9    8    1    2    1    1    1       793
    5    1    9    9    1   19    1    2    0       954
    5    1    9   10    1    9    1    2    0      2181
    5    1    9   11    1   26    2    2    1      1703
    5    1    9   12    1   22    1    2    0      1348
    5    1    9   13    1    7    2    2    1       960
    5    1    9   14    1    3    2    2    1       634
    5    1   10    1    1    2    1    1    1      2033
    5    1   10    2    1   28    2    2    1       625
    5    1   10    3    1    7    2    2    1      1378
    5    1   10    4    1   25    2    1    0       644
    5    1   10    5    1    9    1    2    0      1156
    5    1   10    6    1   31    2    2    1       751
    5    1   10    7    1    6    1    1    1      1282
    5    1   10    8    1    3    2    1    0       951
    5    1   10    9    1   19    1    1    1      2355
    5    1   10   10    1   15    2    1    0       982
    5    1   10   11    1   12    2    2    1      1136
    5    1   10   12    1   21    1    1    1       499
    5    1   10   13    1   26    2    1    0       904
    5    1   10   14    1   22    1    1    1      1245
    5    2    1    1    1   22    1    1    1      2348
    5    2    1    2    2   14    0    2    9      1095
    5    2    1    3    1   21    1    1    1      1148
    5    2    1    4    1    3    2    2    1      1088
    5    2    1    5    2   11    0    2    9      1581
    5    2    1    6    1    7    2    2    1      1239
    5    2    1    7    2   18    0    1    9       639
    5    2    1    8    1    3    2    2    1      1774
    5    2    1    9    2   16    0    2    9      1041
    5    2    1   10    2   17    0    1    9      1096
    5    2    1   11    2   14    0    1    9       957
    5    2    1   12    1    6    1    2    0      1304
    5    2    1   13    1   12    2    2    1      1301
    5    2    1   14    2   14    0    1    9       930
    5    2    1   15    2   24    0    2    9       654
    5    2    1   16    1    7    2    2    1      1149
    5    2    1   17    1   19    1    2    0       976
    5    2    1   18    2   10    0    2    9       979
    5    2    1   19    1   25    2    1    0       709
    5    2    1   20    1    9    1    2    0      1282
    5    2    1   21    2   20    0    2    9      2951
    5    2    1   22    1   25    2    1    0       907
    5    2    1   23    2   13    0    2    9      1080
    5    2    1   24    2   27    0    2    9      1470
    5    2    1   25    2    1    0    1    9      1149
    5    2    1   26    1   28    2    2    1       623
    5    2    1   27    1   22    1    1    1      1208
    5    2    1   28    2   32    0    2    9       785
    5    2    1   29    2   24    0    2    9       523
    5    2    1   30    1    2    1    1    1       759
    5    2    1   31    1   31    2    2    1       650
    5    2    1   32    1   26    2    1    0       841
    5    2    1   33    1   26    2    2    1      1458
    5    2    1   34    1   21    1    1    1       665
    5    2    1   35    2   29    0    1    9       575
    5    2    1   36    1    2    1    1    1      2985
    5    2    1   37    1    9    1    2    0       827
    5    2    1   38    2   30    0    1    9      1460
    5    2    1   39    1   15    2    2    1       651
    5    2    1   40    2   23    0    2    9       578
    5    2    1   41    2    4    0    1    9      1196
    5    2    1   42    2    5    0    1    9       646
    5    2    1   43    1   19    1    1    1      1334
    5    2    1   44    1   15    2    2    1      1242
    5    2    1   45    1   12    2    2    1       545
    5    2    1   46    2    8    0    2    9       541
    5    2    1   47    1   31    2    2    1      2192
    5    2    1   48    2   14    0    1    9       866
    5    2    1   49    2   24    0    2    9       953
    5    2    1   50    1    6    1    1    1       756
    5    2    1   51    2   24    0    2    9       599
    5    2    1   52    1   28    2    2    1       480
    5    2    2    1    1   22    1    1    1       822
    5    2    2    2    1    3    2    1    0      3038
    5    2    2    3    1   26    2    2    1      1510
    5    2    2    4    2   17    0    2    9       779
    5    2    2    5    1   15    2    2    1      1437
    5    2    2    6    2   14    0    2    9      1205
    5    2    2    7    1    7    2    2    1       614
    5    2    2    8    2   29    0    1    9       798
    5    2    2    9    1    2    1    1    1      3335
    5    2    2   10    2    1    0    1    9      1251
    5    2    2   11    2   14    0    2    9      1170
    5    2    2   12    1   19    1    1    1      1269
    5    2    2   13    2   32    0    2    9      2595
    5    2    2   14    2   18    0    1    9       917
    5    2    2   15    1    2    1    1    1       722
    5    2    2   16    2    8    0    2    9       822
    5    2    2   17    1   25    2    1    0       606
    5    2    2   18    1   15    2    2    1      1656
    5    2    2   19    1    3    2    2    1      1183
    5    2    2   20    1   26    2    2    1       680
    5    2    2   21    1   21    1    1    1       678
    5    2    2   22    1    9    1    2    0       804
    5    2    2   23    2    4    0    2    9      1005
    5    2    2   24    1    9    1    1    1       934
    5    2    2   25    2   16    0    2    9       722
    5    2    2   26    1    6    1    1    1      1486
    5    2    2   27    2   24    0    2    9      1308
    5    2    2   28    2   14    0    2    9      1073
    5    2    2   29    2   24    0    2    9       879
    5    2    2   30    1   31    2    2    1       598
    5    2    2   31    2   20    0    2    9      1071
    5    2    2   32    2   14    0    2    9      3797
    5    2    2   33    1    7    2    2    1       782
    5    2    2   34    2   11    0    2    9       457
    5    2    2   35    1   31    2    2    1       776
    5    2    2   36    2    5    0    1    9      1810
    5    2    2   37    1   28    2    2    1       595
    5    2    2   38    2   13    0    1    9       853
    5    2    2   39    1   21    1    1    1      2995
    5    2    2   40    1   25    2    1    0       654
    5    2    2   41    2   23    0    1    9      2484
    5    2    2   42    1    6    1    1    1       850
    5    2    2   43    1   12    2    2    1      1074
    5    2    2   44    2   30    0    1    9       608
    5    2    2   45    1   22    1    1    1       409
    5    2    2   46    2   27    0    1    9      2722
    5    2    2   47    2   24    0    2    9       671
    5    2    2   48    2   24    0    2    9       581
    5    2    2   49    2   10    0    1    9       679
    5    2    2   50    1   12    2    2    1       493
    5    2    2   51    1   19    1    1    1      1643
    5    2    2   52    1   28    2    2    1       722
