   60    1    1    1    1    9    1    1    1      6022
   60    1    1    2    1   31    4    2    0      1737
   60    1    1    3    1   19    3    3    1      3372
   60    1    1    4    1   22    3    2    0      1445
   60    1    1    5    1   25    4    1    0      3220
   60    1    1    6    1   21    3    4    0      3036
   60    1    1    7    1   12    2    4    0      2986
   60    1    1    8    1    2    1    1    1      1804
   60    1    1    9    1   15    2    3    0      2323
   60    1    1   10    1    6    1    2    0     13455
   60    1    1   11    1   26    4    2    0      6285
   60    1    1   12    1   28    4    2    0      2138
   60    1    1   13    1    7    2    3    0      2636
   60    1    1   14    1    3    2    3    0      1628
   60    1    2    1    1   25    4    1    0      1675
   60    1    2    2    1   31    4    2    0     12319
   60    1    2    3    1   12    2    3    0      4349
   60    1    2    4    1    9    1    1    1      4183
   60    1    2    5    1    7    2    3    0      6128
   60    1    2    6    1    2    1    4    0      4708
   60    1    2    7    1   28    4    4    1     10144
   60    1    2    8    1    3    2    1    0      4091
   60    1    2    9    1   22    3    3    1      2641
   60    1    2   10    1   15    2    1    0      8616
   60    1    2   11    1    6    1    1    1      6280
   60    1    2   12    1   26    4    3    0      3581
   60    1    2   13    1   21    3    3    1      4262
   60    1    2   14    1   19    3    4    0      1980
   60    1    3    1    1   21    3    1    0      2958
   60    1    3    2    1   31    4    3    0      5121
   60    1    3    3    1   26    4    4    1      3373
   60    1    3    4    1    9    1    1    1      1831
   60    1    3    5    1    7    2    2    1      1278
   60    1    3    6    1   15    2    2    1      1677
   60    1    3    7    1   19    3    3    1      2539
   60    1    3    8    1    2    1    2    0      1655
   60    1    3    9    1   12    2    2    1      3294
   60    1    3   10    1   22    3    3    1      1531
   60    1    3   11    1   25    4    4    1      9165
   60    1    3   12    1    3    2    2    1      2670
   60    1    3   13    1    6    1    1    1      3044
   60    1    3   14    1   28    4    4    1      1835
   60    1    4    1    1    2    1    1    1      3863
   60    1    4    2    1   22    3    3    1      2445
   60    1    4    3    1   21    3    3    1      2716
   60    1    4    4    1    7    2    2    1      1504
   60    1    4    5    1   25    4    3    0      3300
   60    1    4    6    1    3    2    2    1      2202
   60    1    4    7    1   19    3    3    1      5123
   60    1    4    8    1   31    4    3    0      2166
   60    1    4    9    1   26    4    3    0      1642
   60    1    4   10    1    9    1    1    1      1457
   60    1    4   11    1    6    1    2    0       887
   60    1    4   12    1   28    4    4    1      2157
   60    1    4   13    1   15    2    2    1      2215
   60    1    4   14    1   12    2    2    1      2848
   60    1    5    1    1    2    1    1    1      2799
   60    1    5    2    1   19    3    3    1      2463
   60    1    5    3    1   25    4    4    1      1501
   60    1    5    4    1    3    2    1    0      2370
   60    1    5    5    1    7    2    3    0      3532
   60    1    5    6    1    6    1    2    0      2215
   60    1    5    7    1   22    3    3    1      2167
   60    1    5    8    1   31    4    4    1      1073
   60    1    5    9    1   21    3    3    1      1383
   60    1    5   10    1   12    2    2    1      1697
   60    1    5   11    1   15    2    2    1      1645
   60    1    5   12    1   26    4    4    1      3437
   60    1    5   13    1    9    1    1    1      1941
   60    1    5   14    1   28    4    3    0      3480
   60    1    6    1    1   22    3    4    0      4894
   60    1    6    2    1   26    4    3    0      1524
   60    1    6    3    1   19    3    3    1      3920
   60    1    6    4    1   12    2    2    1      1636
   60    1    6    5    1    6    1    1    1      2883
   60    1    6    6    1   28    4    4    1      2192
   60    1    6    7    1    2    1    1    1      2938
   60    1    6    8    1    7    2    2    1       981
   60    1    6    9    1   31    4    3    0      3614
   60    1    6   10    1    9    1    1    1      1446
   60    1    6   11    1   25    4    4    1      2317
   60    1    6   12    1    3    2    1    0      4848
   60    1    6   13    1   15    2    2    1      2151
   60    1    6   14    1   21    3    4    0      2178
   60    1    7    1    1    7    2    4    0      3996
   60    1    7    2    1   15    2    2    1      2053
   60    1    7    3    1   25    4    4    1      2900
   60    1    7    4    1   22    3    4    0      3712
   60    1    7    5    1    6    1    2    0      4085
   60    1    7    6    1    2    1    1    1      1322
   60    1    7    7    1   28    4    3    0      4294
   60    1    7    8    1    9    1    1    1      1316
   60    1    7    9    1   26    4    3    0      5344
   60    1    7   10    1   12    2    2    1      2659
   60    1    7   11    1   21    3    4    0      1802
   60    1    7   12    1   19    3    3    1      4187
   60    1    7   13    1   31    4    3    0      2036
   60    1    7   14    1    3    2    2    1      1531
   60    1    8    1    1    2    1    1    1      4317
   60    1    8    2    1   31    4    3    0      2625
   60    1    8    3    1    3    2    2    1      1569
   60    1    8    4    1   19    3    3    1      4147
   60    1    8    5    1   26    4    4    1      1997
   60    1    8    6    1    6    1    2    0      2382
   60    1    8    7    1   12    2    2    1      1671
   60    1    8    8    1   25    4    4    1      1493
   60    1    8    9    1    7    2    1    0      4666
   60    1    8   10    1    9    1    1    1      1833
   60    1    8   11    1   21    3    4    0      1984
   60    1    8   12    1   15    2    2    1      1801
   60    1    8   13    1   28    4    3    0      7842
   60    1    8   14    1   22    3    3    1      2769
   60    1    9    1    1   26    4    4    1      4132
   60    1    9    2    1    9    1    1    1      1840
   60    1    9    3    1   12    2    2    1      1559
   60    1    9    4    1    6    1    1    1      1930
   60    1    9    5    1    2    1    1    1      1837
   60    1    9    6    1   28    4    4    1      1396
   60    1    9    7    1   21    3    4    0      1117
   60    1    9    8    1   31    4    3    0      2457
   60    1    9    9    1   15    2    2    1      1456
   60    1    9   10    1   19    3    3    1      2902
   60    1    9   11    1   22    3    3    1      1763
   60    1    9   12    1    3    2    2    1      1805
   60    1    9   13    1   25    4    4    1      1830
   60    1    9   14    1    7    2    2    1      1693
   60    1   10    1    1    3    2    3    0      4222
   60    1   10    2    1    6    1    1    1      3790
   60    1   10    3    1    7    2    2    1      1912
   60    1   10    4    1   25    4    4    1      1164
   60    1   10    5    1    2    1    1    1      2414
   60    1   10    6    1   31    4    4    1      1982
   60    1   10    7    1   19    3    4    0      2032
   60    1   10    8    1   15    2    2    1      2759
   60    1   10    9    1    9    1    1    1      1802
   60    1   10   10    1   28    4    4    1      1202
   60    1   10   11    1   21    3    4    0      1587
   60    1   10   12    1   22    3    3    1      2428
   60    1   10   13    1   26    4    3    0      1308
   60    1   10   14    1   12    2    2    1      3713
   60    2    1    1    1    9    1    1    1      1984
   60    2    1    2    1   22    3    3    1      2097
   60    2    1    3    1   26    4    4    1      3741
   60    2    1    4    1   28    4    4    1      1897
   60    2    1    5    2   20    0    3    9      1053
   60    2    1    6    1    2    1    2    0      4068
   60    2    1    7    1    6    1    1    1      1203
   60    2    1    8    2   18    0    3    9      3844
   60    2    1    9    2   17    0    4    9      2012
   60    2    1   10    2   24    0    4    9      1661
   60    2    1   11    1   19    3    4    0      5563
   60    2    1   12    2   23    0    4    9      2878
   60    2    1   13    2    5    0    1    9      1212
   60    2    1   14    2   11    0    2    9       957
   60    2    1   15    1   21    3    4    0      2120
   60    2    1   16    1    6    1    2    0      3204
   60    2    1   17    1   12    2    2    1      1620
   60    2    1   18    1    7    2    2    1      1940
   60    2    1   19    2   32    0    4    9      7768
   60    2    1   20    2    8    0    2    9      3170
   60    2    1   21    2   24    0    4    9      2453
   60    2    1   22    1    3    2    1    0      2835
   60    2    1   23    2   10    0    2    9      2562
   60    2    1   24    1   15    2    2    1      2222
   60    2    1   25    2    1    0    1    9       854
   60    2    1   26    2   29    0    4    9      2421
   60    2    1   27    1   25    4    4    1      2581
   60    2    1   28    1    2    1    1    1      3327
   60    2    1   29    1   25    4    4    1      1339
   60    2    1   30    1   21    3    4    0      1079
   60    2    1   31    2   16    0    2    9      1501
   60    2    1   32    1   22    3    3    1      7410
   60    2    1   33    1   26    4    4    1      1708
   60    2    1   34    1    7    2    2    1      4920
   60    2    1   35    1   19    3    4    0      3124
   60    2    1   36    1   15    2    2    1      1704
   60    2    1   37    1   12    2    2    1      2005
   60    2    1   38    2   14    0    2    9      3478
   60    2    1   39    2   14    0    2    9      2076
   60    2    1   40    1    3    2    2    1      1706
   60    2    1   41    1   31    4    3    0      6647
   60    2    1   42    2   14    0    2    9      3533
   60    2    1   43    2    4    0    2    9      3617
   60    2    1   44    2   27    0    3    9      3489
   60    2    1   45    2   30    0    4    9      3031
   60    2    1   46    2   24    0    4    9      4414
   60    2    1   47    2   13    0    1    9      1150
   60    2    1   48    1   31    4    3    0      2657
   60    2    1   49    1   28    4    4    1      1639
   60    2    1   50    2   24    0    4    9       887
   60    2    1   51    2   14    0    2    9      6996
   60    2    1   52    1    9    1    1    1       813
   60    2    2    1    1   22    3    4    0      3277
   60    2    2    2    1    3    2    2    1      2251
   60    2    2    3    2   24    0    4    9      2274
   60    2    2    4    2   13    0    1    9      1192
   60    2    2    5    2    5    0    1    9      1257
   60    2    2    6    2   18    0    4    9      5480
   60    2    2    7    1   26    4    3    0      1406
   60    2    2    8    2   20    0    4    9      2087
   60    2    2    9    2   32    0    3    9      5028
   60    2    2   10    1    9    1    1    1      1053
   60    2    2   11    1    7    2    2    1      1491
   60    2    2   12    1   25    4    4    1      1657
   60    2    2   13    2   16    0    2    9      1560
   60    2    2   14    2   14    0    2    9      3994
   60    2    2   15    1   28    4    4    1      3292
   60    2    2   16    1   15    2    2    1      1321
   60    2    2   17    1   26    4    3    0      4581
   60    2    2   18    2    8    0    2    9      2238
   60    2    2   19    1   28    4    4    1      1718
   60    2    2   20    1   25    4    4    1      1778
   60    2    2   21    2   14    0    2    9      6476
   60    2    2   22    1   19    3    3    1      9338
   60    2    2   23    2   30    0    4    9      2389
   60    2    2   24    1   15    2    2    1      2856
   60    2    2   25    1    2    1    1    1      1735
   60    2    2   26    2   11    0    2    9      2322
   60    2    2   27    2   27    0    4    9      7622
   60    2    2   28    1    7    2    2    1      2246
   60    2    2   29    2   24    0    4    9      6301
   60    2    2   30    1   19    3    3    1      3569
   60    2    2   31    2   17    0    4    9      2292
   60    2    2   32    2   14    0    2    9      1818
   60    2    2   33    2    1    0    1    9      1250
   60    2    2   34    1   21    3    3    1      2657
   60    2    2   35    1   12    2    2    1      3591
   60    2    2   36    1   21    3    4    0      2409
   60    2    2   37    2   10    0    2    9      3658
   60    2    2   38    2   23    0    3    9      6393
   60    2    2   39    1   12    2    2    1      1611
   60    2    2   40    1    2    1    1    1      2700
   60    2    2   41    2    4    0    2    9      1521
   60    2    2   42    2   24    0    4    9      2086
   60    2    2   43    2   24    0    4    9      1539
   60    2    2   44    1   31    4    4    1      2231
   60    2    2   45    1   31    4    4    1      3870
   60    2    2   46    1    3    2    1    0      1893
   60    2    2   47    1    9    1    1    1       859
   60    2    2   48    2   14    0    2    9      1866
   60    2    2   49    1   22    3    3    1      7984
   60    2    2   50    1    6    1    1    1      2129
   60    2    2   51    2   29    0    4    9      1645
   60    2    2   52    1    6    1    1    1      2268
