   24    1    1    1    1    5    1    3    0      5377
   24    1    1    2    1    9    2    2    1      2103
   24    1    1    3    1   12    2    4    0      1364
   24    1    1    4    1   25    4    1    0      1830
   24    1    1    5    1   21    3    2    0      3285
   24    1    1    6    1    3    1    3    0      1675
   24    1    1    7    1   31    4    3    0      2609
   24    1    1    8    1   26    4    3    0      2034
   24    1    1    9    1   22    3    2    0      1113
   24    1    1   10    1   19    3    3    1       629
   24    1    1   11    1   10    2    2    1      3213
   24    1    1   12    1    6    1    2    0      1932
   24    1    1   13    1   28    4    3    0       921
   24    1    1   14    1   15    2    4    0       989
   24    1    2    1    1   10    2    2    1       871
   24    1    2    2    1   22    3    1    0       789
   24    1    2    3    1   15    2    4    0      1407
   24    1    2    4    1   25    4    1    0       719
   24    1    2    5    1    5    1    2    0       699
   24    1    2    6    1    9    2    1    0       472
   24    1    2    7    1    3    1    3    0       782
   24    1    2    8    1   12    2    4    0       327
   24    1    2    9    1    6    1    2    0      1491
   24    1    2   10    1   21    3    1    0      1265
   24    1    2   11    1   28    4    4    1      1287
   24    1    2   12    1   31    4    3    0      3268
   24    1    2   13    1   19    3    4    0      1386
   24    1    2   14    1   26    4    2    0       539
   24    1    3    1    1   19    3    3    1       860
   24    1    3    2    1   21    3    1    0       683
   24    1    3    3    1    3    1    2    0       728
   24    1    3    4    1   25    4    1    0       612
   24    1    3    5    1   15    2    4    0       325
   24    1    3    6    1    9    2    3    0      1185
   24    1    3    7    1   10    2    1    0       362
   24    1    3    8    1   31    4    2    0       548
   24    1    3    9    1    5    1    4    0      1079
   24    1    3   10    1   28    4    1    0       245
   24    1    3   11    1   26    4    3    0       260
   24    1    3   12    1    6    1    2    0       579
   24    1    3   13    1   22    3    1    0       469
   24    1    3   14    1   12    2    3    0       315
   24    1    4    1    1   19    3    2    0       579
   24    1    4    2    1   25    4    1    0       789
   24    1    4    3    1   21    3    4    0       303
   24    1    4    4    1   15    2    2    1       300
   24    1    4    5    1    9    2    1    0       640
   24    1    4    6    1   31    4    3    0       480
   24    1    4    7    1    3    1    2    0       853
   24    1    4    8    1   28    4    2    0       540
   24    1    4    9    1    5    1    1    1       463
   24    1    4   10    1   10    2    2    1       557
   24    1    4   11    1    6    1    3    0       264
   24    1    4   12    1   26    4    3    0      1590
   24    1    4   13    1   22    3    4    0       223
   24    1    4   14    1   12    2    3    0       495
   24    1    5    1    1    9    2    1    0       520
   24    1    5    2    1   19    3    2    0       284
   24    1    5    3    1   28    4    4    1       361
   24    1    5    4    1   10    2    1    0       748
   24    1    5    5    1   12    2    4    0       774
   24    1    5    6    1    3    1    2    0       304
   24    1    5    7    1   31    4    1    0       573
   24    1    5    8    1   25    4    4    1       255
   24    1    5    9    1   15    2    3    0       566
   24    1    5   10    1   21    3    2    0       376
   24    1    5   11    1    6    1    3    0       434
   24    1    5   12    1   22    3    1    0       505
   24    1    5   13    1    5    1    3    0       990
   24    1    5   14    1   26    4    1    0      1391
   24    1    6    1    1    5    1    1    1      3431
   24    1    6    2    1   22    3    4    0      1550
   24    1    6    3    1   26    4    3    0       681
   24    1    6    4    1   12    2    2    1      1318
   24    1    6    5    1   10    2    4    0      1266
   24    1    6    6    1   21    3    1    0       952
   24    1    6    7    1    9    2    3    0      1691
   24    1    6    8    1   31    4    4    1       448
   24    1    6    9    1    6    1    1    1       943
   24    1    6   10    1   15    2    1    0       698
   24    1    6   11    1    3    1    1    1      1015
   24    1    6   12    1   25    4    4    1       623
   24    1    6   13    1   19    3    4    0       583
   24    1    6   14    1   28    4    4    1       664
   24    1    7    1    1   25    4    3    0       985
   24    1    7    2    1   15    2    2    1       874
   24    1    7    3    1    6    1    1    1       584
   24    1    7    4    1   26    4    3    0       865
   24    1    7    5    1   10    2    2    1       823
   24    1    7    6    1   19    3    3    1      1111
   24    1    7    7    1    9    2    1    0       636
   24    1    7    8    1   21    3    4    0       763
   24    1    7    9    1   22    3    4    0       710
   24    1    7   10    1    3    1    1    1       690
   24    1    7   11    1    5    1    2    0       759
   24    1    7   12    1   31    4    4    1       706
   24    1    7   13    1   28    4    4    1       663
   24    1    7   14    1   12    2    1    0       589
   24    1    8    1    1   26    4    3    0      1735
   24    1    8    2    1    9    2    2    1      1018
   24    1    8    3    1   19    3    3    1       802
   24    1    8    4    1   12    2    2    1      1171
   24    1    8    5    1    3    1    1    1       581
   24    1    8    6    1   28    4    4    1      1230
   24    1    8    7    1   10    2    2    1      1421
   24    1    8    8    1    6    1    1    1       693
   24    1    8    9    1   22    3    3    1       987
   24    1    8   10    1   15    2    4    0       676
   24    1    8   11    1   21    3    3    1       882
   24    1    8   12    1   31    4    4    1       399
   24    1    8   13    1    5    1    2    0       944
   24    1    8   14    1   25    4    3    0       835
   24    1    9    1    1   19    3    3    1      1922
   24    1    9    2    1   25    4    4    1       694
   24    1    9    3    1   28    4    4    1       603
   24    1    9    4    1   26    4    4    1      1204
   24    1    9    5    1   21    3    3    1       613
   24    1    9    6    1    9    2    2    1      1117
   24    1    9    7    1    3    1    1    1       337
   24    1    9    8    1   31    4    4    1       773
   24    1    9    9    1   22    3    3    1      1047
   24    1    9   10    1   12    2    2    1      1118
   24    1    9   11    1   15    2    2    1       690
   24    1    9   12    1    6    1    1    1      1015
   24    1    9   13    1   10    2    2    1       687
   24    1    9   14    1    5    1    1    1       757
   24    1   10    1    1   26    4    4    1      1746
   24    1   10    2    1   25    4    4    1       397
   24    1   10    3    1   28    4    4    1       430
   24    1   10    4    1    3    1    1    1       733
   24    1   10    5    1    5    1    1    1       752
   24    1   10    6    1   10    2    2    1      1059
   24    1   10    7    1    6    1    1    1       986
   24    1   10    8    1   12    2    2    1       403
   24    1   10    9    1   31    4    4    1       724
   24    1   10   10    1   21    3    3    1       744
   24    1   10   11    1   15    2    2    1      1068
   24    1   10   12    1    9    2    2    1       994
   24    1   10   13    1   22    3    3    1      3627
   24    1   10   14    1   19    3    3    1       811
   24    2    1    1    2   32    0    4    9      2430
   24    2    1    2    2   18    0    3    9      1917
   24    2    1    3    2   27    0    4    9       705
   24    2    1    4    2   13    0    2    9      1173
   24    2    1    5    2    8    0    1    9       919
   24    2    1    6    1   15    2    2    1       579
   24    2    1    7    2   24    0    3    9      3965
   24    2    1    8    1    9    2    1    0      1967
   24    2    1    9    2    4    0    1    9      2065
   24    2    1   10    1    3    1    1    1      1007
   24    2    1   11    1   26    4    3    0      5671
   24    2    1   12    1   28    4    4    1       965
   24    2    1   13    2   11    0    2    9       783
   24    2    1   14    2   24    0    3    9      1057
   24    2    1   15    1   22    3    3    1       615
   24    2    1   16    2   17    0    3    9      2079
   24    2    1   17    2   24    0    3    9       765
   24    2    1   18    1   26    4    4    1      1151
   24    2    1   19    2   23    0    3    9       754
   24    2    1   20    2   20    0    3    9      1797
   24    2    1   21    1   12    2    2    1      1277
   24    2    1   22    1   19    3    3    1      2011
   24    2    1   23    1   31    4    4    1       844
   24    2    1   24    1   19    3    3    1       971
   24    2    1   25    2   24    0    3    9       725
   24    2    1   26    1   25    4    4    1      1017
   24    2    1   27    2    2    0    2    9      1345
   24    2    1   28    1   10    2    1    0      1533
   24    2    1   29    1   21    3    4    0      1424
   24    2    1   30    1   22    3    3    1       504
   24    2    1   31    1    5    1    2    0      1237
   24    2    1   32    1    6    1    1    1       644
   24    2    1   33    1   10    2    2    1       859
   24    2    1   34    2    1    0    1    9       618
   24    2    1   35    1    3    1    1    1       434
   24    2    1   36    2   14    0    2    9       721
   24    2    1   37    1   25    4    4    1      1093
   24    2    1   38    1    9    2    2    1      1162
   24    2    1   39    2    7    0    1    9       813
   24    2    1   40    2    8    0    1    9       541
   24    2    1   41    2    8    0    1    9       585
   24    2    1   42    2   30    0    4    9      1698
   24    2    1   43    1   28    4    4    1      1022
   24    2    1   44    2    8    0    1    9      1942
   24    2    1   45    1   12    2    2    1       634
   24    2    1   46    1   21    3    3    1      1281
   24    2    1   47    2   16    0    2    9       719
   24    2    1   48    1    6    1    1    1       882
   24    2    1   49    1   31    4    4    1       848
   24    2    1   50    1   15    2    4    0       494
   24    2    1   51    1    5    1    2    0      1980
   24    2    1   52    2   29    0    4    9       749
   24    2    2    1    1    5    1    1    1      1232
   24    2    2    2    1   26    4    4    1      2751
   24    2    2    3    2   24    0    3    9       658
   24    2    2    4    1   31    4    4    1       552
   24    2    2    5    2   23    0    3    9       579
   24    2    2    6    2   16    0    2    9       845
   24    2    2    7    1    6    1    1    1       620
   24    2    2    8    1   28    4    3    0       981
   24    2    2    9    1   22    3    3    1       750
   24    2    2   10    2   14    0    2    9       736
   24    2    2   11    2   29    0    4    9       532
   24    2    2   12    1   26    4    4    1      1343
   24    2    2   13    1   19    3    3    1       378
   24    2    2   14    2   24    0    3    9       364
   24    2    2   15    2   20    0    3    9       654
   24    2    2   16    2   13    0    2    9       933
   24    2    2   17    1   25    4    4    1      1168
   24    2    2   18    2    8    0    2    9       770
   24    2    2   19    2    4    0    1    9       740
   24    2    2   20    1   31    4    4    1      1272
   24    2    2   21    1   21    3    3    1      1254
   24    2    2   22    1    9    2    2    1      2612
   24    2    2   23    1   10    2    2    1      1037
   24    2    2   24    2   11    0    2    9       532
   24    2    2   25    1    5    1    1    1       687
   24    2    2   26    2    2    0    1    9       789
   24    2    2   27    1   15    2    2    1      1430
   24    2    2   28    1   10    2    2    1       766
   24    2    2   29    1   25    4    4    1      1456
   24    2    2   30    1    3    1    1    1       582
   24    2    2   31    1    3    1    1    1       799
   24    2    2   32    2   24    0    3    9      3680
   24    2    2   33    1   28    4    4    1       718
   24    2    2   34    2   17    0    3    9       482
   24    2    2   35    1   22    3    3    1      1375
   24    2    2   36    2   27    0    3    9      1945
   24    2    2   37    2    8    0    1    9      2284
   24    2    2   38    2   18    0    3    9      1121
   24    2    2   39    1   12    2    2    1       806
   24    2    2   40    1   15    2    2    1       598
   24    2    2   41    1   12    2    2    1       863
   24    2    2   42    1    6    1    1    1       749
   24    2    2   43    1   19    3    3    1       752
   24    2    2   44    2    8    0    1    9      1298
   24    2    2   45    2   30    0    4    9       671
   24    2    2   46    2    7    0    2    9      1061
   24    2    2   47    1   21    3    3    1      3691
   24    2    2   48    2   24    0    3    9       569
   24    2    2   49    2   32    0    4    9      2419
   24    2    2   50    2    1    0    1    9       739
   24    2    2   51    2    8    0    1    9       966
   24    2    2   52    1    9    2    1    0       752
