    1    1    1    1    1    6    1    2    0      2064
    1    1    1    2    1    2    1    1    1       938
    1    1    1    3    1   15    2    2    1      1782
    1    1    1    4    1   19    4    2    0      1358
    1    1    1    5    1   31    4    3    0      1314
    1    1    1    6    1   25    3    3    1      2726
    1    1    1    7    1    7    2    4    0      1050
    1    1    1    8    1   23    4    2    0      2057
    1    1    1    9    1   18    3    4    0      2479
    1    1    1   10    1   28    4    3    0      1301
    1    1    1   11    1   12    2    4    0      1514
    1    1    1   12    1    9    1    4    0      1190
    1    1    1   13    1    3    2    4    0      1087
    1    1    1   14    1   22    3    2    0      2364
    1    1    2    1    1   31    4    4    1      2641
    1    1    2    2    1   25    3    1    0      1305
    1    1    2    3    1    7    2    4    0      1421
    1    1    2    4    1    6    1    3    0      1277
    1    1    2    5    1   18    3    1    0      1011
    1    1    2    6    1   12    2    3    0      2916
    1    1    2    7    1    3    2    4    0      1656
    1    1    2    8    1    9    1    1    1      1135
    1    1    2    9    1   19    4    4    1      1010
    1    1    2   10    1   15    2    2    1      1499
    1    1    2   11    1   22    3    3    1       895
    1    1    2   12    1   28    4    4    1      5500
    1    1    2   13    1    2    1    3    0      1665
    1    1    2   14    1   23    4    2    0      2167
    1    1    3    1    1   19    4    4    1      1502
    1    1    3    2    1   31    4    4    1       835
    1    1    3    3    1    6    1    3    0      1379
    1    1    3    4    1   25    3    1    0       549
    1    1    3    5    1   22    3    2    0      1623
    1    1    3    6    1   18    3    3    1       879
    1    1    3    7    1    3    2    1    0      2109
    1    1    3    8    1   15    2    2    1      1122
    1    1    3    9    1    7    2    3    0      1126
    1    1    3   10    1    9    1    1    1       882
    1    1    3   11    1   12    2    3    0      2223
    1    1    3   12    1    2    1    4    0      1391
    1    1    3   13    1   28    4    3    0      1776
    1    1    3   14    1   23    4    3    0     23426
    1    1    4    1    1   19    4    4    1      3767
    1    1    4    2    1    9    1    1    1       753
    1    1    4    3    1   15    2    3    0      2884
    1    1    4    4    1    2    1    3    0      1225
    1    1    4    5    1   22    3    1    0      1041
    1    1    4    6    1   31    4    3    0      2928
    1    1    4    7    1    3    2    1    0      2628
    1    1    4    8    1   18    3    1    0      1908
    1    1    4    9    1    7    2    4    0      2065
    1    1    4   10    1   12    2    3    0      1463
    1    1    4   11    1    6    1    1    1      1461
    1    1    4   12    1   25    3    1    0       812
    1    1    4   13    1   28    4    3    0       884
    1    1    4   14    1   23    4    4    1      1034
    1    1    5    1    1   15    2    4    0       977
    1    1    5    2    1   19    4    2    0       755
    1    1    5    3    1   12    2    4    0       814
    1    1    5    4    1   22    3    2    0      1670
    1    1    5    5    1   28    4    3    0      1132
    1    1    5    6    1    9    1    1    1       967
    1    1    5    7    1    2    1    4    0      2256
    1    1    5    8    1   31    4    3    0      1088
    1    1    5    9    1    7    2    2    1      1646
    1    1    5   10    1    3    2    2    1       893
    1    1    5   11    1   25    3    1    0       794
    1    1    5   12    1   18    3    2    0      1411
    1    1    5   13    1    6    1    1    1      3395
    1    1    5   14    1   23    4    2    0      1693
    1    1    6    1    1    3    2    4    0      2291
    1    1    6    2    1   31    4    4    1      1456
    1    1    6    3    1   22    3    3    1      3271
    1    1    6    4    1    2    1    1    1      1013
    1    1    6    5    1    9    1    1    1      1197
    1    1    6    6    1   25    3    3    1      2061
    1    1    6    7    1   15    2    2    1      2748
    1    1    6    8    1   23    4    4    1      2175
    1    1    6    9    1   18    3    3    1      1337
    1    1    6   10    1   12    2    2    1      2452
    1    1    6   11    1    6    1    1    1      1587
    1    1    6   12    1   19    4    4    1      3588
    1    1    6   13    1    7    2    2    1      3669
    1    1    6   14    1   28    4    2    0      3011
    1    1    7    1    1    9    1    1    1      1427
    1    1    7    2    1   25    3    3    1      1499
    1    1    7    3    1   19    4    4    1       656
    1    1    7    4    1   15    2    2    1      3879
    1    1    7    5    1   28    4    3    0      1805
    1    1    7    6    1    2    1    1    1       942
    1    1    7    7    1   12    2    3    0      1257
    1    1    7    8    1   22    3    2    0      1872
    1    1    7    9    1    7    2    3    0       942
    1    1    7   10    1   18    3    3    1      1185
    1    1    7   11    1   23    4    2    0      1763
    1    1    7   12    1    6    1    1    1       677
    1    1    7   13    1   31    4    4    1      1259
    1    1    7   14    1    3    2    2    1      3546
    1    1    8    1    1    9    1    1    1      1138
    1    1    8    2    1   22    3    3    1      6374
    1    1    8    3    1   25    3    1    0       808
    1    1    8    4    1   19    4    3    0      1217
    1    1    8    5    1    6    1    1    1       697
    1    1    8    6    1    7    2    3    0      1582
    1    1    8    7    1   12    2    3    0      1623
    1    1    8    8    1   23    4    3    0      1615
    1    1    8    9    1   28    4    4    1       775
    1    1    8   10    1   18    3    2    0      1721
    1    1    8   11    1   31    4    3    0       861
    1    1    8   12    1   15    2    2    1      2564
    1    1    8   13    1    2    1    1    1      1118
    1    1    8   14    1    3    2    2    1      1010
    1    1    9    1    1    6    1    1    1       808
    1    1    9    2    1    3    2    2    1      1657
    1    1    9    3    1    9    1    1    1       664
    1    1    9    4    1   15    2    2    1       958
    1    1    9    5    1   12    2    3    0      3064
    1    1    9    6    1    2    1    1    1       918
    1    1    9    7    1   25    3    4    0      2866
    1    1    9    8    1   28    4    4    1      1241
    1    1    9    9    1   19    4    4    1      3752
    1    1    9   10    1   23    4    4    1       963
    1    1    9   11    1   18    3    3    1      3885
    1    1    9   12    1   31    4    4    1      1922
    1    1    9   13    1   22    3    3    1      1158
    1    1    9   14    1    7    2    2    1      2473
    1    1   10    1    1   15    2    2    1      1630
    1    1   10    2    1   12    2    2    1      1965
    1    1   10    3    1   28    4    4    1      1503
    1    1   10    4    1    7    2    2    1      1428
    1    1   10    5    1   19    4    4    1      1404
    1    1   10    6    1    3    2    2    1      1349
    1    1   10    7    1   23    4    4    1      1183
    1    1   10    8    1   25    3    2    0      3537
    1    1   10    9    1    6    1    2    0      1308
    1    1   10   10    1    2    1    1    1       689
    1    1   10   11    1    9    1    1    1       406
    1    1   10   12    1   18    3    4    0      6902
    1    1   10   13    1   22    3    3    1       811
    1    1   10   14    1   31    4    4    1       796
    1    2    1    1    1   23    4    4    1      1526
    1    2    1    2    2    8    0    2    9      2393
    1    2    1    3    1   28    4    4    1      1434
    1    2    1    4    1   19    4    4    1      2850
    1    2    1    5    1   31    4    4    1       993
    1    2    1    6    2   21    0    1    9      1066
    1    2    1    7    1   12    2    2    1      2128
    1    2    1    8    2   27    0    4    9       924
    1    2    1    9    2   13    0    1    9      3752
    1    2    1   10    1    2    1    1    1      1282
    1    2    1   11    1   28    4    4    1      2864
    1    2    1   12    1   18    3    2    0      2222
    1    2    1   13    1    9    1    1    1       726
    1    2    1   14    2   14    0    1    9      1178
    1    2    1   15    1   19    4    4    1       940
    1    2    1   16    1   18    3    3    1      1415
    1    2    1   17    1   25    3    1    0       975
    1    2    1   18    2   14    0    1    9       761
    1    2    1   19    2   17    0    3    9      2348
    1    2    1   20    2   29    0    1    9      3822
    1    2    1   21    1   12    2    4    0      2742
    1    2    1   22    2    4    0    2    9       810
    1    2    1   23    2   16    0    2    9       810
    1    2    1   24    2   14    0    3    9      2299
    1    2    1   25    2    1    0    1    9       752
    1    2    1   26    2   20    0    4    9       962
    1    2    1   27    1   25    3    2    0      1453
    1    2    1   28    1   23    4    4    1      1924
    1    2    1   29    2   26    0    3    9      2600
    1    2    1   30    2   11    0    2    9      1792
    1    2    1   31    2    5    0    1    9      1017
    1    2    1   32    2   32    0    4    9      1058
    1    2    1   33    2   10    0    1    9      3480
    1    2    1   34    1    7    2    2    1      2014
    1    2    1   35    1   15    2    2    1       654
    1    2    1   36    1    7    2    2    1       644
    1    2    1   37    1    9    1    1    1       796
    1    2    1   38    1   31    4    4    1      3453
    1    2    1   39    1   15    2    2    1      1892
    1    2    1   40    2   30    0    1    9      1145
    1    2    1   41    2   30    0    3    9      1164
    1    2    1   42    1    3    2    2    1      3342
    1    2    1   43    1    2    1    1    1      2537
    1    2    1   44    2   30    0    3    9      4997
    1    2    1   45    1    6    1    1    1      2845
    1    2    1   46    1    3    2    2    1      1917
    1    2    1   47    1    6    1    1    1       801
    1    2    1   48    2   30    0    3    9      2353
    1    2    1   49    1   22    3    3    1      1220
    1    2    1   50    2   24    0    4    9      1060
    1    2    1   51    1   22    3    3    1      4059
    1    2    1   52    2   14    0    1    9      1929
    1    2    2    1    1   23    4    4    1      6077
    1    2    2    2    2   27    0    4    9       635
    1    2    2    3    2   29    0    1    9      3122
    1    2    2    4    2   14    0    1    9       678
    1    2    2    5    1   31    4    4    1      2460
    1    2    2    6    2   30    0    4    9       187
    1    2    2    7    1    7    2    2    1      1844
    1    2    2    8    1   25    3    3    1      1707
    1    2    2    9    2   30    0    3    9      2136
    1    2    2   10    1    7    2    2    1      1395
    1    2    2   11    2    4    0    2    9      2989
    1    2    2   12    2   26    0    3    9      6310
    1    2    2   13    1    3    2    2    1      1594
    1    2    2   14    1    6    1    1    1       860
    1    2    2   15    2   17    0    3    9      4442
    1    2    2   16    1   18    3    3    1       922
    1    2    2   17    2   13    0    1    9       838
    1    2    2   18    2    5    0    1    9      1077
    1    2    2   19    1   28    4    4    1      1067
    1    2    2   20    1    2    1    1    1      2753
    1    2    2   21    1   19    4    4    1      2084
    1    2    2   22    1   25    3    3    1      1409
    1    2    2   23    2   10    0    1    9      1962
    1    2    2   24    2   24    0    4    9      1228
    1    2    2   25    1    9    1    3    0      1708
    1    2    2   26    1   15    2    3    0      1417
    1    2    2   27    2   30    0    3    9      1345
    1    2    2   28    1   31    4    4    1       988
    1    2    2   29    2   20    0    4    9      1110
    1    2    2   30    2   32    0    4    9       954
    1    2    2   31    2   11    0    2    9      1765
    1    2    2   32    1   12    2    2    1       751
    1    2    2   33    1   22    3    3    1      2402
    1    2    2   34    1    9    1    1    1       818
    1    2    2   35    1    6    1    1    1       674
    1    2    2   36    2   14    0    1    9      1096
    1    2    2   37    1   18    3    3    1      1213
    1    2    2   38    1    2    1    1    1      1181
    1    2    2   39    2   21    0    3    9      1678
    1    2    2   40    1   28    4    4    1      1324
    1    2    2   41    2    1    0    1    9      1176
    1    2    2   42    2   30    0    3    9      2538
    1    2    2   43    2    8    0    2    9      1302
    1    2    2   44    2   16    0    2    9       546
    1    2    2   45    1   23    4    4    1      1229
    1    2    2   46    1   19    4    4    1       605
    1    2    2   47    1   12    2    2    1      1333
    1    2    2   48    1    3    2    2    1      2769
    1    2    2   49    1   22    3    3    1      1155
    1    2    2   50    1   15    2    2    1      1382
    1    2    2   51    2   14    0    1    9      1327
    1    2    2   52    2   14    0    1    9       971
