   20    1    1    1    1   26    4    1    0      6699
   20    1    1    2    1    3    2    1    0      3581
   20    1    1    3    1    7    2    1    0      3110
   20    1    1    4    1   15    2    3    0      1875
   20    1    1    5    1   21    3    1    0      2257
   20    1    1    6    1    2    1    2    0      1519
   20    1    1    7    1    6    1    2    0      2283
   20    1    1    8    1   25    4    4    1      2889
   20    1    1    9    1   28    4    4    1      1862
   20    1    1   10    1   31    4    3    0      1885
   20    1    1   11    1   22    3    1    0      1882
   20    1    1   12    1   19    3    4    0      1815
   20    1    1   13    1    9    1    2    0      2455
   20    1    1   14    1   12    2    2    1      2046
   20    1    2    1    1    2    1    2    0      2846
   20    1    2    2    1   15    2    2    1      1461
   20    1    2    3    1   31    4    4    1      1500
   20    1    2    4    1   25    4    4    1      1425
   20    1    2    5    1   22    3    3    1      1464
   20    1    2    6    1   26    4    4    1      1950
   20    1    2    7    1   19    3    3    1      1201
   20    1    2    8    1   21    3    1    0      3858
   20    1    2    9    1    9    1    2    0      1792
   20    1    2   10    1   12    2    2    1      1282
   20    1    2   11    1   28    4    4    1      1070
   20    1    2   12    1    7    2    1    0      4870
   20    1    2   13    1    3    2    2    1      1036
   20    1    2   14    1    6    1    1    1      1299
   20    1    3    1    1   12    2    2    1      2828
   20    1    3    2    1   22    3    3    1      2460
   20    1    3    3    1   26    4    4    1      1675
   20    1    3    4    1    2    1    1    1      2808
   20    1    3    5    1    9    1    2    0       874
   20    1    3    6    1   31    4    4    1      1169
   20    1    3    7    1    6    1    1    1      5587
   20    1    3    8    1   15    2    2    1       996
   20    1    3    9    1   25    4    4    1      3197
   20    1    3   10    1   28    4    4    1       734
   20    1    3   11    1    3    2    2    1      3169
   20    1    3   12    1   21    3    3    1      2707
   20    1    3   13    1    7    2    2    1      5543
   20    1    3   14    1   19    3    3    1      1482
   20    1    4    1    1   26    4    4    1      1975
   20    1    4    2    1    7    2    2    1      1881
   20    1    4    3    1    9    1    1    1      4287
   20    1    4    4    1    3    2    2    1      1556
   20    1    4    5    1   31    4    4    1      2310
   20    1    4    6    1    6    1    1    1      2267
   20    1    4    7    1   12    2    2    1      1617
   20    1    4    8    1   19    3    3    1      3825
   20    1    4    9    1   15    2    2    1      1689
   20    1    4   10    1   25    4    4    1      2887
   20    1    4   11    1    2    1    1    1      1492
   20    1    4   12    1   21    3    3    1      2553
   20    1    4   13    1   22    3    3    1      1508
   20    1    4   14    1   28    4    4    1      1208
   20    1    5    1    1   15    2    2    1      4010
   20    1    5    2    1    3    2    2    1      3738
   20    1    5    3    1   22    3    3    1      4614
   20    1    5    4    1    2    1    1    1      4334
   20    1    5    5    1    9    1    1    1       945
   20    1    5    6    1   19    3    3    1      2428
   20    1    5    7    1   31    4    4    1      1020
   20    1    5    8    1   12    2    2    1      2308
   20    1    5    9    1   26    4    4    1      1801
   20    1    5   10    1   21    3    3    1      3681
   20    1    5   11    1    6    1    1    1      2527
   20    1    5   12    1   28    4    4    1      1563
   20    1    5   13    1    7    2    2    1      3485
   20    1    5   14    1   25    4    4    1      2514
   20    1    6    1    1   19    3    3    1      5629
   20    1    6    2    1    3    2    2    1      7933
   20    1    6    3    1   25    4    4    1      3216
   20    1    6    4    1    7    2    2    1      8272
   20    1    6    5    1   26    4    4    1      5094
   20    1    6    6    1   21    3    3    1      2267
   20    1    6    7    1   28    4    4    1      1137
   20    1    6    8    1   12    2    2    1      1620
   20    1    6    9    1    6    1    1    1      1300
   20    1    6   10    1    2    1    1    1       769
   20    1    6   11    1   22    3    3    1      1667
   20    1    6   12    1    9    1    1    1      2960
   20    1    6   13    1   31    4    4    1      1227
   20    1    6   14    1   15    2    2    1      2299
   20    2    1    1    2   10    0    2    9      3904
   20    2    1    2    1   15    2    2    1      6788
   20    2    1    3    1    2    1    1    1      1238
   20    2    1    4    1   26    4    4    1      1765
   20    2    1    5    2    4    0    2    9      1855
   20    2    1    6    1    6    1    1    1     10645
   20    2    1    7    2   24    0    4    9      3357
   20    2    1    8    1   15    2    2    1      8952
   20    2    1    9    1   12    2    2    1      2818
   20    2    1   10    2   27    0    4    9      2162
   20    2    1   11    2   20    0    3    9      7469
   20    2    1   12    1    3    2    2    1      5427
   20    2    1   13    1   31    4    4    1      1547
   20    2    1   14    1   21    3    3    1      2205
   20    2    1   15    2   14    0    1    9      2822
   20    2    1   16    1   28    4    4    1      2662
   20    2    1   17    1    2    1    1    1      3869
   20    2    1   18    1   22    3    3    1      1523
   20    2    1   19    2    1    0    1    9      2231
   20    2    1   20    2    8    0    2    9      2687
   20    2    1   21    2    5    0    1    9      2148
   20    2    1   22    2   18    0    3    9      2047
   20    2    1   23    1   12    2    2    1      1917
   20    2    1   24    1    9    1    1    1      1553
   20    2    1   25    2   23    0    3    9      4276
   20    2    1   26    1   25    4    4    1      1322
   20    2    1   27    1    6    1    1    1      5814
   20    2    1   28    2   14    0    1    9      1262
   20    2    1   29    1   25    4    4    1      4684
   20    2    1   30    2   11    0    2    9      2994
   20    2    1   31    1    9    1    1    1      1227
   20    2    1   32    2   32    0    4    9      1451
   20    2    1   33    2   24    0    3    9      1810
   20    2    1   34    2   24    0    3    9      2666
   20    2    1   35    1   28    4    4    1      1328
   20    2    1   36    1   26    4    4    1      1693
   20    2    1   37    1   31    4    4    1      1178
   20    2    1   38    2   14    0    2    9      1612
   20    2    1   39    1    7    2    2    1      2013
   20    2    1   40    1   22    3    3    1      3293
   20    2    1   41    2   16    0    2    9      1594
   20    2    1   42    2   30    0    4    9      5339
   20    2    1   43    1   21    3    3    1      1399
   20    2    1   44    1    7    2    2    1      8255
   20    2    1   45    2   17    0    3    9      1254
   20    2    1   46    1   19    3    3    1      1077
   20    2    1   47    2   24    0    3    9      1931
   20    2    1   48    1   19    3    3    1      1598
   20    2    1   49    2   13    0    1    9      1935
   20    2    1   50    2   14    0    1    9      1346
   20    2    1   51    2   29    0    4    9      1485
   20    2    1   52    1    3    2    2    1      1314
   20    2    2    1    1    7    2    2    1      1374
   20    2    2    2    1    6    1    1    1      1144
   20    2    2    3    2   24    0    3    9      2876
   20    2    2    4    1   19    3    3    1      1179
   20    2    2    5    1   31    4    4    1      1117
   20    2    2    6    2   10    0    1    9      1841
   20    2    2    7    2   24    0    3    9      1960
   20    2    2    8    2   14    0    1    9      4075
   20    2    2    9    2   30    0    4    9      1465
   20    2    2   10    1   25    4    4    1      1007
   20    2    2   11    2   20    0    3    9      2039
   20    2    2   12    1    2    1    1    1      2566
   20    2    2   13    1   26    4    4    1      1425
   20    2    2   14    1   26    4    4    1       665
   20    2    2   15    1   19    3    3    1      1759
   20    2    2   16    1   12    2    2    1      1721
   20    2    2   17    2   32    0    4    9      2069
   20    2    2   18    1    9    1    1    1      5955
   20    2    2   19    2   24    0    3    9      2806
   20    2    2   20    1    3    2    2    1      1670
   20    2    2   21    1   22    3    3    1      4420
   20    2    2   22    2   14    0    1    9      2260
   20    2    2   23    2    4    0    2    9      2187
   20    2    2   24    2   14    0    1    9      1108
   20    2    2   25    2   13    0    1    9       937
   20    2    2   26    1    2    1    1    1      1460
   20    2    2   27    1    9    1    1    1      1419
   20    2    2   28    2   11    0    2    9      2163
   20    2    2   29    1   22    3    3    1      1533
   20    2    2   30    1   21    3    3    1      1408
   20    2    2   31    2   17    0    3    9       889
   20    2    2   32    1    3    2    2    1      2246
   20    2    2   33    2   29    0    4    9      1261
   20    2    2   34    1   12    2    2    1      1468
   20    2    2   35    2    1    0    1    9      1249
   20    2    2   36    1    6    1    1    1      2272
   20    2    2   37    1   25    4    4    1      1158
   20    2    2   38    2   24    0    3    9       921
   20    2    2   39    2   23    0    3    9      1477
   20    2    2   40    1   28    4    4    1       875
   20    2    2   41    2   18    0    3    9     10537
   20    2    2   42    1   15    2    2    1      1540
   20    2    2   43    1   15    2    2    1      1079
   20    2    2   44    2   14    0    1    9       845
   20    2    2   45    1   28    4    4    1      1020
   20    2    2   46    1   31    4    4    1      1908
   20    2    2   47    2   16    0    2    9      2697
   20    2    2   48    2    8    0    2    9      1469
   20    2    2   49    2   27    0    4    9       995
   20    2    2   50    1   21    3    3    1      1757
   20    2    2   51    2    5    0    1    9      1543
   20    2    2   52    1    7    2    2    1      1339
