    2    1    1    1    1    2    1    1    1     12416
    2    1    1    2    1   26    4    2    0      6984
    2    1    1    3    1    9    1    2    0      3642
    2    1    1    4    1    3    2    3    0      2929
    2    1    1    5    1   12    2    2    1      2101
    2    1    1    6    1   28    4    4    1      1458
    2    1    1    7    1   22    3    3    1      2360
    2    1    1    8    1   15    2    2    1      1931
    2    1    1    9    1   21    3    3    1      1838
    2    1    1   10    1   31    4    4    1      3237
    2    1    1   11    1    6    1    2    0      2501
    2    1    1   12    1    7    2    2    1      2121
    2    1    1   13    1   19    3    4    0      4294
    2    1    1   14    1   25    4    3    0      2195
    2    1    2    1    1   26    4    3    0      6302
    2    1    2    2    1    6    1    1    1      3787
    2    1    2    3    1   21    3    3    1      3620
    2    1    2    4    1   22    3    3    1      1188
    2    1    2    5    1    9    1    1    1      3205
    2    1    2    6    1   28    4    4    1      1142
    2    1    2    7    1   12    2    2    1      1593
    2    1    2    8    1    3    2    2    1      7707
    2    1    2    9    1   15    2    2    1      1463
    2    1    2   10    1    2    1    1    1      1069
    2    1    2   11    1   19    3    4    0      7987
    2    1    2   12    1   25    4    3    0      1645
    2    1    2   13    1    7    2    2    1      2292
    2    1    2   14    1   31    4    4    1      1305
    2    1    3    1    1    7    2    2    1      1561
    2    1    3    2    1   22    3    3    1      4524
    2    1    3    3    1   28    4    4    1      2040
    2    1    3    4    1   31    4    4    1      1895
    2    1    3    5    1    3    2    2    1      1869
    2    1    3    6    1    9    1    1    1       866
    2    1    3    7    1    2    1    1    1      2000
    2    1    3    8    1   25    4    4    1      5441
    2    1    3    9    1   26    4    4    1      2681
    2    1    3   10    1   12    2    2    1      4110
    2    1    3   11    1   19    3    3    1      2858
    2    1    3   12    1    6    1    1    1      2665
    2    1    3   13    1   15    2    2    1      1359
    2    1    3   14    1   21    3    3    1      3786
    2    1    4    1    1   12    2    2    1      1306
    2    1    4    2    1   31    4    4    1      1863
    2    1    4    3    1    6    1    1    1      2637
    2    1    4    4    1   21    3    1    0     11348
    2    1    4    5    1   28    4    4    1      1495
    2    1    4    6    1   15    2    2    1      1020
    2    1    4    7    1   25    4    3    0      1140
    2    1    4    8    1    9    1    1    1      1087
    2    1    4    9    1    3    2    2    1      5477
    2    1    4   10    1   26    4    4    1      2267
    2    1    4   11    1   22    3    3    1      4753
    2    1    4   12    1   19    3    4    0      5603
    2    1    4   13    1    7    2    2    1     13228
    2    1    4   14    1    2    1    1    1      2204
    2    1    5    1    1    3    2    2    1       966
    2    1    5    2    1    2    1    1    1       704
    2    1    5    3    1    9    1    1    1       789
    2    1    5    4    1   28    4    4    1       934
    2    1    5    5    1    6    1    1    1      1297
    2    1    5    6    1   22    3    3    1      1726
    2    1    5    7    1   21    3    3    1       858
    2    1    5    8    1   19    3    3    1      2984
    2    1    5    9    1   26    4    4    1      1827
    2    1    5   10    1    7    2    2    1      2091
    2    1    5   11    1   12    2    2    1      1288
    2    1    5   12    1   25    4    3    0      1157
    2    1    5   13    1   15    2    2    1      2336
    2    1    5   14    1   31    4    4    1      3715
    2    1    6    1    1    2    1    1    1      3174
    2    1    6    2    1   22    3    3    1      1497
    2    1    6    3    1   28    4    4    1      1405
    2    1    6    4    1   31    4    4    1      1542
    2    1    6    5    1   21    3    3    1      1097
    2    1    6    6    1    3    2    2    1       926
    2    1    6    7    1    6    1    1    1      1226
    2    1    6    8    1   15    2    2    1      1274
    2    1    6    9    1   12    2    2    1      1080
    2    1    6   10    1    7    2    2    1      6509
    2    1    6   11    1   25    4    4    1      1850
    2    1    6   12    1    9    1    1    1      5696
    2    1    6   13    1   26    4    4    1      2285
    2    1    6   14    1   19    3    3    1      4754
    2    1    7    1    1   12    2    2    1      3390
    2    1    7    2    1   25    4    4    1      1432
    2    1    7    3    1   19    3    3    1      2847
    2    1    7    4    1    7    2    2    1      1310
    2    1    7    5    1    2    1    1    1      1386
    2    1    7    6    1   31    4    4    1      2308
    2    1    7    7    1   26    4    4    1      2040
    2    1    7    8    1    9    1    1    1      2232
    2    1    7    9    1   22    3    3    1      1743
    2    1    7   10    1    6    1    1    1      1162
    2    1    7   11    1   15    2    2    1      1101
    2    1    7   12    1    3    2    2    1      1458
    2    1    7   13    1   28    4    4    1      2024
    2    1    7   14    1   21    3    3    1      1976
    2    1    8    1    1   19    3    3    1      4778
    2    1    8    2    1   26    4    4    1      1164
    2    1    8    3    1    7    2    2    1       766
    2    1    8    4    1   15    2    2    1       640
    2    1    8    5    1   22    3    3    1      1400
    2    1    8    6    1    6    1    1    1      1168
    2    1    8    7    1    3    2    2    1      1522
    2    1    8    8    1   25    4    4    1      1110
    2    1    8    9    1    2    1    1    1      1627
    2    1    8   10    1    9    1    1    1      1307
    2    1    8   11    1   21    3    3    1      1912
    2    1    8   12    1   28    4    4    1       988
    2    1    8   13    1   31    4    4    1       822
    2    1    8   14    1   12    2    2    1      1062
    2    2    1    1    2    4    0    2    9      3377
    2    2    1    2    1    2    1    1    1      1818
    2    2    1    3    2   24    0    3    9      1986
    2    2    1    4    2   23    0    3    9      4723
    2    2    1    5    1   21    3    3    1      1703
    2    2    1    6    2   10    0    1    9      2084
    2    2    1    7    1   21    3    3    1      2129
    2    2    1    8    1   22    3    3    1      3181
    2    2    1    9    2   14    0    1    9      1391
    2    2    1   10    1   26    4    4    1      1928
    2    2    1   11    1   25    4    4    1      2012
    2    2    1   12    2   24    0    3    9      2893
    2    2    1   13    2   30    0    4    9      2522
    2    2    1   14    1    3    2    2    1      1415
    2    2    1   15    1   25    4    4    1      1566
    2    2    1   16    1    7    2    2    1       945
    2    2    1   17    1    9    1    1    1       765
    2    2    1   18    1   19    3    3    1      1151
    2    2    1   19    2   18    0    3    9      1026
    2    2    1   20    2   14    0    1    9      1626
    2    2    1   21    2   17    0    3    9      3306
    2    2    1   22    2   24    0    3    9      1319
    2    2    1   23    1   22    3    3    1      1667
    2    2    1   24    1    3    2    2    1      1649
    2    2    1   25    2   14    0    1    9      1248
    2    2    1   26    1   31    4    4    1      1998
    2    2    1   27    1   12    2    2    1      1583
    2    2    1   28    1   28    4    4    1      1584
    2    2    1   29    1   28    4    4    1      1042
    2    2    1   30    1    6    1    1    1      4793
    2    2    1   31    2   27    0    4    9      2586
    2    2    1   32    1    2    1    1    1       740
    2    2    1   33    2   14    0    1    9       631
    2    2    1   34    1    6    1    1    1       750
    2    2    1   35    2    5    0    1    9       577
    2    2    1   36    1    7    2    2    1       907
    2    2    1   37    2   20    0    3    9      1272
    2    2    1   38    1   15    2    2    1      1238
    2    2    1   39    1   19    3    3    1      1430
    2    2    1   40    1   12    2    2    1       877
    2    2    1   41    2    1    0    1    9       603
    2    2    1   42    2    8    0    2    9       596
    2    2    1   43    2   29    0    4    9      1069
    2    2    1   44    1    9    1    1    1       707
    2    2    1   45    2   11    0    2    9      1080
    2    2    1   46    2   24    0    3    9      4253
    2    2    1   47    1   15    2    2    1       820
    2    2    1   48    2   32    0    4    9      5716
    2    2    1   49    2   13    0    1    9       912
    2    2    1   50    1   31    4    4    1      1037
    2    2    1   51    1   26    4    4    1      1332
    2    2    1   52    2   16    0    2    9       640
    2    2    2    1    1   15    2    2    1      1191
    2    2    2    2    2   23    0    3    9      1368
    2    2    2    3    2   16    0    2    9      1922
    2    2    2    4    2   24    0    3    9      1254
    2    2    2    5    2   24    0    3    9      1349
    2    2    2    6    1   21    3    3    1      1232
    2    2    2    7    1    7    2    2    1      1279
    2    2    2    8    2   30    0    4    9      1645
    2    2    2    9    1    2    1    1    1       844
    2    2    2   10    1   31    4    4    1      1228
    2    2    2   11    2    4    0    2    9       860
    2    2    2   12    2   24    0    3    9      1546
    2    2    2   13    2   13    0    1    9      3005
    2    2    2   14    1   31    4    4    1       757
    2    2    2   15    1    9    1    1    1      1673
    2    2    2   16    1   12    2    2    1      1143
    2    2    2   17    1    9    1    1    1       954
    2    2    2   18    2   20    0    3    9       581
    2    2    2   19    1   12    2    2    1       862
    2    2    2   20    1   25    4    4    1      1053
    2    2    2   21    1   25    4    4    1      1571
    2    2    2   22    1    2    1    1    1      4309
    2    2    2   23    2   29    0    4    9       906
    2    2    2   24    2    8    0    2    9      1959
    2    2    2   25    2   17    0    3    9      2969
    2    2    2   26    1   19    3    3    1      1155
    2    2    2   27    1   28    4    4    1       582
    2    2    2   28    2   32    0    4    9       543
    2    2    2   29    2   11    0    2    9      1531
    2    2    2   30    1   15    2    2    1       783
    2    2    2   31    2   14    0    1    9       576
    2    2    2   32    1   28    4    4    1      1131
    2    2    2   33    1   22    3    3    1      1134
    2    2    2   34    2   10    0    1    9      1761
    2    2    2   35    2   18    0    3    9       972
    2    2    2   36    2    5    0    1    9      1382
    2    2    2   37    2   14    0    1    9       719
    2    2    2   38    1    6    1    1    1       643
    2    2    2   39    1    3    2    2    1       827
    2    2    2   40    2   14    0    1    9       651
    2    2    2   41    2   27    0    4    9       961
    2    2    2   42    1   19    3    3    1      1164
    2    2    2   43    2    1    0    1    9       734
    2    2    2   44    1   26    4    4    1      1409
    2    2    2   45    2   14    0    1    9      3946
    2    2    2   46    1    3    2    2    1      2077
    2    2    2   47    1   22    3    3    1      1387
    2    2    2   48    1    6    1    1    1       822
    2    2    2   49    1   21    3    3    1      1094
    2    2    2   50    1   26    4    4    1       635
    2    2    2   51    1    7    2    2    1       882
    2    2    2   52    2   24    0    3    9       800
