   26    1    1    1    1    9    1    1    1      8001
   26    1    1    2    1    3    2    3    0      2712
   26    1    1    3    1   22    3    3    1      2372
   26    1    1    4    1    7    2    2    1      1527
   26    1    1    5    1   28    4    4    1      3866
   26    1    1    6    1    6    1    3    0      1825
   26    1    1    7    1   12    2    4    0      4289
   26    1    1    8    1   21    3    1    0      2606
   26    1    1    9    1   26    4    3    0      2430
   26    1    1   10    1   19    3    2    0      5830
   26    1    1   11    1   25    4    1    0      3077
   26    1    1   12    1   31    4    4    1      9107
   26    1    1   13    1   15    2    4    0      2151
   26    1    1   14    1    2    1    1    1      3819
   26    1    2    1    1   21    3    1    0      9833
   26    1    2    2    1   12    2    4    0      2249
   26    1    2    3    1    2    1    1    1      4552
   26    1    2    4    1   15    2    4    0      3666
   26    1    2    5    1    9    1    2    0      3064
   26    1    2    6    1   26    4    2    0      2951
   26    1    2    7    1   19    3    3    1      5050
   26    1    2    8    1   25    4    1    0      7440
   26    1    2    9    1   31    4    2    0      2016
   26    1    2   10    1   28    4    4    1      1607
   26    1    2   11    1   22    3    3    1      2761
   26    1    2   12    1    3    2    1    0      3531
   26    1    2   13    1    7    2    2    1      4823
   26    1    2   14    1    6    1    3    0      4439
   26    1    3    1    1   21    3    2    0     15456
   26    1    3    2    1   28    4    4    1      6351
   26    1    3    3    1   15    2    2    1      5298
   26    1    3    4    1   26    4    4    1      6063
   26    1    3    5    1    9    1    2    0      3629
   26    1    3    6    1    6    1    2    0      5701
   26    1    3    7    1   25    4    2    0      3433
   26    1    3    8    1    2    1    3    0      2585
   26    1    3    9    1    7    2    2    1      3802
   26    1    3   10    1   12    2    4    0      1715
   26    1    3   11    1   19    3    1    0      5287
   26    1    3   12    1   31    4    4    1      2396
   26    1    3   13    1    3    2    1    0      3980
   26    1    3   14    1   22    3    2    0      5158
   26    1    4    1    1   31    4    4    1      6888
   26    1    4    2    1    2    1    1    1      4021
   26    1    4    3    1   28    4    4    1      3285
   26    1    4    4    1    3    2    3    0     10322
   26    1    4    5    1   22    3    3    1      7758
   26    1    4    6    1   19    3    2    0      2441
   26    1    4    7    1   25    4    1    0      5168
   26    1    4    8    1    6    1    2    0      2698
   26    1    4    9    1    7    2    1    0      1799
   26    1    4   10    1   15    2    4    0      1592
   26    1    4   11    1   12    2    4    0     13585
   26    1    4   12    1   26    4    2    0      1610
   26    1    4   13    1   21    3    1    0      2755
   26    1    4   14    1    9    1    3    0      2270
   26    1    5    1    1   22    3    2    0      7689
   26    1    5    2    1   28    4    4    1      9566
   26    1    5    3    1    9    1    1    1     10048
   26    1    5    4    1   15    2    2    1      6063
   26    1    5    5    1   12    2    4    0      5965
   26    1    5    6    1   19    3    3    1      3303
   26    1    5    7    1    6    1    2    0     15187
   26    1    5    8    1   31    4    4    1      3917
   26    1    5    9    1    7    2    1    0      4721
   26    1    5   10    1   21    3    2    0      6348
   26    1    5   11    1   26    4    2    0      4919
   26    1    5   12    1    3    2    1    0      4619
   26    1    5   13    1    2    1    3    0      6843
   26    1    5   14    1   25    4    2    0      4339
   26    1    6    1    1    9    1    4    0      7796
   26    1    6    2    1   19    3    3    1      3493
   26    1    6    3    1    3    2    1    0      5114
   26    1    6    4    1   22    3    4    0     10518
   26    1    6    5    1   15    2    4    0      1531
   26    1    6    6    1   21    3    1    0      4086
   26    1    6    7    1    7    2    2    1      4523
   26    1    6    8    1    6    1    3    0      7063
   26    1    6    9    1   25    4    4    1      3829
   26    1    6   10    1   12    2    2    1      4157
   26    1    6   11    1   31    4    4    1      5816
   26    1    6   12    1   26    4    2    0      7983
   26    1    6   13    1   28    4    2    0      4234
   26    1    6   14    1    2    1    3    0      1785
   26    1    7    1    1    3    2    3    0      3024
   26    1    7    2    1   26    4    4    1      2416
   26    1    7    3    1   15    2    2    1      3168
   26    1    7    4    1   21    3    1    0      2786
   26    1    7    5    1   31    4    4    1      2764
   26    1    7    6    1   12    2    2    1      2269
   26    1    7    7    1    6    1    1    1      2276
   26    1    7    8    1   19    3    2    0      4249
   26    1    7    9    1    7    2    1    0      1913
   26    1    7   10    1   25    4    4    1      4309
   26    1    7   11    1    2    1    3    0      6329
   26    1    7   12    1    9    1    2    0      6613
   26    1    7   13    1   28    4    4    1      6709
   26    1    7   14    1   22    3    3    1      3961
   26    1    8    1    1    6    1    1    1      4435
   26    1    8    2    1   19    3    3    1      9170
   26    1    8    3    1   26    4    2    0      2885
   26    1    8    4    1   21    3    4    0      2042
   26    1    8    5    1   12    2    2    1      2419
   26    1    8    6    1    2    1    1    1      4258
   26    1    8    7    1    7    2    2    1      5946
   26    1    8    8    1   25    4    4    1      3821
   26    1    8    9    1   31    4    1    0      3237
   26    1    8   10    1    9    1    1    1      4172
   26    1    8   11    1   15    2    2    1      3750
   26    1    8   12    1   22    3    3    1      4096
   26    1    8   13    1   28    4    4    1      3293
   26    1    8   14    1    3    2    2    1      3690
   26    1    9    1    1    6    1    2    0      7569
   26    1    9    2    1   28    4    4    1      1691
   26    1    9    3    1   21    3    3    1      7864
   26    1    9    4    1    2    1    1    1      1870
   26    1    9    5    1    3    2    2    1      4181
   26    1    9    6    1   19    3    4    0      6606
   26    1    9    7    1    7    2    2    1      4591
   26    1    9    8    1   15    2    4    0      3944
   26    1    9    9    1    9    1    1    1     10243
   26    1    9   10    1   25    4    4    1      4331
   26    1    9   11    1   31    4    3    0      3022
   26    1    9   12    1   12    2    3    0      8223
   26    1    9   13    1   26    4    1    0      1823
   26    1    9   14    1   22    3    4    0      2078
   26    1   10    1    1   28    4    4    1      3843
   26    1   10    2    1   21    3    3    1      3322
   26    1   10    3    1    7    2    2    1      2487
   26    1   10    4    1    9    1    1    1      4115
   26    1   10    5    1   12    2    2    1      6257
   26    1   10    6    1    6    1    1    1      4008
   26    1   10    7    1   31    4    4    1      6040
   26    1   10    8    1   19    3    3    1      3896
   26    1   10    9    1   15    2    2    1      4540
   26    1   10   10    1    2    1    1    1      4569
   26    1   10   11    1   26    4    4    1      6195
   26    1   10   12    1    3    2    1    0      5164
   26    1   10   13    1   25    4    4    1      3126
   26    1   10   14    1   22    3    3    1      3722
   26    2    1    1    1   19    3    3    1      3824
   26    2    1    2    1    2    1    1    1      4151
   26    2    1    3    1    6    1    2    0      3537
   26    2    1    4    2   20    0    3    9      2148
   26    2    1    5    2   32    0    4    9      2335
   26    2    1    6    2   24    0    4    9      4626
   26    2    1    7    1    3    2    1    0      5498
   26    2    1    8    1   21    3    4    0      1439
   26    2    1    9    2   14    0    2    9      1863
   26    2    1   10    1    7    2    1    0      4557
   26    2    1   11    1   26    4    4    1      5624
   26    2    1   12    1   31    4    4    1      4104
   26    2    1   13    2   14    0    2    9      2004
   26    2    1   14    2   27    0    4    9      5605
   26    2    1   15    1   15    2    2    1      3542
   26    2    1   16    2   23    0    3    9      2297
   26    2    1   17    1    6    1    1    1      3630
   26    2    1   18    1    9    1    2    0      4173
   26    2    1   19    1   25    4    4    1      2135
   26    2    1   20    1    7    2    1    0      6850
   26    2    1   21    2   14    0    2    9      2305
   26    2    1   22    2   18    0    3    9      2006
   26    2    1   23    2   29    0    4    9      3846
   26    2    1   24    1   12    2    2    1      2813
   26    2    1   25    1   26    4    4    1      6109
   26    2    1   26    1    2    1    1    1      2442
   26    2    1   27    1   21    3    3    1      4265
   26    2    1   28    2   24    0    4    9      4079
   26    2    1   29    2   16    0    2    9      1325
   26    2    1   30    2   24    0    4    9     10873
   26    2    1   31    2   13    0    2    9      3735
   26    2    1   32    2    8    0    2    9      4769
   26    2    1   33    1   28    4    4    1      1573
   26    2    1   34    1   15    2    2    1      1575
   26    2    1   35    1   22    3    1    0      3785
   26    2    1   36    2   14    0    2    9      2178
   26    2    1   37    2   10    0    2    9      2732
   26    2    1   38    1   19    3    3    1      1808
   26    2    1   39    1    3    2    1    0      1704
   26    2    1   40    1   22    3    3    1      7252
   26    2    1   41    2    1    0    1    9      3939
   26    2    1   42    1    9    1    2    0      5639
   26    2    1   43    1   12    2    2    1      1910
   26    2    1   44    2    4    0    1    9      1835
   26    2    1   45    1   28    4    4    1      1906
   26    2    1   46    2   11    0    2    9      2791
   26    2    1   47    2   30    0    4    9      2760
   26    2    1   48    2   17    0    3    9      1899
   26    2    1   49    2   24    0    3    9      3647
   26    2    1   50    2    5    0    1    9      3502
   26    2    1   51    1   31    4    4    1      1651
   26    2    1   52    1   25    4    4    1      2257
   26    2    2    1    1   26    4    4    1      2744
   26    2    2    2    1   25    4    4    1      1371
   26    2    2    3    2   13    0    2    9      2021
   26    2    2    4    1    2    1    1    1      1493
   26    2    2    5    1    3    2    1    0      1355
   26    2    2    6    1   12    2    2    1      3845
   26    2    2    7    2   14    0    1    9      2269
   26    2    2    8    2   20    0    3    9      1667
   26    2    2    9    1   25    4    4    1      1712
   26    2    2   10    2   24    0    4    9      2077
   26    2    2   11    2    4    0    2    9      3211
   26    2    2   12    2   24    0    4    9      4476
   26    2    2   13    2   24    0    4    9      1178
   26    2    2   14    1   31    4    3    0      2972
   26    2    2   15    2   14    0    2    9      1798
   26    2    2   16    1    3    2    1    0      2254
   26    2    2   17    1   28    4    4    1      1941
   26    2    2   18    2   24    0    4    9      3272
   26    2    2   19    2   14    0    2    9      1334
   26    2    2   20    2    8    0    1    9      2642
   26    2    2   21    1   21    3    3    1      3129
   26    2    2   22    1   19    3    3    1      1085
   26    2    2   23    2   10    0    2    9      1682
   26    2    2   24    1    7    2    1    0      2032
   26    2    2   25    2   14    0    2    9      1135
   26    2    2   26    2   17    0    3    9      1730
   26    2    2   27    1   19    3    3    1      1534
   26    2    2   28    1   15    2    2    1      1601
   26    2    2   29    1   21    3    4    0      2914
   26    2    2   30    1    9    1    1    1      2893
   26    2    2   31    1   31    4    3    0      1771
   26    2    2   32    1    7    2    2    1      2629
   26    2    2   33    2   29    0    4    9      1565
   26    2    2   34    2   16    0    2    9      1551
   26    2    2   35    2    1    0    1    9      1106
   26    2    2   36    2   18    0    3    9      2134
   26    2    2   37    1    6    1    1    1      2370
   26    2    2   38    1   22    3    3    1      1780
   26    2    2   39    1   28    4    4    1      1357
   26    2    2   40    2    5    0    1    9      1720
   26    2    2   41    1   15    2    2    1      2611
   26    2    2   42    1    9    1    2    0      4284
   26    2    2   43    2   11    0    1    9      3409
   26    2    2   44    1   22    3    3    1      1274
   26    2    2   45    1   12    2    2    1      1896
   26    2    2   46    2   23    0    3    9      3437
   26    2    2   47    1   26    4    4    1      2388
   26    2    2   48    2   30    0    4    9      1270
   26    2    2   49    1    6    1    1    1      1460
   26    2    2   50    1    2    1    1    1      1402
   26    2    2   51    2   32    0    4    9       915
   26    2    2   52    2   27    0    3    9       895
