   36    1    1    1    1   22    1    1    1      6693
   36    1    1    2    1   12    2    1    0      2047
   36    1    1    3    1   15    2    2    1      2229
   36    1    1    4    1    3    2    2    1      1053
   36    1    1    5    1   31    2    1    0       771
   36    1    1    6    1   25    2    1    0      2493
   36    1    1    7    1   28    2    1    0      1651
   36    1    1    8    1   19    1    2    0      1625
   36    1    1    9    1    9    1    1    1      2145
   36    1    1   10    1    7    2    2    1      2557
   36    1    1   11    1    6    1    1    1      4711
   36    1    1   12    1   21    1    1    1      1724
   36    1    1   13    1    2    1    1    1      1800
   36    1    1   14    1   26    2    2    1      2640
   36    1    2    1    1   28    2    1    0      1936
   36    1    2    2    1   19    1    2    0      1035
   36    1    2    3    1   31    2    1    0      1675
   36    1    2    4    1   26    2    2    1      2737
   36    1    2    5    1   12    2    2    1      3076
   36    1    2    6    1    7    2    1    0       874
   36    1    2    7    1    3    2    1    0      1344
   36    1    2    8    1   22    1    2    0      2227
   36    1    2    9    1   15    2    2    1      1603
   36    1    2   10    1   21    1    1    1      3876
   36    1    2   11    1   25    2    1    0      1994
   36    1    2   12    1    6    1    2    0      1379
   36    1    2   13    1    9    1    1    1       821
   36    1    2   14    1    2    1    1    1       789
   36    1    3    1    1    7    2    1    0      1159
   36    1    3    2    1    2    1    2    0      1026
   36    1    3    3    1   22    1    1    1      1106
   36    1    3    4    1   31    2    2    1      1174
   36    1    3    5    1    9    1    1    1      2104
   36    1    3    6    1    3    2    2    1       917
   36    1    3    7    1   19    1    2    0      2641
   36    1    3    8    1   12    2    1    0       816
   36    1    3    9    1   25    2    1    0      1000
   36    1    3   10    1   28    2    2    1       713
   36    1    3   11    1   15    2    1    0      1037
   36    1    3   12    1   26    2    2    1       972
   36    1    3   13    1    6    1    1    1       886
   36    1    3   14    1   21    1    1    1       500
   36    1    4    1    1   28    2    1    0      1331
   36    1    4    2    1    6    1    1    1       598
   36    1    4    3    1    2    1    1    1       943
   36    1    4    4    1   21    1    2    0      1946
   36    1    4    5    1   31    2    2    1       581
   36    1    4    6    1   19    1    1    1       574
   36    1    4    7    1   12    2    2    1       984
   36    1    4    8    1   25    2    2    1       497
   36    1    4    9    1    9    1    2    0       606
   36    1    4   10    1   22    1    1    1      2415
   36    1    4   11    1    3    2    1    0      3119
   36    1    4   12    1   15    2    2    1      1515
   36    1    4   13    1   26    2    2    1      3311
   36    1    4   14    1    7    2    2    1      2043
   36    1    5    1    1    3    2    1    0      2454
   36    1    5    2    1   28    2    1    0      1453
   36    1    5    3    1   19    1    1    1      1243
   36    1    5    4    1   26    2    2    1      1195
   36    1    5    5    1    9    1    2    0       956
   36    1    5    6    1   21    1    1    1      2399
   36    1    5    7    1   15    2    2    1       863
   36    1    5    8    1   25    2    1    0      1405
   36    1    5    9    1    2    1    1    1       766
   36    1    5   10    1   22    1    2    0      1680
   36    1    5   11    1   12    2    2    1       933
   36    1    5   12    1    6    1    1    1       945
   36    1    5   13    1   31    2    2    1       940
   36    1    5   14    1    7    2    2    1      1511
   36    1    6    1    1    2    1    1    1      4444
   36    1    6    2    1    9    1    1    1      1724
   36    1    6    3    1   19    1    2    0      1464
   36    1    6    4    1    7    2    2    1       934
   36    1    6    5    1   15    2    2    1       833
   36    1    6    6    1   25    2    1    0      1632
   36    1    6    7    1    3    2    1    0      1720
   36    1    6    8    1   21    1    1    1      1468
   36    1    6    9    1    6    1    1    1      1346
   36    1    6   10    1   22    1    1    1       957
   36    1    6   11    1   26    2    2    1       760
   36    1    6   12    1   31    2    2    1       810
   36    1    6   13    1   12    2    2    1       955
   36    1    6   14    1   28    2    2    1       822
   36    1    7    1    1    9    1    1    1      2029
   36    1    7    2    1   31    2    2    1       621
   36    1    7    3    1   25    2    1    0      1397
   36    1    7    4    1   21    1    1    1      1542
   36    1    7    5    1   26    2    2    1      1337
   36    1    7    6    1    3    2    1    0      2100
   36    1    7    7    1    7    2    2    1      1050
   36    1    7    8    1   12    2    2    1       657
   36    1    7    9    1   19    1    1    1      1064
   36    1    7   10    1   22    1    1    1      1518
   36    1    7   11    1    6    1    1    1      1746
   36    1    7   12    1   28    2    2    1       557
   36    1    7   13    1   15    2    2    1       792
   36    1    7   14    1    2    1    1    1      1193
   36    1    8    1    1   28    2    2    1      1521
   36    1    8    2    1   26    2    2    1      1957
   36    1    8    3    1   22    1    1    1      1431
   36    1    8    4    1   25    2    1    0      1455
   36    1    8    5    1    2    1    1    1      1310
   36    1    8    6    1   21    1    1    1      1450
   36    1    8    7    1    6    1    1    1      1553
   36    1    8    8    1   31    2    2    1       740
   36    1    8    9    1    3    2    1    0      1319
   36    1    8   10    1   12    2    2    1       651
   36    1    8   11    1   15    2    2    1      1058
   36    1    8   12    1    9    1    2    0      1160
   36    1    8   13    1    7    2    2    1      1299
   36    1    8   14    1   19    1    1    1      1104
   36    1    9    1    1   22    1    1    1      1437
   36    1    9    2    1   31    2    2    1       677
   36    1    9    3    1   12    2    2    1      1115
   36    1    9    4    1   15    2    2    1      1023
   36    1    9    5    1   25    2    2    1      3303
   36    1    9    6    1   26    2    2    1      1283
   36    1    9    7    1    3    2    1    0      1505
   36    1    9    8    1    7    2    2    1      1549
   36    1    9    9    1    9    1    1    1      1120
   36    1    9   10    1   21    1    1    1      1221
   36    1    9   11    1    2    1    1    1      1637
   36    1    9   12    1   28    2    2    1       884
   36    1    9   13    1    6    1    1    1      2385
   36    1    9   14    1   19    1    2    0      1410
   36    1   10    1    1   21    1    1    1      2042
   36    1   10    2    1   19    1    1    1      1625
   36    1   10    3    1   31    2    2    1       825
   36    1   10    4    1    6    1    1    1      1721
   36    1   10    5    1   25    2    1    0      2853
   36    1   10    6    1   26    2    2    1      1052
   36    1   10    7    1    7    2    2    1      2019
   36    1   10    8    1    2    1    1    1      1346
   36    1   10    9    1   22    1    1    1      1550
   36    1   10   10    1    9    1    1    1      2144
   36    1   10   11    1   15    2    1    0      1580
   36    1   10   12    1   28    2    2    1       981
   36    1   10   13    1   12    2    2    1       815
   36    1   10   14    1    3    2    2    1      1167
   36    2    1    1    2   11    0    2    9      2190
   36    2    1    2    1   28    2    2    1      1142
   36    2    1    3    2   13    0    2    9      1706
   36    2    1    4    1   15    2    2    1      1110
   36    2    1    5    1    7    2    2    1      1275
   36    2    1    6    1   31    2    2    1       921
   36    2    1    7    2    5    0    1    9      1445
   36    2    1    8    1    2    1    1    1      1756
   36    2    1    9    2   32    0    2    9       839
   36    2    1   10    1   19    1    1    1      2854
   36    2    1   11    1    2    1    1    1      1493
   36    2    1   12    1   22    1    1    1      1658
   36    2    1   13    1   22    1    1    1      1161
   36    2    1   14    1    6    1    1    1      1355
   36    2    1   15    2   24    0    2    9      1462
   36    2    1   16    1    7    2    2    1      1261
   36    2    1   17    1   26    2    2    1      1756
   36    2    1   18    2   24    0    2    9       998
   36    2    1   19    2   24    0    2    9       863
   36    2    1   20    1   25    2    2    1      2765
   36    2    1   21    2   14    0    2    9      1663
   36    2    1   22    1    9    1    1    1      1453
   36    2    1   23    1   15    2    2    1       915
   36    2    1   24    2    1    0    1    9      1344
   36    2    1   25    1   12    2    2    1      1019
   36    2    1   26    1    6    1    1    1      2051
   36    2    1   27    2    8    0    2    9      1521
   36    2    1   28    1   21    1    1    1      1557
   36    2    1   29    2    4    0    2    9      1816
   36    2    1   30    2   29    0    2    9      3680
   36    2    1   31    1    3    2    2    1      2349
   36    2    1   32    2   23    0    1    9      1040
   36    2    1   33    2   20    0    2    9      2039
   36    2    1   34    2   16    0    2    9      1863
   36    2    1   35    1   26    2    2    1      1325
   36    2    1   36    2   17    0    1    9      1177
   36    2    1   37    1   21    1    1    1      1227
   36    2    1   38    2   14    0    2    9      2811
   36    2    1   39    2   27    0    2    9      1051
   36    2    1   40    2   10    0    2    9      1570
   36    2    1   41    2   24    0    2    9      1140
   36    2    1   42    1   28    2    2    1       807
   36    2    1   43    2   14    0    2    9      2936
   36    2    1   44    2   30    0    2    9      1091
   36    2    1   45    2   18    0    1    9      1273
   36    2    1   46    1   19    1    1    1      3815
   36    2    1   47    2   14    0    2    9      1135
   36    2    1   48    1   12    2    2    1      1026
   36    2    1   49    1    3    2    2    1      1546
   36    2    1   50    1   31    2    2    1      4669
   36    2    1   51    1   25    2    2    1      3443
   36    2    1   52    1    9    1    1    1      3723
   36    2    2    1    1   28    2    2    1      1702
   36    2    2    2    2   14    0    2    9      1187
   36    2    2    3    2    4    0    2    9      1797
   36    2    2    4    2   17    0    1    9      1437
   36    2    2    5    2   11    0    2    9      2100
   36    2    2    6    1   21    1    1    1      1953
   36    2    2    7    2    1    0    1    9      1412
   36    2    2    8    2   24    0    2    9      1388
   36    2    2    9    2   16    0    2    9      1782
   36    2    2   10    1   12    2    2    1      1279
   36    2    2   11    2   23    0    2    9      1933
   36    2    2   12    1    3    2    2    1      2944
   36    2    2   13    1    7    2    2    1      2108
   36    2    2   14    1   21    1    1    1      1576
   36    2    2   15    2   24    0    2    9      1306
   36    2    2   16    1    7    2    2    1      3751
   36    2    2   17    1   25    2    2    1      4082
   36    2    2   18    1   15    2    2    1      1375
   36    2    2   19    2   29    0    2    9      1609
   36    2    2   20    1    2    1    1    1      2682
   36    2    2   21    2   27    0    2    9      1311
   36    2    2   22    2   13    0    2    9      5131
   36    2    2   23    1   12    2    2    1      1327
   36    2    2   24    1   25    2    2    1      4715
   36    2    2   25    1   22    1    1    1      2527
   36    2    2   26    2   32    0    2    9       971
   36    2    2   27    2   14    0    2    9      1397
   36    2    2   28    1   26    2    2    1      1102
   36    2    2   29    1   26    2    2    1      1330
   36    2    2   30    2   30    0    2    9       974
   36    2    2   31    2   20    0    2    9      1480
   36    2    2   32    2   14    0    2    9      1229
   36    2    2   33    1   15    2    2    1      1181
   36    2    2   34    1    6    1    1    1      2926
   36    2    2   35    1    9    1    1    1      2362
   36    2    2   36    1   31    2    2    1      1261
   36    2    2   37    2    5    0    1    9      1531
   36    2    2   38    1   31    2    2    1      1263
   36    2    2   39    2   10    0    2    9      2893
   36    2    2   40    2   14    0    2    9      1002
   36    2    2   41    2   24    0    2    9      1587
   36    2    2   42    1   28    2    2    1      1220
   36    2    2   43    2   24    0    2    9      1252
   36    2    2   44    2   18    0    1    9      1219
   36    2    2   45    1    2    1    1    1       915
   36    2    2   46    1    9    1    1    1      3919
   36    2    2   47    2    8    0    2    9      1779
   36    2    2   48    1   19    1    1    1      4797
   36    2    2   49    1   19    1    1    1      1341
   36    2    2   50    1    6    1    1    1      5897
   36    2    2   51    1   22    1    1    1      1325
   36    2    2   52    1    3    2    2    1      2537
