   54    1    1    1    1    2    1    2    0      6665
   54    1    1    2    1   19    3    3    1      3052
   54    1    1    3    1    3    2    4    0      2946
   54    1    1    4    1    6    1    1    1      2598
   54    1    1    5    1   21    3    3    1      3534
   54    1    1    6    1   28    4    4    1      1458
   54    1    1    7    1    9    1    1    1      3832
   54    1    1    8    1   31    4    4    1      1088
   54    1    1    9    1    7    2    2    1      1956
   54    1    1   10    1   12    2    2    1      3464
   54    1    1   11    1   15    2    2    1      1246
   54    1    1   12    1   25    4    3    0      1949
   54    1    1   13    1   26    4    4    1      4391
   54    1    1   14    1   22    3    3    1      4617
   54    1    2    1    1    7    2    2    1      2508
   54    1    2    2    1   28    4    4    1      2553
   54    1    2    3    1   21    3    3    1      2037
   54    1    2    4    1   25    4    3    0      2611
   54    1    2    5    1   12    2    2    1      1429
   54    1    2    6    1   15    2    2    1      2861
   54    1    2    7    1    9    1    2    0      6139
   54    1    2    8    1   19    3    3    1      7183
   54    1    2    9    1    6    1    2    0      3537
   54    1    2   10    1    3    2    1    0      2590
   54    1    2   11    1    2    1    1    1      1407
   54    1    2   12    1   31    4    4    1      1831
   54    1    2   13    1   22    3    4    0      7870
   54    1    2   14    1   26    4    4    1      1692
   54    1    3    1    1   21    3    3    1      6142
   54    1    3    2    1   12    2    2    1      2169
   54    1    3    3    1    2    1    2    0      1667
   54    1    3    4    1   15    2    2    1      1769
   54    1    3    5    1    9    1    1    1      2740
   54    1    3    6    1    6    1    1    1      7688
   54    1    3    7    1   31    4    4    1      1894
   54    1    3    8    1   28    4    4    1      1884
   54    1    3    9    1   22    3    3    1      1809
   54    1    3   10    1    3    2    1    0      1753
   54    1    3   11    1   26    4    4    1      6651
   54    1    3   12    1   25    4    3    0      2561
   54    1    3   13    1   19    3    3    1      3892
   54    1    3   14    1    7    2    2    1      7209
   54    1    4    1    1    3    2    1    0      2708
   54    1    4    2    1    9    1    2    0      1568
   54    1    4    3    1   21    3    3    1      1961
   54    1    4    4    1   22    3    3    1      5725
   54    1    4    5    1   12    2    2    1      1944
   54    1    4    6    1    6    1    1    1      6363
   54    1    4    7    1   31    4    4    1      1356
   54    1    4    8    1   28    4    4    1      1143
   54    1    4    9    1    7    2    2    1      1770
   54    1    4   10    1   19    3    3    1      1651
   54    1    4   11    1    2    1    1    1      1585
   54    1    4   12    1   15    2    2    1      1250
   54    1    4   13    1   26    4    4    1      1585
   54    1    4   14    1   25    4    3    0      1890
   54    1    5    1    1   15    2    2    1      2692
   54    1    5    2    1   26    4    4    1      2393
   54    1    5    3    1    6    1    1    1      2026
   54    1    5    4    1   12    2    2    1      2217
   54    1    5    5    1   28    4    4    1      1520
   54    1    5    6    1    3    2    1    0      3988
   54    1    5    7    1   19    3    4    0      2636
   54    1    5    8    1   21    3    3    1      5019
   54    1    5    9    1   31    4    4    1      1140
   54    1    5   10    1   25    4    4    1      5174
   54    1    5   11    1    9    1    2    0      2136
   54    1    5   12    1    7    2    2    1      4956
   54    1    5   13    1   22    3    3    1      3606
   54    1    5   14    1    2    1    1    1      1431
   54    1    6    1    1    9    1    1    1      4178
   54    1    6    2    1   21    3    3    1      1740
   54    1    6    3    1   25    4    4    1      4807
   54    1    6    4    1    3    2    2    1      5752
   54    1    6    5    1   28    4    4    1      2019
   54    1    6    6    1   26    4    4    1      3667
   54    1    6    7    1   19    3    3    1      3426
   54    1    6    8    1   12    2    2    1      1610
   54    1    6    9    1   31    4    4    1      1659
   54    1    6   10    1    6    1    1    1      2043
   54    1    6   11    1    2    1    1    1      1818
   54    1    6   12    1    7    2    2    1      3922
   54    1    6   13    1   22    3    3    1      4295
   54    1    6   14    1   15    2    2    1      1644
   54    1    7    1    1    2    1    1    1      1536
   54    1    7    2    1   22    3    3    1      8899
   54    1    7    3    1   28    4    4    1      1072
   54    1    7    4    1   26    4    4    1      7223
   54    1    7    5    1    3    2    1    0      2887
   54    1    7    6    1   25    4    3    0      3101
   54    1    7    7    1   19    3    3    1      7834
   54    1    7    8    1   21    3    3    1      2146
   54    1    7    9    1    7    2    2    1      2605
   54    1    7   10    1   15    2    2    1       967
   54    1    7   11    1    6    1    1    1      2018
   54    1    7   12    1    9    1    1    1      5265
   54    1    7   13    1   31    4    4    1      1424
   54    1    7   14    1   12    2    2    1      1416
   54    1    8    1    1   22    3    3    1      3465
   54    1    8    2    1   15    2    2    1      1215
   54    1    8    3    1   31    4    2    0      8351
   54    1    8    4    1   26    4    4    1      5033
   54    1    8    5    1   25    4    4    1      3280
   54    1    8    6    1    9    1    2    0      2126
   54    1    8    7    1   19    3    3    1      3507
   54    1    8    8    1    7    2    2    1      3465
   54    1    8    9    1    6    1    1    1      2095
   54    1    8   10    1   12    2    4    0      1788
   54    1    8   11    1   28    4    4    1      3293
   54    1    8   12    1   21    3    3    1      1803
   54    1    8   13    1    3    2    1    0      1475
   54    1    8   14    1    2    1    1    1      3538
   54    1    9    1    1   15    2    2    1      4475
   54    1    9    2    1   12    2    2    1       968
   54    1    9    3    1    2    1    1    1       723
   54    1    9    4    1   26    4    4    1       616
   54    1    9    5    1    3    2    1    0       848
   54    1    9    6    1   25    4    4    1      1671
   54    1    9    7    1   22    3    3    1      3653
   54    1    9    8    1    6    1    1    1      1524
   54    1    9    9    1   28    4    4    1       889
   54    1    9   10    1    7    2    2    1      4165
   54    1    9   11    1   21    3    3    1      2433
   54    1    9   12    1   19    3    3    1      2864
   54    1    9   13    1   31    4    4    1      2477
   54    1    9   14    1    9    1    2    0      2748
   54    1   10    1    1   31    4    4    1      1603
   54    1   10    2    1    3    2    1    0      7604
   54    1   10    3    1   15    2    2    1      1277
   54    1   10    4    1    9    1    1    1      3612
   54    1   10    5    1    2    1    1    1      2828
   54    1   10    6    1   21    3    3    1      2205
   54    1   10    7    1    6    1    1    1      6277
   54    1   10    8    1   25    4    3    0      6923
   54    1   10    9    1    7    2    2    1      2975
   54    1   10   10    1   22    3    3    1      1946
   54    1   10   11    1   12    2    2    1      4717
   54    1   10   12    1   19    3    3    1       913
   54    1   10   13    1   26    4    4    1       877
   54    1   10   14    1   28    4    4    1       731
   54    2    1    1    1    6    1    1    1      2169
   54    2    1    2    2   24    0    4    9      2338
   54    2    1    3    1   28    4    4    1      1525
   54    2    1    4    2   32    0    4    9      1257
   54    2    1    5    2   14    0    2    9      5400
   54    2    1    6    2    1    0    1    9      1697
   54    2    1    7    2   27    0    4    9      1549
   54    2    1    8    2   30    0    4    9      2304
   54    2    1    9    1   15    2    2    1      2452
   54    2    1   10    1    9    1    1    1      5508
   54    2    1   11    1   19    3    3    1      3992
   54    2    1   12    1   21    3    3    1      1786
   54    2    1   13    1   22    3    3    1      3619
   54    2    1   14    1   26    4    4    1      6099
   54    2    1   15    2   24    0    4    9      1520
   54    2    1   16    1   12    2    2    1      5188
   54    2    1   17    2   13    0    2    9      3013
   54    2    1   18    1   31    4    4    1      3246
   54    2    1   19    2   14    0    4    9      5260
   54    2    1   20    1   22    3    3    1      4892
   54    2    1   21    2   14    0    2    9      4890
   54    2    1   22    2    8    0    2    9      6072
   54    2    1   23    2    5    0    1    9      2902
   54    2    1   24    1   21    3    3    1      2547
   54    2    1   25    2    4    0    1    9      2557
   54    2    1   26    1   12    2    2    1      1736
   54    2    1   27    1    9    1    1    1      4099
   54    2    1   28    1    6    1    2    0      3120
   54    2    1   29    1    2    1    1    1      4820
   54    2    1   30    2   18    0    3    9      4052
   54    2    1   31    1    7    2    2    1      3491
   54    2    1   32    2   24    0    4    9      2920
   54    2    1   33    1    3    2    1    0      6692
   54    2    1   34    2   17    0    3    9      2537
   54    2    1   35    1    2    1    1    1      5317
   54    2    1   36    1   19    3    3    1      2896
   54    2    1   37    2   10    0    2    9      5741
   54    2    1   38    1    7    2    2    1      7800
   54    2    1   39    1   31    4    4    1       945
   54    2    1   40    2   11    0    2    9       973
   54    2    1   41    2   24    0    4    9      2023
   54    2    1   42    2   16    0    4    9       984
   54    2    1   43    2   14    0    2    9      1842
   54    2    1   44    1    3    2    1    0      1418
   54    2    1   45    1   26    4    4    1      4146
   54    2    1   46    1   25    4    3    0      1117
   54    2    1   47    2   29    0    4    9      1569
   54    2    1   48    1   28    4    4    1      1091
   54    2    1   49    1   15    2    2    1       969
   54    2    1   50    2   23    0    4    9      1955
   54    2    1   51    2   20    0    3    9      1366
   54    2    1   52    1   25    4    3    0      3280
   54    2    2    1    1    3    2    2    1      2925
   54    2    2    2    2   20    0    4    9      2425
   54    2    2    3    1    7    2    2    1      2473
   54    2    2    4    2   23    0    4    9      2247
   54    2    2    5    1   15    2    2    1      1710
   54    2    2    6    2   29    0    4    9      2490
   54    2    2    7    1   28    4    4    1      1208
   54    2    2    8    2   24    0    4    9      1480
   54    2    2    9    2   30    0    4    9      1471
   54    2    2   10    2   13    0    2    9      1941
   54    2    2   11    1   12    2    2    1      2952
   54    2    2   12    1   25    4    3    0      5731
   54    2    2   13    1   15    2    2    1      4863
   54    2    2   14    1   26    4    4    1      5485
   54    2    2   15    2   27    0    4    9      2226
   54    2    2   16    1    3    2    2    1      4043
   54    2    2   17    2   14    0    2    9      4139
   54    2    2   18    1   21    3    3    1      1910
   54    2    2   19    1   28    4    4    1      7946
   54    2    2   20    1   22    3    3    1      2013
   54    2    2   21    2   32    0    4    9      1021
   54    2    2   22    1    9    1    2    0      2709
   54    2    2   23    1   31    4    4    1      6155
   54    2    2   24    2   10    0    2    9      2134
   54    2    2   25    2   16    0    2    9      1218
   54    2    2   26    1    6    1    1    1      1490
   54    2    2   27    1    6    1    1    1      9752
   54    2    2   28    2   14    0    2    9       914
   54    2    2   29    1   25    4    3    0      4159
   54    2    2   30    2   24    0    4    9      2394
   54    2    2   31    2   14    0    2    9      4155
   54    2    2   32    1   19    3    3    1      5782
   54    2    2   33    2   24    0    4    9      2911
   54    2    2   34    2   18    0    3    9      2939
   54    2    2   35    2   11    0    2    9      2536
   54    2    2   36    1    7    2    2    1      6099
   54    2    2   37    1   26    4    4    1      1536
   54    2    2   38    2   17    0    3    9      1747
   54    2    2   39    2   14    0    2    9      1757
   54    2    2   40    1    2    1    1    1      5081
   54    2    2   41    1   21    3    3    1      1934
   54    2    2   42    1   19    3    3    1      5953
   54    2    2   43    2    8    0    2    9      2341
   54    2    2   44    1   12    2    4    0      1352
   54    2    2   45    1    2    1    1    1      2387
   54    2    2   46    1   31    4    4    1      1444
   54    2    2   47    2    5    0    1    9      1388
   54    2    2   48    2   24    0    4    9      3206
   54    2    2   49    2    1    0    1    9      1542
   54    2    2   50    2    4    0    2    9      5066
   54    2    2   51    1    9    1    1    1      3441
   54    2    2   52    1   22    3    3    1      2393
