   13    1    1    1    1    5    1    1    1      6439
   13    1    1    2    1   12    2    1    0      2847
   13    1    1    3    1   10    2    1    0       838
   13    1    1    4    1   19    3    2    0      2317
   13    1    1    5    1   15    2    3    0     10185
   13    1    1    6    1   21    3    1    0      1995
   13    1    1    7    1   31    4    2    0      4340
   13    1    1    8    1   28    4    3    0      4287
   13    1    1    9    1   22    3    1    0      8044
   13    1    1   10    1    6    1    3    0      4084
   13    1    1   11    1   25    4    1    0      2121
   13    1    1   12    1    3    1    1    1      1917
   13    1    1   13    1    9    2    1    0      6993
   13    1    1   14    1   26    4    2    0     13490
   13    1    2    1    1   26    4    2    0      3463
   13    1    2    2    1   31    4    4    1      3173
   13    1    2    3    1   28    4    3    0      2759
   13    1    2    4    1    6    1    3    0      2994
   13    1    2    5    1   12    2    4    0      1603
   13    1    2    6    1    5    1    1    1      4763
   13    1    2    7    1   22    3    2    0      3037
   13    1    2    8    1   19    3    4    0      4141
   13    1    2    9    1    3    1    2    0      3344
   13    1    2   10    1    9    2    1    0      2964
   13    1    2   11    1   25    4    2    0      9109
   13    1    2   12    1   15    2    4    0      8898
   13    1    2   13    1   10    2    2    1      1783
   13    1    2   14    1   21    3    3    1      2368
   13    1    3    1    1    9    2    1    0      2520
   13    1    3    2    1   26    4    3    0      2188
   13    1    3    3    1   25    4    3    0      1469
   13    1    3    4    1    5    1    2    0      1755
   13    1    3    5    1   22    3    3    1      1742
   13    1    3    6    1   10    2    2    1      2121
   13    1    3    7    1   19    3    1    0      2773
   13    1    3    8    1   15    2    4    0      2079
   13    1    3    9    1   12    2    2    1      2021
   13    1    3   10    1   31    4    4    1      1349
   13    1    3   11    1   28    4    4    1      1520
   13    1    3   12    1    3    1    1    1      3556
   13    1    3   13    1    6    1    2    0      2950
   13    1    3   14    1   21    3    4    0      3465
   13    1    4    1    1   25    4    2    0      3628
   13    1    4    2    1    5    1    2    0      5124
   13    1    4    3    1   22    3    3    1      2784
   13    1    4    4    1    6    1    1    1      1585
   13    1    4    5    1    3    1    1    1      2819
   13    1    4    6    1   21    3    4    0      2163
   13    1    4    7    1    9    2    2    1      1637
   13    1    4    8    1   10    2    2    1      2212
   13    1    4    9    1   19    3    3    1      1869
   13    1    4   10    1   28    4    4    1      2291
   13    1    4   11    1   15    2    2    1      1464
   13    1    4   12    1   26    4    4    1      3406
   13    1    4   13    1   12    2    2    1      2006
   13    1    4   14    1   31    4    4    1      4791
   13    1    5    1    1   10    2    2    1      2069
   13    1    5    2    1    9    2    1    0      1795
   13    1    5    3    1   25    4    3    0      1589
   13    1    5    4    1    6    1    1    1      2302
   13    1    5    5    1   31    4    4    1      1395
   13    1    5    6    1    3    1    2    0      5900
   13    1    5    7    1   22    3    3    1      3817
   13    1    5    8    1   15    2    2    1      1953
   13    1    5    9    1   21    3    3    1      3699
   13    1    5   10    1   26    4    4    1      1680
   13    1    5   11    1    5    1    1    1      3005
   13    1    5   12    1   12    2    2    1      1606
   13    1    5   13    1   19    3    4    0      1799
   13    1    5   14    1   28    4    4    1      1511
   13    1    6    1    1   26    4    4    1      1618
   13    1    6    2    1   21    3    4    0      3410
   13    1    6    3    1   19    3    3    1      1427
   13    1    6    4    1   25    4    3    0      1211
   13    1    6    5    1   28    4    4    1      1972
   13    1    6    6    1    5    1    1    1      2470
   13    1    6    7    1    3    1    1    1      1764
   13    1    6    8    1   22    3    3    1      3278
   13    1    6    9    1    6    1    1    1      1788
   13    1    6   10    1   15    2    2    1      1797
   13    1    6   11    1   12    2    2    1      1310
   13    1    6   12    1    9    2    1    0      1531
   13    1    6   13    1   31    4    4    1      1734
   13    1    6   14    1   10    2    2    1      1842
   13    1    7    1    1    5    1    3    0      4109
   13    1    7    2    1   26    4    4    1      2050
   13    1    7    3    1   15    2    2    1      2321
   13    1    7    4    1    3    1    1    1      2021
   13    1    7    5    1   12    2    2    1      1653
   13    1    7    6    1   28    4    4    1      1043
   13    1    7    7    1   10    2    2    1      3499
   13    1    7    8    1    9    2    1    0      1823
   13    1    7    9    1   22    3    3    1      2991
   13    1    7   10    1   25    4    3    0      2201
   13    1    7   11    1    6    1    1    1      2281
   13    1    7   12    1   21    3    4    0      2783
   13    1    7   13    1   31    4    4    1      1736
   13    1    7   14    1   19    3    4    0      2595
   13    1    8    1    1   21    3    3    1      4591
   13    1    8    2    1    3    1    2    0      4697
   13    1    8    3    1    9    2    2    1      5525
   13    1    8    4    1   25    4    4    1      1514
   13    1    8    5    1   10    2    2    1      2558
   13    1    8    6    1   15    2    2    1      2057
   13    1    8    7    1   28    4    4    1      1863
   13    1    8    8    1    5    1    2    0      5709
   13    1    8    9    1   19    3    3    1      5618
   13    1    8   10    1    6    1    1    1      4434
   13    1    8   11    1   12    2    2    1      2577
   13    1    8   12    1   31    4    4    1      2187
   13    1    8   13    1   22    3    3    1      2068
   13    1    8   14    1   26    4    4    1      2146
   13    1    9    1    1   12    2    2    1      2740
   13    1    9    2    1   10    2    2    1      4248
   13    1    9    3    1   31    4    4    1      1854
   13    1    9    4    1   28    4    4    1      1589
   13    1    9    5    1    6    1    1    1      1910
   13    1    9    6    1   26    4    4    1      1627
   13    1    9    7    1    9    2    2    1      5706
   13    1    9    8    1    3    1    1    1      2248
   13    1    9    9    1   25    4    4    1      3647
   13    1    9   10    1   15    2    2    1      2685
   13    1    9   11    1    5    1    2    0     13555
   13    1    9   12    1   22    3    3    1      2685
   13    1    9   13    1   19    3    3    1      8883
   13    1    9   14    1   21    3    3    1      7456
   13    1   10    1    1   22    3    3    1      2056
   13    1   10    2    1   21    3    3    1      1351
   13    1   10    3    1   10    2    2    1      2865
   13    1   10    4    1   15    2    2    1      1423
   13    1   10    5    1   28    4    4    1      1767
   13    1   10    6    1    9    2    2    1      3569
   13    1   10    7    1   26    4    4    1      1987
   13    1   10    8    1   19    3    3    1      3093
   13    1   10    9    1   25    4    4    1      2234
   13    1   10   10    1    3    1    1    1      3041
   13    1   10   11    1    5    1    1    1      3528
   13    1   10   12    1    6    1    1    1      2364
   13    1   10   13    1   31    4    4    1      2415
   13    1   10   14    1   12    2    2    1      2094
   13    2    1    1    2   27    0    3    9      2691
   13    2    1    2    1   19    3    3    1      4391
   13    2    1    3    1    3    1    1    1      1912
   13    2    1    4    2    7    0    2    9      2637
   13    2    1    5    1   26    4    4    1      5252
   13    2    1    6    1   12    2    2    1      2947
   13    2    1    7    2   29    0    3    9      6829
   13    2    1    8    2   18    0    4    9      6669
   13    2    1    9    2   16    0    1    9      2291
   13    2    1   10    2   20    0    3    9     17272
   13    2    1   11    1    6    1    1    1      2278
   13    2    1   12    2   24    0    3    9      4476
   13    2    1   13    2    8    0    1    9      1658
   13    2    1   14    1   28    4    4    1      1897
   13    2    1   15    2   32    0    3    9      1549
   13    2    1   16    1   12    2    2    1      1984
   13    2    1   17    1   31    4    4    1      1985
   13    2    1   18    2    2    0    2    9      5842
   13    2    1   19    2   17    0    3    9      2234
   13    2    1   20    1   10    2    2    1      1937
   13    2    1   21    1    5    1    1    1      7044
   13    2    1   22    1    5    1    1    1      6732
   13    2    1   23    1   25    4    3    0      3007
   13    2    1   24    1   25    4    4    1      5464
   13    2    1   25    1   21    3    3    1      4126
   13    2    1   26    1    9    2    1    0      3098
   13    2    1   27    1    3    1    1    1      2750
   13    2    1   28    2    8    0    1    9      2977
   13    2    1   29    2    8    0    2    9      1659
   13    2    1   30    1   28    4    4    1      1690
   13    2    1   31    1    9    2    1    0      4071
   13    2    1   32    1   21    3    3    1      2933
   13    2    1   33    2   24    0    3    9      2368
   13    2    1   34    1   19    3    3    1      1714
   13    2    1   35    1   15    2    2    1      1470
   13    2    1   36    1   22    3    3    1      2276
   13    2    1   37    2   24    0    3    9      2842
   13    2    1   38    1   31    4    4    1      1593
   13    2    1   39    1   22    3    3    1      1307
   13    2    1   40    2   30    0    3    9      1656
   13    2    1   41    1   10    2    2    1      2166
   13    2    1   42    2    4    0    1    9      2656
   13    2    1   43    2   24    0    3    9      1815
   13    2    1   44    2   23    0    4    9      1807
   13    2    1   45    1   26    4    4    1      1239
   13    2    1   46    2   13    0    1    9      2279
   13    2    1   47    2   14    0    1    9      1277
   13    2    1   48    1   15    2    2    1      1179
   13    2    1   49    1    6    1    1    1      1357
   13    2    1   50    2    8    0    1    9      1223
   13    2    1   51    2   11    0    1    9      2599
   13    2    1   52    2    1    0    1    9      1840
   13    2    2    1    2   27    0    3    9      1751
   13    2    2    2    2   24    0    3    9      1378
   13    2    2    3    1   10    2    2    1      5421
   13    2    2    4    1   15    2    2    1      2165
   13    2    2    5    1   21    3    3    1      2399
   13    2    2    6    1    5    1    1    1      1871
   13    2    2    7    1   25    4    3    0       965
   13    2    2    8    1    9    2    2    1      1439
   13    2    2    9    2    4    0    1    9      3606
   13    2    2   10    1   28    4    4    1      2903
   13    2    2   11    1   22    3    3    1      2500
   13    2    2   12    1   26    4    4    1      4720
   13    2    2   13    1    9    2    1    0      2804
   13    2    2   14    2   18    0    3    9      3845
   13    2    2   15    2   24    0    3    9      1532
   13    2    2   16    2    2    0    1    9      2336
   13    2    2   17    2   14    0    1    9      2067
   13    2    2   18    1   31    4    4    1      1729
   13    2    2   19    2   23    0    4    9      3053
   13    2    2   20    2   30    0    3    9      2868
   13    2    2   21    1   22    3    3    1      2178
   13    2    2   22    1   19    3    3    1      2172
   13    2    2   23    2   32    0    3    9      3030
   13    2    2   24    1   28    4    4    1      1677
   13    2    2   25    2    8    0    1    9      6043
   13    2    2   26    1   12    2    2    1      1114
   13    2    2   27    1   25    4    4    1      2206
   13    2    2   28    2   13    0    3    9      1543
   13    2    2   29    1   10    2    2    1      2058
   13    2    2   30    1   12    2    2    1      1241
   13    2    2   31    2    8    0    3    9      1512
   13    2    2   32    2   24    0    3    9      2893
   13    2    2   33    2   17    0    3    9      1754
   13    2    2   34    1    5    1    2    0      1797
   13    2    2   35    1   21    3    3    1      1982
   13    2    2   36    2   16    0    1    9      1376
   13    2    2   37    1   15    2    2    1       874
   13    2    2   38    1    6    1    1    1      1512
   13    2    2   39    2    1    0    1    9       988
   13    2    2   40    2   11    0    1    9      1221
   13    2    2   41    2   29    0    3    9      2261
   13    2    2   42    1   19    3    3    1      2476
   13    2    2   43    2   24    0    3    9      1562
   13    2    2   44    1    6    1    1    1      3325
   13    2    2   45    2   20    0    3    9      3721
   13    2    2   46    1    3    1    1    1      2373
   13    2    2   47    2    8    0    1    9      2759
   13    2    2   48    1   31    4    4    1      1657
   13    2    2   49    2    8    0    1    9      1928
   13    2    2   50    1    3    1    1    1      3788
   13    2    2   51    2    7    0    2    9      1493
   13    2    2   52    1   26    4    4    1      7643
