   56    1    1    1    1    9    1    1    1      4152
   56    1    1    2    1    2    1    1    1      2567
   56    1    1    3    1   21    1    2    0      1025
   56    1    1    4    1   19    1    2    0      3777
   56    1    1    5    1   25    2    1    0      1283
   56    1    1    6    1    7    2    2    1      1432
   56    1    1    7    1   22    1    2    0      2816
   56    1    1    8    1    6    1    1    1      1400
   56    1    1    9    1   15    2    1    0      2577
   56    1    1   10    1   26    2    2    1      1298
   56    1    1   11    1   12    2    2    1       959
   56    1    1   12    1   28    2    2    1       539
   56    1    1   13    1   31    2    2    1       743
   56    1    1   14    1    3    2    1    0       890
   56    1    2    1    1   12    2    1    0      1276
   56    1    2    2    1    9    1    2    0      1218
   56    1    2    3    1   19    1    2    0      9978
   56    1    2    4    1   28    2    2    1      3316
   56    1    2    5    1   26    2    1    0      2592
   56    1    2    6    1   15    2    1    0      1826
   56    1    2    7    1   21    1    1    1      1075
   56    1    2    8    1    2    1    2    0      1082
   56    1    2    9    1   25    2    2    1      5160
   56    1    2   10    1   22    1    1    1      1162
   56    1    2   11    1   31    2    2    1       829
   56    1    2   12    1    6    1    1    1      1821
   56    1    2   13    1    3    2    2    1      1237
   56    1    2   14    1    7    2    1    0       853
   56    1    3    1    1   19    1    2    0      4093
   56    1    3    2    1    9    1    2    0      2611
   56    1    3    3    1    7    2    1    0      4435
   56    1    3    4    1   26    2    2    1      5275
   56    1    3    5    1   21    1    1    1      1977
   56    1    3    6    1   12    2    2    1      1228
   56    1    3    7    1   25    2    2    1      3197
   56    1    3    8    1   15    2    2    1      1262
   56    1    3    9    1   22    1    1    1      1501
   56    1    3   10    1    6    1    1    1     10897
   56    1    3   11    1   28    2    2    1      1423
   56    1    3   12    1    2    1    2    0      3639
   56    1    3   13    1    3    2    2    1      1632
   56    1    3   14    1   31    2    2    1      2255
   56    1    4    1    1   19    1    2    0      4252
   56    1    4    2    1    3    2    2    1     21098
   56    1    4    3    1   12    2    2    1      1359
   56    1    4    4    1    6    1    1    1      1195
   56    1    4    5    1    2    1    1    1      1053
   56    1    4    6    1   26    2    2    1      1764
   56    1    4    7    1   15    2    2    1      1086
   56    1    4    8    1    7    2    2    1      2482
   56    1    4    9    1   22    1    1    1      1617
   56    1    4   10    1   31    2    2    1      2753
   56    1    4   11    1   21    1    2    0      3812
   56    1    4   12    1   28    2    2    1      1701
   56    1    4   13    1    9    1    2    0      2658
   56    1    4   14    1   25    2    1    0      2929
   56    1    5    1    1   12    2    2    1      1792
   56    1    5    2    1   19    1    2    0      2698
   56    1    5    3    1    9    1    1    1      1464
   56    1    5    4    1   28    2    2    1      1246
   56    1    5    5    1   21    1    1    1      2590
   56    1    5    6    1   31    2    2    1      1192
   56    1    5    7    1    7    2    2    1      1481
   56    1    5    8    1    3    2    2    1      2975
   56    1    5    9    1   25    2    1    0       970
   56    1    5   10    1    6    1    1    1      2477
   56    1    5   11    1   15    2    2    1      1146
   56    1    5   12    1   26    2    2    1      2366
   56    1    5   13    1    2    1    1    1      1024
   56    1    5   14    1   22    1    1    1      2217
   56    1    6    1    1    9    1    2    0      1614
   56    1    6    2    1   12    2    2    1      1430
   56    1    6    3    1   15    2    2    1       958
   56    1    6    4    1   28    2    2    1      1113
   56    1    6    5    1    2    1    1    1       926
   56    1    6    6    1    3    2    2    1      1274
   56    1    6    7    1    7    2    2    1      1480
   56    1    6    8    1   25    2    1    0       606
   56    1    6    9    1    6    1    1    1      2544
   56    1    6   10    1   26    2    2    1      1868
   56    1    6   11    1   22    1    1    1      1299
   56    1    6   12    1   19    1    2    0      1151
   56    1    6   13    1   21    1    1    1      1818
   56    1    6   14    1   31    2    2    1       946
   56    1    7    1    1   25    2    2    1      6793
   56    1    7    2    1    7    2    2    1      2058
   56    1    7    3    1    6    1    1    1      1929
   56    1    7    4    1   22    1    1    1      1933
   56    1    7    5    1   26    2    1    0      2640
   56    1    7    6    1   28    2    2    1       945
   56    1    7    7    1    9    1    1    1      1515
   56    1    7    8    1   19    1    2    0      2320
   56    1    7    9    1   15    2    2    1      1277
   56    1    7   10    1    2    1    1    1      6138
   56    1    7   11    1    3    2    1    0      1959
   56    1    7   12    1   31    2    2    1       817
   56    1    7   13    1   12    2    2    1      3346
   56    1    7   14    1   21    1    1    1      2494
   56    1    8    1    1   25    2    2    1      4224
   56    1    8    2    1    9    1    1    1      8199
   56    1    8    3    1   19    1    1    1      7184
   56    1    8    4    1   12    2    2    1      6290
   56    1    8    5    1    3    2    2    1      6856
   56    1    8    6    1    2    1    1    1      2039
   56    1    8    7    1   21    1    1    1     17207
   56    1    8    8    1   22    1    1    1      1944
   56    1    8    9    1   26    2    2    1      6301
   56    1    8   10    1    6    1    1    1      5154
   56    1    8   11    1   15    2    2    1      1941
   56    1    8   12    1   31    2    2    1      2905
   56    1    8   13    1   28    2    2    1      3750
   56    1    8   14    1    7    2    2    1      9681
   56    1    9    1    1   15    2    2    1     12151
   56    1    9    2    1    2    1    1    1      2914
   56    1    9    3    1   26    2    2    1      8414
   56    1    9    4    1   12    2    2    1      1198
   56    1    9    5    1    6    1    1    1      1087
   56    1    9    6    1   28    2    2    1      1140
   56    1    9    7    1    9    1    1    1      4983
   56    1    9    8    1   22    1    1    1      3905
   56    1    9    9    1   25    2    1    0      2022
   56    1    9   10    1   19    1    2    0      8718
   56    1    9   11    1   21    1    1    1      1786
   56    1    9   12    1    7    2    2    1      1284
   56    1    9   13    1    3    2    2    1     18673
   56    1    9   14    1   31    2    2    1      1255
   56    1   10    1    1   31    2    2    1      3292
   56    1   10    2    1    7    2    2    1      1449
   56    1   10    3    1   19    1    1    1      1584
   56    1   10    4    1   15    2    2    1      1058
   56    1   10    5    1    6    1    1    1       969
   56    1   10    6    1   28    2    2    1      1204
   56    1   10    7    1    3    2    1    0      1397
   56    1   10    8    1   12    2    2    1      1558
   56    1   10    9    1    2    1    1    1      2217
   56    1   10   10    1   21    1    1    1      1153
   56    1   10   11    1    9    1    1    1      1093
   56    1   10   12    1   26    2    2    1      1882
   56    1   10   13    1   25    2    1    0      1152
   56    1   10   14    1   22    1    1    1      1436
   56    2    1    1    1   26    2    1    0      2713
   56    2    1    2    2   18    0    2    9      1244
   56    2    1    3    1   19    1    2    0      1483
   56    2    1    4    2    1    0    1    9      1552
   56    2    1    5    2   14    0    2    9     23906
   56    2    1    6    2   24    0    2    9      2072
   56    2    1    7    2   24    0    2    9      1174
   56    2    1    8    1   15    2    2    1      1689
   56    2    1    9    1   21    1    1    1      1158
   56    2    1   10    1    6    1    1    1      1273
   56    2    1   11    1    7    2    2    1      1032
   56    2    1   12    1    3    2    2    1      2447
   56    2    1   13    2    8    0    2    9      1423
   56    2    1   14    2   23    0    2    9      1239
   56    2    1   15    1    3    2    2    1      2278
   56    2    1   16    1   22    1    1    1      1501
   56    2    1   17    1    6    1    1    1       898
   56    2    1   18    2    5    0    1    9      1567
   56    2    1   19    1    9    1    1    1      1665
   56    2    1   20    1   25    2    1    0      1183
   56    2    1   21    2   32    0    2    9      1073
   56    2    1   22    2   14    0    2    9      2055
   56    2    1   23    2   11    0    2    9      2982
   56    2    1   24    2   17    0    2    9      3599
   56    2    1   25    1   19    1    2    0      3120
   56    2    1   26    1   25    2    2    1      3059
   56    2    1   27    1   15    2    2    1      2283
   56    2    1   28    2   14    0    2    9      3584
   56    2    1   29    1   12    2    2    1      1041
   56    2    1   30    1   28    2    2    1      1162
   56    2    1   31    2   20    0    2    9      1197
   56    2    1   32    1   26    2    1    0      1214
   56    2    1   33    1    2    1    1    1      2510
   56    2    1   34    1    7    2    2    1      1914
   56    2    1   35    1   28    2    2    1      1182
   56    2    1   36    2   14    0    2    9      1984
   56    2    1   37    1    9    1    1    1      2033
   56    2    1   38    2   13    0    2    9      2129
   56    2    1   39    1   21    1    1    1      1661
   56    2    1   40    1   31    2    2    1       684
   56    2    1   41    2   24    0    2    9      1186
   56    2    1   42    1   31    2    2    1       740
   56    2    1   43    2   24    0    2    9       983
   56    2    1   44    2   10    0    1    9      1586
   56    2    1   45    1   12    2    2    1       660
   56    2    1   46    2   16    0    2    9       859
   56    2    1   47    2   30    0    2    9      1226
   56    2    1   48    1   22    1    1    1       986
   56    2    1   49    1    2    1    1    1      1044
   56    2    1   50    2    4    0    2    9       924
   56    2    1   51    2   29    0    2    9      2295
   56    2    1   52    2   27    0    2    9       877
   56    2    2    1    1   26    2    1    0      1467
   56    2    2    2    2   30    0    2    9      1522
   56    2    2    3    1    7    2    2    1       998
   56    2    2    4    2   24    0    2    9       863
   56    2    2    5    2   14    0    2    9       830
   56    2    2    6    1   15    2    2    1      1022
   56    2    2    7    2   14    0    1    9      1910
   56    2    2    8    1    2    1    1    1      1019
   56    2    2    9    2   18    0    1    9       915
   56    2    2   10    2   16    0    2    9       703
   56    2    2   11    2    1    0    1    9      1045
   56    2    2   12    1   15    2    2    1      2475
   56    2    2   13    1    3    2    2    1      1177
   56    2    2   14    1   25    2    2    1      3003
   56    2    2   15    1   19    1    2    0       996
   56    2    2   16    2   14    0    2    9      1469
   56    2    2   17    2   11    0    2    9       932
   56    2    2   18    2    4    0    2    9      1728
   56    2    2   19    2   23    0    2    9      1756
   56    2    2   20    1   22    1    1    1      7382
   56    2    2   21    1   19    1    2    0      1408
   56    2    2   22    2   13    0    2    9      3497
   56    2    2   23    1    2    1    1    1      1470
   56    2    2   24    2   29    0    2    9      7908
   56    2    2   25    1    3    2    2    1      1865
   56    2    2   26    1   28    2    2    1      1087
   56    2    2   27    1    6    1    1    1       900
   56    2    2   28    2   20    0    2    9      1058
   56    2    2   29    2    5    0    1    9      1337
   56    2    2   30    1    9    1    2    0      2805
   56    2    2   31    1    7    2    2    1      3910
   56    2    2   32    2   14    0    2    9      1883
   56    2    2   33    2   24    0    2    9      1121
   56    2    2   34    1    9    1    1    1       933
   56    2    2   35    1   31    2    2    1       800
   56    2    2   36    1    6    1    1    1       913
   56    2    2   37    2   10    0    2    9      2429
   56    2    2   38    1   28    2    2    1      2557
   56    2    2   39    1   12    2    2    1      1047
   56    2    2   40    1   31    2    2    1      1086
   56    2    2   41    1   21    1    1    1       980
   56    2    2   42    1   22    1    1    1       781
   56    2    2   43    1   25    2    1    0      1102
   56    2    2   44    2    8    0    2    9       979
   56    2    2   45    2   27    0    2    9       989
   56    2    2   46    1   21    1    1    1      2615
   56    2    2   47    2   24    0    2    9      1407
   56    2    2   48    2   17    0    1    9      1096
   56    2    2   49    2   24    0    2    9       765
   56    2    2   50    2   32    0    2    9      1871
   56    2    2   51    1   12    2    2    1      1045
   56    2    2   52    1   26    2    2    1      1980
