   22    1    1    1    1    9    1    1    1      7748
   22    1    1    2    1   15    2    3    0      2387
   22    1    1    3    1    3    2    2    1      3405
   22    1    1    4    1    2    1    4    0      4661
   22    1    1    5    1   31    4    4    1      5972
   22    1    1    6    1   26    4    2    0      2660
   22    1    1    7    1   28    4    4    1      2612
   22    1    1    8    1   12    2    3    0      3101
   22    1    1    9    1   19    3    2    0      9897
   22    1    1   10    1   21    3    1    0      1638
   22    1    1   11    1   22    3    3    1      2141
   22    1    1   12    1    7    2    4    0      2216
   22    1    1   13    1    6    1    3    0      4776
   22    1    1   14    1   25    4    1    0      1426
   22    1    2    1    1   22    3    4    0     23123
   22    1    2    2    1    2    1    2    0      2272
   22    1    2    3    1    6    1    1    1       974
   22    1    2    4    1   12    2    3    0      9800
   22    1    2    5    1   25    4    2    0      3369
   22    1    2    6    1   26    4    3    0      4378
   22    1    2    7    1    7    2    2    1      1877
   22    1    2    8    1    9    1    1    1      3034
   22    1    2    9    1   15    2    2    1      4499
   22    1    2   10    1   19    3    4    0      2207
   22    1    2   11    1    3    2    1    0      1824
   22    1    2   12    1   31    4    4    1      1408
   22    1    2   13    1   21    3    4    0      2808
   22    1    2   14    1   28    4    4    1       802
   22    1    3    1    1    3    2    2    1      4754
   22    1    3    2    1   19    3    3    1      2086
   22    1    3    3    1    7    2    2    1      1956
   22    1    3    4    1    2    1    1    1      1430
   22    1    3    5    1   21    3    3    1      2109
   22    1    3    6    1   26    4    4    1      3387
   22    1    3    7    1   25    4    3    0      2164
   22    1    3    8    1    9    1    2    0      1767
   22    1    3    9    1   28    4    3    0      2665
   22    1    3   10    1   31    4    4    1      1287
   22    1    3   11    1   12    2    1    0      2883
   22    1    3   12    1   15    2    2    1      1881
   22    1    3   13    1   22    3    3    1      2335
   22    1    3   14    1    6    1    1    1      1618
   22    1    4    1    1   26    4    3    0      2552
   22    1    4    2    1    9    1    1    1      1530
   22    1    4    3    1    6    1    1    1      1678
   22    1    4    4    1   12    2    1    0      1485
   22    1    4    5    1    7    2    3    0      1577
   22    1    4    6    1    3    2    1    0      1493
   22    1    4    7    1    2    1    1    1      1265
   22    1    4    8    1   19    3    3    1      2479
   22    1    4    9    1   31    4    4    1      2574
   22    1    4   10    1   28    4    4    1      1831
   22    1    4   11    1   15    2    2    1      2655
   22    1    4   12    1   21    3    3    1      3158
   22    1    4   13    1   22    3    3    1      2202
   22    1    4   14    1   25    4    4    1      3523
   22    1    5    1    1   31    4    4    1      3181
   22    1    5    2    1    2    1    1    1      2335
   22    1    5    3    1   25    4    4    1      2514
   22    1    5    4    1   26    4    4    1      2047
   22    1    5    5    1   19    3    3    1      1694
   22    1    5    6    1   21    3    3    1      2187
   22    1    5    7    1   22    3    3    1      2420
   22    1    5    8    1    7    2    2    1      2628
   22    1    5    9    1    6    1    2    0      1708
   22    1    5   10    1   12    2    2    1      2176
   22    1    5   11    1   15    2    2    1      1706
   22    1    5   12    1   28    4    4    1      2056
   22    1    5   13    1    9    1    2    0      3702
   22    1    5   14    1    3    2    1    0      3339
   22    1    6    1    1    9    1    1    1      2314
   22    1    6    2    1   12    2    2    1      1901
   22    1    6    3    1   25    4    4    1      2019
   22    1    6    4    1   15    2    2    1      1827
   22    1    6    5    1    2    1    1    1      1643
   22    1    6    6    1    3    2    1    0      4826
   22    1    6    7    1    6    1    1    1      3138
   22    1    6    8    1   28    4    4    1      1670
   22    1    6    9    1   22    3    3    1      2005
   22    1    6   10    1   19    3    3    1      7894
   22    1    6   11    1   31    4    4    1      6076
   22    1    6   12    1    7    2    2    1      4042
   22    1    6   13    1   26    4    4    1      6234
   22    1    6   14    1   21    3    3    1      2291
   22    1    7    1    1    2    1    1    1      2206
   22    1    7    2    1   28    4    4    1      2311
   22    1    7    3    1   12    2    2    1      3180
   22    1    7    4    1    6    1    1    1      2175
   22    1    7    5    1    9    1    1    1      2760
   22    1    7    6    1   19    3    3    1      2284
   22    1    7    7    1    3    2    2    1      2288
   22    1    7    8    1   26    4    4    1      3430
   22    1    7    9    1   22    3    3    1      1343
   22    1    7   10    1   25    4    4    1      4378
   22    1    7   11    1   31    4    4    1      2140
   22    1    7   12    1   15    2    4    0      1736
   22    1    7   13    1   21    3    3    1      1915
   22    1    7   14    1    7    2    2    1      1919
   22    1    8    1    1    6    1    1    1      2766
   22    1    8    2    1   31    4    4    1      2368
   22    1    8    3    1    9    1    1    1      3154
   22    1    8    4    1   28    4    4    1      2069
   22    1    8    5    1    2    1    1    1      7602
   22    1    8    6    1   25    4    4    1      1684
   22    1    8    7    1    3    2    2    1      2449
   22    1    8    8    1   19    3    3    1      2208
   22    1    8    9    1   21    3    3    1      3112
   22    1    8   10    1   15    2    2    1      1917
   22    1    8   11    1    7    2    2    1      2321
   22    1    8   12    1   22    3    3    1      2581
   22    1    8   13    1   12    2    2    1      1805
   22    1    8   14    1   26    4    4    1      3671
   22    1    9    1    1    9    1    1    1      1999
   22    1    9    2    1    2    1    1    1      1681
   22    1    9    3    1    6    1    1    1      1902
   22    1    9    4    1   28    4    4    1      1954
   22    1    9    5    1   12    2    4    0      2358
   22    1    9    6    1   15    2    2    1      1680
   22    1    9    7    1   22    3    3    1      1437
   22    1    9    8    1   26    4    4    1      4037
   22    1    9    9    1    7    2    2    1      1653
   22    1    9   10    1   25    4    4    1      2643
   22    1    9   11    1   21    3    3    1      2587
   22    1    9   12    1   19    3    4    0      3270
   22    1    9   13    1    3    2    2    1      2107
   22    1    9   14    1   31    4    4    1      1656
   22    1   10    1    1   25    4    4    1      2275
   22    1   10    2    1    6    1    1    1      1720
   22    1   10    3    1    9    1    1    1      2789
   22    1   10    4    1    7    2    2    1      2519
   22    1   10    5    1   26    4    4    1      3442
   22    1   10    6    1   22    3    3    1      1994
   22    1   10    7    1   19    3    3    1      2780
   22    1   10    8    1   12    2    1    0      2540
   22    1   10    9    1   21    3    3    1      3136
   22    1   10   10    1   28    4    4    1      2357
   22    1   10   11    1   31    4    4    1      2503
   22    1   10   12    1    3    2    2    1      1764
   22    1   10   13    1   15    2    2    1      2991
   22    1   10   14    1    2    1    1    1      1384
   22    2    1    1    2   14    0    1    9      4655
   22    2    1    2    2   32    0    4    9      2933
   22    2    1    3    2   29    0    3    9      1985
   22    2    1    4    2   10    0    1    9      1682
   22    2    1    5    2   24    0    4    9      1856
   22    2    1    6    1    2    1    1    1      1463
   22    2    1    7    1    2    1    1    1      1598
   22    2    1    8    1    3    2    2    1      1902
   22    2    1    9    1    9    1    1    1      3267
   22    2    1   10    2   11    0    2    9      1793
   22    2    1   11    1   25    4    3    0      2475
   22    2    1   12    1   19    3    4    0      3161
   22    2    1   13    1   12    2    2    1      2364
   22    2    1   14    1   21    3    3    1      2046
   22    2    1   15    1   21    3    3    1      1437
   22    2    1   16    2   14    0    1    9      2293
   22    2    1   17    1   22    3    3    1      1819
   22    2    1   18    2   16    0    2    9      6835
   22    2    1   19    1   28    4    4    1      2323
   22    2    1   20    2   30    0    3    9      2264
   22    2    1   21    2   17    0    3    9      1854
   22    2    1   22    1    6    1    1    1      2005
   22    2    1   23    1   26    4    3    0      1798
   22    2    1   24    1    9    1    1    1      2558
   22    2    1   25    1   31    4    4    1      2042
   22    2    1   26    2   18    0    3    9      1545
   22    2    1   27    1   25    4    4    1      2732
   22    2    1   28    2   20    0    4    9      3440
   22    2    1   29    2   24    0    4    9      2023
   22    2    1   30    1   28    4    4    1      1768
   22    2    1   31    1    7    2    2    1      2210
   22    2    1   32    1    7    2    2    1      1739
   22    2    1   33    1   22    3    3    1      1815
   22    2    1   34    2    4    0    2    9      3855
   22    2    1   35    1   19    3    4    0      2278
   22    2    1   36    2    1    0    1    9      1308
   22    2    1   37    1   31    4    4    1      1913
   22    2    1   38    2   24    0    4    9      1981
   22    2    1   39    2   27    0    4    9      1774
   22    2    1   40    2   14    0    2    9      4360
   22    2    1   41    2   13    0    1    9      2155
   22    2    1   42    1    3    2    2    1      1574
   22    2    1   43    2   24    0    3    9      3897
   22    2    1   44    2    5    0    1    9      2350
   22    2    1   45    1   15    2    2    1      2769
   22    2    1   46    2    8    0    2    9      1748
   22    2    1   47    1   26    4    4    1      6655
   22    2    1   48    2   14    0    1    9      2693
   22    2    1   49    1    6    1    1    1      2602
   22    2    1   50    1   12    2    2    1      1987
   22    2    1   51    1   15    2    1    0      1846
   22    2    1   52    2   23    0    3    9      1789
   22    2    2    1    1    3    2    2    1      1463
   22    2    2    2    1   26    4    3    0      2173
   22    2    2    3    2   14    0    2    9      1192
   22    2    2    4    1   21    3    3    1      1113
   22    2    2    5    2   24    0    4    9      2109
   22    2    2    6    2   10    0    2    9      3049
   22    2    2    7    1   15    2    2    1      2000
   22    2    2    8    2   29    0    4    9      1601
   22    2    2    9    1    7    2    2    1      2322
   22    2    2   10    1   25    4    4    1      2151
   22    2    2   11    2   14    0    2    9      1778
   22    2    2   12    1    2    1    1    1      1164
   22    2    2   13    1    6    1    1    1      1422
   22    2    2   14    2   14    0    2    9      1831
   22    2    2   15    2   23    0    4    9      3246
   22    2    2   16    1    2    1    1    1      1998
   22    2    2   17    2    5    0    1    9      1855
   22    2    2   18    2   18    0    3    9      1862
   22    2    2   19    1    9    1    1    1      1709
   22    2    2   20    2   20    0    4    9      3097
   22    2    2   21    1   19    3    4    0      2494
   22    2    2   22    1   22    3    3    1      1403
   22    2    2   23    2   24    0    4    9      1492
   22    2    2   24    1    9    1    1    1      2025
   22    2    2   25    2    4    0    2    9      1641
   22    2    2   26    2   11    0    2    9      1193
   22    2    2   27    2   17    0    3    9      2235
   22    2    2   28    1   28    4    4    1      1139
   22    2    2   29    1   19    3    4    0      2678
   22    2    2   30    1    3    2    2    1      1597
   22    2    2   31    1   31    4    4    1      1358
   22    2    2   32    2   14    0    2    9      1785
   22    2    2   33    2   27    0    4    9      2515
   22    2    2   34    2   13    0    2    9      2094
   22    2    2   35    1   21    3    3    1      4685
   22    2    2   36    1   12    2    2    1      3379
   22    2    2   37    1   12    2    4    0      2157
   22    2    2   38    2   32    0    4    9      2360
   22    2    2   39    1    6    1    1    1      1531
   22    2    2   40    2   24    0    4    9      1743
   22    2    2   41    2   30    0    3    9      3419
   22    2    2   42    1   28    4    4    1      1331
   22    2    2   43    1   22    3    3    1      1966
   22    2    2   44    1   31    4    3    0      1585
   22    2    2   45    1   25    4    4    1      2659
   22    2    2   46    1   15    2    2    1      2026
   22    2    2   47    2   24    0    3    9      1387
   22    2    2   48    2   16    0    2    9      2245
   22    2    2   49    1    7    2    2    1      1276
   22    2    2   50    1   26    4    3    0      1595
   22    2    2   51    2    8    0    2    9      2173
   22    2    2   52    2    1    0    1    9      1399
