   54    1    1    1    1   26    2    1    0      8067
   54    1    1    2    1    7    2    1    0      3278
   54    1    1    3    1   19    1    2    0      2260
   54    1    1    4    1   28    2    2    1      6771
   54    1    1    5    1    9    1    1    1      3605
   54    1    1    6    1   31    2    2    1      2294
   54    1    1    7    1    3    2    2    1      2396
   54    1    1    8    1   15    2    2    1      3020
   54    1    1    9    1   25    2    1    0      3206
   54    1    1   10    1    2    1    1    1      3262
   54    1    1   11    1   21    1    2    0      2525
   54    1    1   12    1   12    2    2    1      7057
   54    1    1   13    1    6    1    1    1      4455
   54    1    1   14    1   22    1    1    1      1702
   54    1    2    1    1    6    1    1    1      1964
   54    1    2    2    1   12    2    2    1      3983
   54    1    2    3    1   22    1    1    1      2000
   54    1    2    4    1   25    2    2    1      5393
   54    1    2    5    1    7    2    2    1      1882
   54    1    2    6    1    9    1    2    0      1648
   54    1    2    7    1   15    2    2    1      1480
   54    1    2    8    1    2    1    2    0      4749
   54    1    2    9    1   19    1    1    1      2824
   54    1    2   10    1   28    2    2    1      4344
   54    1    2   11    1   26    2    1    0      2092
   54    1    2   12    1    3    2    2    1      8402
   54    1    2   13    1   31    2    2    1      7074
   54    1    2   14    1   21    1    2    0      2600
   54    1    3    1    1    3    2    1    0      1411
   54    1    3    2    1    6    1    2    0      5732
   54    1    3    3    1   15    2    2    1      3543
   54    1    3    4    1    7    2    2    1      2123
   54    1    3    5    1   26    2    2    1      1879
   54    1    3    6    1   19    1    1    1      1581
   54    1    3    7    1   31    2    2    1      3087
   54    1    3    8    1   28    2    2    1      3524
   54    1    3    9    1    2    1    2    0      1705
   54    1    3   10    1   21    1    1    1      5406
   54    1    3   11    1   22    1    2    0      3063
   54    1    3   12    1    9    1    1    1      7621
   54    1    3   13    1   25    2    1    0      3733
   54    1    3   14    1   12    2    2    1      2137
   54    1    4    1    1   26    2    1    0      2251
   54    1    4    2    1   21    1    2    0      6153
   54    1    4    3    1    9    1    1    1      6940
   54    1    4    4    1   15    2    2    1      1784
   54    1    4    5    1   31    2    2    1      1825
   54    1    4    6    1   19    1    2    0      1720
   54    1    4    7    1   25    2    1    0       973
   54    1    4    8    1    2    1    2    0      3408
   54    1    4    9    1   22    1    1    1      3840
   54    1    4   10    1    6    1    2    0      6520
   54    1    4   11    1   12    2    1    0      1853
   54    1    4   12    1    3    2    2    1      3996
   54    1    4   13    1   28    2    1    0      2686
   54    1    4   14    1    7    2    1    0      2428
   54    1    5    1    1   28    2    2    1     11109
   54    1    5    2    1   21    1    2    0      4954
   54    1    5    3    1    9    1    1    1      2558
   54    1    5    4    1   26    2    1    0      2025
   54    1    5    5    1    6    1    2    0      4610
   54    1    5    6    1   19    1    2    0      2323
   54    1    5    7    1   12    2    2    1      4368
   54    1    5    8    1   25    2    2    1      1409
   54    1    5    9    1    3    2    2    1      1212
   54    1    5   10    1   22    1    2    0      1997
   54    1    5   11    1    2    1    2    0      1926
   54    1    5   12    1   15    2    2    1      1538
   54    1    5   13    1    7    2    1    0      2502
   54    1    5   14    1   31    2    2    1      2315
   54    1    6    1    1   12    2    2    1     37739
   54    1    6    2    1   26    2    2    1      1656
   54    1    6    3    1   15    2    1    0      2631
   54    1    6    4    1   19    1    1    1      1670
   54    1    6    5    1   28    2    2    1      5460
   54    1    6    6    1   31    2    1    0      1580
   54    1    6    7    1    7    2    2    1      1238
   54    1    6    8    1   21    1    1    1      6086
   54    1    6    9    1    9    1    1    1      1252
   54    1    6   10    1    6    1    2    0      2964
   54    1    6   11    1    2    1    1    1      5286
   54    1    6   12    1   25    2    2    1      1588
   54    1    6   13    1    3    2    2    1      1734
   54    1    6   14    1   22    1    1    1      1713
   54    1    7    1    1    6    1    2    0      3439
   54    1    7    2    1    9    1    1    1      1919
   54    1    7    3    1   26    2    2    1      2099
   54    1    7    4    1   31    2    2    1      2128
   54    1    7    5    1   12    2    2    1      2140
   54    1    7    6    1   15    2    2    1      1959
   54    1    7    7    1   25    2    1    0      1626
   54    1    7    8    1    7    2    2    1      1203
   54    1    7    9    1    2    1    1    1      1093
   54    1    7   10    1   22    1    1    1      2714
   54    1    7   11    1   19    1    2    0      1423
   54    1    7   12    1    3    2    2    1      2944
   54    1    7   13    1   28    2    2    1      1884
   54    1    7   14    1   21    1    1    1      1314
   54    1    8    1    1   21    1    1    1      4212
   54    1    8    2    1    7    2    1    0      1117
   54    1    8    3    1   22    1    1    1      1225
   54    1    8    4    1    6    1    2    0      1482
   54    1    8    5    1   15    2    2    1      1944
   54    1    8    6    1   25    2    2    1      1468
   54    1    8    7    1   28    2    1    0      1202
   54    1    8    8    1    3    2    1    0      1499
   54    1    8    9    1   31    2    2    1      1561
   54    1    8   10    1   12    2    1    0      4332
   54    1    8   11    1   26    2    1    0      1848
   54    1    8   12    1    9    1    2    0      1799
   54    1    8   13    1   19    1    2    0      7432
   54    1    8   14    1    2    1    1    1      1944
   54    1    9    1    1    9    1    1    1      3324
   54    1    9    2    1   26    2    2    1      2088
   54    1    9    3    1   25    2    1    0      2022
   54    1    9    4    1    7    2    2    1      2207
   54    1    9    5    1   19    1    1    1      3608
   54    1    9    6    1   21    1    2    0      2362
   54    1    9    7    1   31    2    2    1      2549
   54    1    9    8    1    6    1    1    1      4560
   54    1    9    9    1   28    2    2    1      3467
   54    1    9   10    1   15    2    1    0      2546
   54    1    9   11    1    3    2    1    0      1637
   54    1    9   12    1   12    2    2    1      2413
   54    1    9   13    1    2    1    2    0      1981
   54    1    9   14    1   22    1    1    1      4791
   54    1   10    1    1    2    1    1    1     16283
   54    1   10    2    1   25    2    2    1       689
   54    1   10    3    1    9    1    2    0       503
   54    1   10    4    1   15    2    2    1       189
   54    1   10    5    1   22    1    1    1       679
   54    1   10    6    1   21    1    2    0       909
   54    1   10    7    1   19    1    2    0      1987
   54    1   10    8    1    3    2    2    1      6300
   54    1   10    9    1   31    2    1    0     12482
   54    1   10   10    1    6    1    2    0      2120
   54    1   10   11    1   28    2    2    1       541
   54    1   10   12    1   12    2    2    1      1513
   54    1   10   13    1   26    2    1    0       781
   54    1   10   14    1    7    2    1    0       759
   54    2    1    1    1   15    2    1    0      7042
   54    2    1    2    1   15    2    2    1      2679
   54    2    1    3    2   14    0    2    9      2030
   54    2    1    4    1    7    2    1    0      3902
   54    2    1    5    2   14    0    1    9      1492
   54    2    1    6    2   14    0    2    9      2874
   54    2    1    7    1    9    1    1    1      2360
   54    2    1    8    2   20    0    1    9      1708
   54    2    1    9    1   31    2    2    1      1897
   54    2    1   10    1    3    2    1    0      2590
   54    2    1   11    1   28    2    2    1      7303
   54    2    1   12    1    2    1    1    1      6389
   54    2    1   13    2   24    0    2    9      6999
   54    2    1   14    2   14    0    1    9      7136
   54    2    1   15    1   25    2    2    1      1540
   54    2    1   16    1   26    2    2    1       968
   54    2    1   17    2   24    0    2    9       755
   54    2    1   18    1    6    1    1    1       902
   54    2    1   19    2   23    0    1    9       404
   54    2    1   20    1   21    1    1    1       741
   54    2    1   21    2   13    0    1    9       921
   54    2    1   22    1    9    1    2    0       869
   54    2    1   23    1   22    1    2    0       772
   54    2    1   24    2   16    0    2    9      1175
   54    2    1   25    1    6    1    1    1       842
   54    2    1   26    2   11    0    1    9       762
   54    2    1   27    2   30    0    1    9       653
   54    2    1   28    2    5    0    1    9       628
   54    2    1   29    2   18    0    1    9       748
   54    2    1   30    2   17    0    1    9       895
   54    2    1   31    1   12    2    2    1       381
   54    2    1   32    1   26    2    2    1       591
   54    2    1   33    2   10    0    2    9       921
   54    2    1   34    1   25    2    1    0      1110
   54    2    1   35    1   21    1    2    0      1003
   54    2    1   36    1    7    2    2    1       596
   54    2    1   37    1   12    2    2    1       494
   54    2    1   38    2    1    0    2    9       571
   54    2    1   39    1   28    2    1    0       470
   54    2    1   40    2   27    0    1    9       421
   54    2    1   41    2    8    0    1    9       358
   54    2    1   42    2   29    0    1    9       505
   54    2    1   43    1   22    1    1    1       470
   54    2    1   44    2    4    0    2    9       597
   54    2    1   45    2   24    0    1    9       462
   54    2    1   46    1   19    1    1    1       509
   54    2    1   47    1   31    2    2    1       667
   54    2    1   48    1    3    2    2    1       337
   54    2    1   49    2   24    0    1    9       501
   54    2    1   50    2   32    0    2    9       418
   54    2    1   51    1    2    1    1    1       451
   54    2    1   52    1   19    1    1    1       418
   54    2    2    1    2    1    0    1    9       514
   54    2    2    2    2   32    0    2    9       591
   54    2    2    3    1    7    2    1    0       537
   54    2    2    4    1    6    1    1    1       693
   54    2    2    5    1   31    2    1    0       747
   54    2    2    6    1    7    2    2    1       590
   54    2    2    7    2   16    0    2    9       664
   54    2    2    8    1   31    2    1    0       943
   54    2    2    9    2   10    0    2    9       554
   54    2    2   10    1   28    2    1    0       998
   54    2    2   11    1   28    2    2    1       751
   54    2    2   12    2   30    0    2    9      1027
   54    2    2   13    1   22    1    1    1      1323
   54    2    2   14    1   15    2    2    1       824
   54    2    2   15    1   15    2    1    0       744
   54    2    2   16    1   19    1    1    1       428
   54    2    2   17    2   14    0    1    9       285
   54    2    2   18    1    6    1    2    0       659
   54    2    2   19    2   14    0    1    9       490
   54    2    2   20    1    2    1    1    1       440
   54    2    2   21    2   11    0    1    9       296
   54    2    2   22    1    3    2    2    1       333
   54    2    2   23    2   23    0    2    9       609
   54    2    2   24    1   12    2    1    0       379
   54    2    2   25    2   27    0    2    9       333
   54    2    2   26    2   13    0    1    9       433
   54    2    2   27    1   12    2    1    0       897
   54    2    2   28    2   24    0    2    9       414
   54    2    2   29    1   25    2    2    1       287
   54    2    2   30    1    9    1    2    0       437
   54    2    2   31    2    8    0    1    9       277
   54    2    2   32    1    3    2    2    1       556
   54    2    2   33    2   24    0    1    9       343
   54    2    2   34    2   24    0    2    9       235
   54    2    2   35    1    2    1    2    0       305
   54    2    2   36    2    4    0    1    9       216
   54    2    2   37    1   26    2    2    1       273
   54    2    2   38    1   26    2    1    0       407
   54    2    2   39    2   20    0    2    9       232
   54    2    2   40    1   22    1    2    0       656
   54    2    2   41    1   21    1    1    1       568
   54    2    2   42    2   14    0    1    9       786
   54    2    2   43    2   18    0    2    9       629
   54    2    2   44    1   19    1    1    1       589
   54    2    2   45    2   17    0    2    9       614
   54    2    2   46    1   21    1    1    1       656
   54    2    2   47    2   29    0    2    9       679
   54    2    2   48    2    5    0    2    9       526
   54    2    2   49    1   25    2    2    1       698
   54    2    2   50    2   14    0    2    9       608
   54    2    2   51    1    9    1    1    1       489
   54    2    2   52    2   24    0    1    9      1047
