   43    1    1    1    1    7    2    1    0      4191
   43    1    1    2    1    9    1    2    0      1540
   43    1    1    3    1   31    4    3    0      7759
   43    1    1    4    1    3    2    4    0      1474
   43    1    1    5    1   12    2    4    0      2623
   43    1    1    6    1   19    3    1    0      1326
   43    1    1    7    1   25    4    4    1      1171
   43    1    1    8    1   22    3    3    1      2181
   43    1    1    9    1   28    4    4    1      1934
   43    1    1   10    1    2    1    2    0      1458
   43    1    1   11    1   26    4    4    1       912
   43    1    1   12    1   21    3    1    0      5084
   43    1    1   13    1   15    2    4    0      1242
   43    1    1   14    1    6    1    2    0      2657
   43    1    2    1    1   26    4    4    1      1345
   43    1    2    2    1    6    1    3    0       701
   43    1    2    3    1   15    2    3    0      1545
   43    1    2    4    1   28    4    4    1      1844
   43    1    2    5    1   21    3    2    0      1356
   43    1    2    6    1   12    2    4    0      1359
   43    1    2    7    1    7    2    2    1      2963
   43    1    2    8    1   19    3    2    0       860
   43    1    2    9    1   31    4    4    1       692
   43    1    2   10    1    2    1    2    0       858
   43    1    2   11    1   25    4    4    1       784
   43    1    2   12    1    3    2    2    1      2417
   43    1    2   13    1    9    1    4    0       898
   43    1    2   14    1   22    3    3    1       853
   43    1    3    1    1   21    3    3    1      1380
   43    1    3    2    1   25    4    4    1       381
   43    1    3    3    1    3    2    1    0       478
   43    1    3    4    1    9    1    4    0       676
   43    1    3    5    1   15    2    3    0      1683
   43    1    3    6    1   12    2    3    0       825
   43    1    3    7    1   26    4    4    1       994
   43    1    3    8    1   19    3    2    0      1020
   43    1    3    9    1   31    4    2    0      1340
   43    1    3   10    1   22    3    3    1      1247
   43    1    3   11    1    7    2    2    1      1343
   43    1    3   12    1    6    1    4    0       984
   43    1    3   13    1   28    4    4    1       683
   43    1    3   14    1    2    1    1    1       992
   43    1    4    1    1   19    3    1    0       870
   43    1    4    2    1   26    4    4    1       763
   43    1    4    3    1   28    4    4    1       559
   43    1    4    4    1   15    2    4    0       697
   43    1    4    5    1    7    2    1    0      1111
   43    1    4    6    1   21    3    2    0      1172
   43    1    4    7    1   25    4    4    1      1084
   43    1    4    8    1   12    2    4    0      1043
   43    1    4    9    1   31    4    4    1       787
   43    1    4   10    1    6    1    2    0       772
   43    1    4   11    1    3    2    1    0       814
   43    1    4   12    1    2    1    1    1       822
   43    1    4   13    1   22    3    3    1       888
   43    1    4   14    1    9    1    4    0       676
   43    1    5    1    1    6    1    3    0     15587
   43    1    5    2    1   21    3    2    0      1836
   43    1    5    3    1   19    3    4    0      1020
   43    1    5    4    1    2    1    3    0       827
   43    1    5    5    1   26    4    1    0       276
   43    1    5    6    1   28    4    4    1       305
   43    1    5    7    1   31    4    4    1      1383
   43    1    5    8    1   22    3    2    0      1953
   43    1    5    9    1   25    4    4    1       764
   43    1    5   10    1    7    2    3    0      1566
   43    1    5   11    1   15    2    4    0       727
   43    1    5   12    1   12    2    1    0      1028
   43    1    5   13    1    3    2    1    0      1972
   43    1    5   14    1    9    1    4    0      1053
   43    1    6    1    1   12    2    4    0      1058
   43    1    6    2    1   21    3    1    0      2000
   43    1    6    3    1   31    4    3    0       378
   43    1    6    4    1    7    2    3    0      1396
   43    1    6    5    1   28    4    3    0      1445
   43    1    6    6    1    6    1    2    0      2276
   43    1    6    7    1   25    4    4    1       771
   43    1    6    8    1   19    3    1    0      1172
   43    1    6    9    1   22    3    3    1     17646
   43    1    6   10    1    2    1    3    0      1292
   43    1    6   11    1   26    4    4    1      1058
   43    1    6   12    1    9    1    1    1      1241
   43    1    6   13    1    3    2    3    0      1818
   43    1    6   14    1   15    2    4    0       874
   43    1    7    1    1    3    2    2    1      2148
   43    1    7    2    1   28    4    4    1      1262
   43    1    7    3    1    9    1    3    0      2637
   43    1    7    4    1   19    3    2    0      2396
   43    1    7    5    1    6    1    3    0      1797
   43    1    7    6    1    2    1    2    0      1109
   43    1    7    7    1   22    3    3    1      1698
   43    1    7    8    1   15    2    4    0       496
   43    1    7    9    1   21    3    1    0      1316
   43    1    7   10    1   12    2    2    1      1962
   43    1    7   11    1   25    4    3    0      1804
   43    1    7   12    1    7    2    3    0      1181
   43    1    7   13    1   31    4    4    1      2038
   43    1    7   14    1   26    4    2    0      1445
   43    1    8    1    1    6    1    3    0       658
   43    1    8    2    1    3    2    2    1      1857
   43    1    8    3    1   26    4    4    1       920
   43    1    8    4    1   19    3    3    1      1284
   43    1    8    5    1   15    2    2    1      2529
   43    1    8    6    1   21    3    3    1      1372
   43    1    8    7    1   25    4    3    0       999
   43    1    8    8    1    2    1    1    1      2664
   43    1    8    9    1   12    2    3    0      1357
   43    1    8   10    1    7    2    3    0      2017
   43    1    8   11    1   31    4    4    1       793
   43    1    8   12    1    9    1    1    1      1322
   43    1    8   13    1   28    4    2    0      1815
   43    1    8   14    1   22    3    2    0      1351
   43    1    9    1    1    9    1    1    1      7306
   43    1    9    2    1    6    1    3    0      1654
   43    1    9    3    1    2    1    2    0      1278
   43    1    9    4    1   21    3    2    0      1811
   43    1    9    5    1   15    2    4    0       901
   43    1    9    6    1   31    4    4    1       826
   43    1    9    7    1   22    3    3    1      1049
   43    1    9    8    1   26    4    4    1      1296
   43    1    9    9    1    7    2    2    1      1198
   43    1    9   10    1   28    4    2    0      1312
   43    1    9   11    1   25    4    1    0       996
   43    1    9   12    1    3    2    2    1      4165
   43    1    9   13    1   12    2    4    0      1231
   43    1    9   14    1   19    3    1    0       919
   43    1   10    1    1   31    4    4    1      1335
   43    1   10    2    1    7    2    2    1      1202
   43    1   10    3    1   26    4    4    1      1170
   43    1   10    4    1    9    1    4    0      3157
   43    1   10    5    1   12    2    2    1      2096
   43    1   10    6    1   25    4    4    1      1484
   43    1   10    7    1   22    3    3    1      1683
   43    1   10    8    1    3    2    2    1      1392
   43    1   10    9    1   21    3    3    1      3000
   43    1   10   10    1    2    1    1    1      1666
   43    1   10   11    1   15    2    4    0      1345
   43    1   10   12    1    6    1    2    0      2692
   43    1   10   13    1   28    4    4    1       897
   43    1   10   14    1   19    3    3    1      2607
   43    2    1    1    2   20    0    3    9      4626
   43    2    1    2    1    3    2    2    1      1544
   43    2    1    3    1    7    2    2    1      2396
   43    2    1    4    2   18    0    3    9      1517
   43    2    1    5    2   14    0    2    9      2049
   43    2    1    6    2   14    0    4    9      1471
   43    2    1    7    1   28    4    4    1      1525
   43    2    1    8    1   15    2    4    0      4473
   43    2    1    9    1   31    4    4    1      1191
   43    2    1   10    2    4    0    2    9      4489
   43    2    1   11    1   26    4    3    0      1510
   43    2    1   12    2   10    0    4    9      1851
   43    2    1   13    2   14    0    4    9      1105
   43    2    1   14    1    6    1    1    1      1878
   43    2    1   15    1   22    3    1    0      1819
   43    2    1   16    2   32    0    4    9      2004
   43    2    1   17    1    2    1    2    0      2085
   43    2    1   18    2   23    0    3    9      8755
   43    2    1   19    1    9    1    2    0      5670
   43    2    1   20    1   28    4    4    1      5156
   43    2    1   21    2    5    0    1    9      1367
   43    2    1   22    2   24    0    3    9      1826
   43    2    1   23    1   25    4    4    1      1626
   43    2    1   24    2   27    0    2    9      1722
   43    2    1   25    1   25    4    4    1      3111
   43    2    1   26    2   16    0    4    9      1595
   43    2    1   27    1   22    3    3    1      1421
   43    2    1   28    2    8    0    2    9      1429
   43    2    1   29    1   19    3    2    0      1533
   43    2    1   30    1    9    1    2    0      2288
   43    2    1   31    1    3    2    3    0      2197
   43    2    1   32    2    1    0    1    9      1182
   43    2    1   33    1    2    1    2    0      1775
   43    2    1   34    2   24    0    2    9      2313
   43    2    1   35    1   21    3    1    0      1613
   43    2    1   36    2   24    0    4    9      1149
   43    2    1   37    1   12    2    4    0      1232
   43    2    1   38    1    7    2    3    0      1536
   43    2    1   39    2   17    0    1    9      1092
   43    2    1   40    1   15    2    4    0      1417
   43    2    1   41    1   31    4    2    0      1266
   43    2    1   42    1   26    4    4    1      2513
   43    2    1   43    1    6    1    2    0      3069
   43    2    1   44    2   29    0    4    9      1044
   43    2    1   45    2   30    0    2    9      1563
   43    2    1   46    2   24    0    3    9      2461
   43    2    1   47    1   21    3    1    0      1133
   43    2    1   48    2   14    0    4    9      2064
   43    2    1   49    2   13    0    1    9      1838
   43    2    1   50    1   12    2    3    0      1286
   43    2    1   51    1   19    3    3    1      2148
   43    2    1   52    2   11    0    4    9      2191
   43    2    2    1    1   26    4    3    0       520
   43    2    2    2    2   27    0    4    9       981
   43    2    2    3    1    6    1    2    0      1086
   43    2    2    4    2    1    0    1    9      1124
   43    2    2    5    2   16    0    4    9      1176
   43    2    2    6    2   11    0    2    9      1113
   43    2    2    7    2   32    0    4    9      1021
   43    2    2    8    1    6    1    2    0      2038
   43    2    2    9    1    2    1    1    1      1253
   43    2    2   10    1   21    3    3    1      1908
   43    2    2   11    2   30    0    4    9      1145
   43    2    2   12    1   15    2    4    0       877
   43    2    2   13    1   25    4    1    0      1323
   43    2    2   14    1   22    3    1    0       967
   43    2    2   15    2   18    0    1    9      1073
   43    2    2   16    1   31    4    4    1      1432
   43    2    2   17    2    5    0    2    9      1296
   43    2    2   18    1    9    1    2    0      1485
   43    2    2   19    2   13    0    1    9      1251
   43    2    2   20    1    7    2    2    1      1778
   43    2    2   21    1    3    2    3    0     24476
   43    2    2   22    1   31    4    4    1      1403
   43    2    2   23    1    3    2    3    0      1172
   43    2    2   24    1   19    3    1    0       695
   43    2    2   25    1   12    2    4    0       349
   43    2    2   26    2   17    0    1    9      2047
   43    2    2   27    2   14    0    3    9      2974
   43    2    2   28    2   24    0    4    9      5560
   43    2    2   29    1   15    2    2    1      1771
   43    2    2   30    1   28    4    4    1      1621
   43    2    2   31    2   14    0    4    9     24964
   43    2    2   32    1   22    3    2    0      1104
   43    2    2   33    1   21    3    2    0       389
   43    2    2   34    1    9    1    4    0       359
   43    2    2   35    1   12    2    1    0       937
   43    2    2   36    2   20    0    1    9       133
   43    2    2   37    2   10    0    2    9     22047
   43    2    2   38    2    4    0    3    9      1631
   43    2    2   39    1   25    4    1    0      1519
   43    2    2   40    2   23    0    3    9      1347
   43    2    2   41    2   14    0    4    9      1854
   43    2    2   42    2   24    0    2    9      4901
   43    2    2   43    2   14    0    3    9       914
   43    2    2   44    1    7    2    2    1      1167
   43    2    2   45    2   24    0    2    9      2273
   43    2    2   46    2   24    0    2    9      1160
   43    2    2   47    2    8    0    3    9      1307
   43    2    2   48    1   19    3    1    0      1256
   43    2    2   49    1    2    1    2    0      1912
   43    2    2   50    1   26    4    4    1      2077
   43    2    2   51    1   28    4    4    1      1771
   43    2    2   52    2   29    0    1    9      1429
