   58    1    1    1    1   21    3    1    0      5838
   58    1    1    2    1   12    2    1    0      3450
   58    1    1    3    1    2    1    1    1      4994
   58    1    1    4    1    6    1    1    1      2188
   58    1    1    5    1    7    2    3    0      2606
   58    1    1    6    1   28    4    2    0      5071
   58    1    1    7    1   15    2    3    0      3222
   58    1    1    8    1    3    2    2    1      1287
   58    1    1    9    1   31    4    2    0      2149
   58    1    1   10    1   22    3    1    0      3648
   58    1    1   11    1   19    3    3    1      5151
   58    1    1   12    1   25    4    1    0      4139
   58    1    1   13    1    9    1    4    0      1431
   58    1    1   14    1   26    4    4    1      1271
   58    1    2    1    1   15    2    4    0      5613
   58    1    2    2    1   28    4    4    1      1775
   58    1    2    3    1    9    1    1    1      1841
   58    1    2    4    1   21    3    1    0      1193
   58    1    2    5    1    3    2    3    0      3259
   58    1    2    6    1   26    4    2    0      2594
   58    1    2    7    1   12    2    4    0      2972
   58    1    2    8    1    2    1    2    0      1719
   58    1    2    9    1   31    4    3    0      6443
   58    1    2   10    1    7    2    3    0      3028
   58    1    2   11    1    6    1    2    0      2461
   58    1    2   12    1   22    3    1    0      1324
   58    1    2   13    1   19    3    2    0      6704
   58    1    2   14    1   25    4    4    1      2350
   58    1    3    1    1   25    4    4    1      3851
   58    1    3    2    1    9    1    3    0      2442
   58    1    3    3    1   26    4    4    1      2266
   58    1    3    4    1    6    1    2    0      2657
   58    1    3    5    1    7    2    2    1      4000
   58    1    3    6    1   31    4    3    0      1762
   58    1    3    7    1   19    3    3    1      4677
   58    1    3    8    1    2    1    1    1      4612
   58    1    3    9    1    3    2    3    0      2125
   58    1    3   10    1   15    2    4    0      1514
   58    1    3   11    1   22    3    1    0      3662
   58    1    3   12    1   12    2    3    0      2630
   58    1    3   13    1   21    3    1    0      3294
   58    1    3   14    1   28    4    4    1      5596
   58    1    4    1    1    6    1    1    1      2553
   58    1    4    2    1   28    4    4    1      2789
   58    1    4    3    1   19    3    2    0      3671
   58    1    4    4    1   26    4    1    0      4278
   58    1    4    5    1    9    1    1    1      2405
   58    1    4    6    1   12    2    3    0      4150
   58    1    4    7    1   31    4    3    0      1249
   58    1    4    8    1    2    1    2    0      2272
   58    1    4    9    1    7    2    2    1      2055
   58    1    4   10    1   25    4    1    0      1270
   58    1    4   11    1    3    2    2    1      4309
   58    1    4   12    1   22    3    1    0      1954
   58    1    4   13    1   21    3    1    0       861
   58    1    4   14    1   15    2    3    0      2844
   58    1    5    1    1    6    1    2    0      3171
   58    1    5    2    1   19    3    2    0      4181
   58    1    5    3    1   21    3    3    1      2552
   58    1    5    4    1   28    4    4    1      3291
   58    1    5    5    1   15    2    2    1      3569
   58    1    5    6    1   22    3    3    1      2587
   58    1    5    7    1   31    4    4    1      1669
   58    1    5    8    1   26    4    3    0      1300
   58    1    5    9    1    2    1    1    1      6249
   58    1    5   10    1    9    1    2    0      1601
   58    1    5   11    1    7    2    2    1      1458
   58    1    5   12    1   25    4    3    0      3793
   58    1    5   13    1    3    2    2    1      7387
   58    1    5   14    1   12    2    2    1      1974
   58    1    6    1    1   31    4    4    1      3563
   58    1    6    2    1    6    1    1    1      4518
   58    1    6    3    1   22    3    4    0      8467
   58    1    6    4    1   19    3    3    1      3906
   58    1    6    5    1    2    1    1    1      2456
   58    1    6    6    1   12    2    2    1      1511
   58    1    6    7    1   28    4    4    1      5356
   58    1    6    8    1    3    2    2    1      3408
   58    1    6    9    1   15    2    1    0      1226
   58    1    6   10    1   25    4    4    1      6354
   58    1    6   11    1    9    1    1    1      2413
   58    1    6   12    1    7    2    2    1      1447
   58    1    6   13    1   26    4    4    1      5686
   58    1    6   14    1   21    3    4    0      1804
   58    1    7    1    1   25    4    1    0      4271
   58    1    7    2    1   31    4    3    0      1982
   58    1    7    3    1   22    3    4    0      1272
   58    1    7    4    1    7    2    2    1      4254
   58    1    7    5    1    6    1    2    0      1238
   58    1    7    6    1   15    2    2    1      2141
   58    1    7    7    1   19    3    3    1      3609
   58    1    7    8    1   28    4    4    1      1411
   58    1    7    9    1   12    2    2    1      2764
   58    1    7   10    1    9    1    1    1      3534
   58    1    7   11    1   26    4    3    0      4834
   58    1    7   12    1   21    3    1    0      3979
   58    1    7   13    1    3    2    2    1      1693
   58    1    7   14    1    2    1    2    0      3475
   58    1    8    1    1    7    2    2    1      4739
   58    1    8    2    1    9    1    1    1       944
   58    1    8    3    1   31    4    4    1      9603
   58    1    8    4    1    6    1    2    0      2173
   58    1    8    5    1   15    2    2    1      1624
   58    1    8    6    1    2    1    1    1      1328
   58    1    8    7    1   25    4    3    0      2293
   58    1    8    8    1    3    2    2    1      1811
   58    1    8    9    1   21    3    4    0      4148
   58    1    8   10    1   22    3    4    0      1127
   58    1    8   11    1   26    4    3    0      2004
   58    1    8   12    1   12    2    2    1     15677
   58    1    8   13    1   19    3    4    0      5933
   58    1    8   14    1   28    4    4    1      4626
   58    1    9    1    1    3    2    2    1      4271
   58    1    9    2    1   26    4    3    0     12198
   58    1    9    3    1    2    1    2    0      6777
   58    1    9    4    1   28    4    4    1      6500
   58    1    9    5    1   21    3    3    1      2378
   58    1    9    6    1   25    4    4    1      2724
   58    1    9    7    1   31    4    4    1      1921
   58    1    9    8    1   19    3    3    1      1333
   58    1    9    9    1    9    1    1    1      4801
   58    1    9   10    1    7    2    2    1      1466
   58    1    9   11    1   15    2    2    1      1817
   58    1    9   12    1   12    2    2    1      1233
   58    1    9   13    1   22    3    3    1      5681
   58    1    9   14    1    6    1    1    1      5007
   58    1   10    1    1   19    3    4    0      3854
   58    1   10    2    1    9    1    1    1      4469
   58    1   10    3    1   15    2    2    1       997
   58    1   10    4    1    7    2    2    1       701
   58    1   10    5    1   28    4    4    1      1402
   58    1   10    6    1    3    2    2    1      2084
   58    1   10    7    1    6    1    1    1      1305
   58    1   10    8    1   21    3    3    1      5286
   58    1   10    9    1    2    1    2    0      2069
   58    1   10   10    1   22    3    4    0      9371
   58    1   10   11    1   26    4    4    1      1151
   58    1   10   12    1   25    4    4    1      1634
   58    1   10   13    1   31    4    4    1      1098
   58    1   10   14    1   12    2    2    1      3167
   58    2    1    1    1    9    1    1    1      4466
   58    2    1    2    2   13    0    1    9       632
   58    2    1    3    2   32    0    4    9      4784
   58    2    1    4    2   23    0    4    9      2274
   58    2    1    5    1   28    4    4    1     13689
   58    2    1    6    1   12    2    2    1      2000
   58    2    1    7    2   18    0    3    9      1609
   58    2    1    8    2   14    0    2    9      3066
   58    2    1    9    1    7    2    2    1      3033
   58    2    1   10    1   19    3    4    0      4473
   58    2    1   11    1   28    4    4    1      1592
   58    2    1   12    2   17    0    3    9      1986
   58    2    1   13    1    6    1    1    1      3236
   58    2    1   14    2    1    0    2    9      1764
   58    2    1   15    1   31    4    4    1      2518
   58    2    1   16    2   24    0    4    9       851
   58    2    1   17    2   27    0    4    9      1322
   58    2    1   18    1    2    1    2    0      9494
   58    2    1   19    2    5    0    2    9      3525
   58    2    1   20    1   15    2    2    1      1473
   58    2    1   21    2    8    0    2    9       752
   58    2    1   22    2   24    0    4    9      2403
   58    2    1   23    2    4    0    2    9      1829
   58    2    1   24    1   26    4    3    0      2269
   58    2    1   25    2   14    0    1    9      5804
   58    2    1   26    1   26    4    4    1      2733
   58    2    1   27    1   22    3    4    0       905
   58    2    1   28    1    3    2    2    1      8694
   58    2    1   29    1    6    1    2    0      1509
   58    2    1   30    1   25    4    3    0      4474
   58    2    1   31    1   21    3    4    0       761
   58    2    1   32    1   12    2    2    1      1852
   58    2    1   33    2   14    0    2    9      4747
   58    2    1   34    2   29    0    3    9      6911
   58    2    1   35    2   10    0    2    9      1741
   58    2    1   36    2   24    0    4    9      3096
   58    2    1   37    1   22    3    3    1      1262
   58    2    1   38    2   20    0    4    9       877
   58    2    1   39    1    7    2    2    1      1356
   58    2    1   40    2   16    0    2    9       991
   58    2    1   41    1   15    2    2    1      2184
   58    2    1   42    2   24    0    4    9      2618
   58    2    1   43    1   31    4    4    1      1195
   58    2    1   44    1   21    3    3    1      1021
   58    2    1   45    1    3    2    2    1      4717
   58    2    1   46    1    9    1    1    1       762
   58    2    1   47    1    2    1    2    0      3100
   58    2    1   48    2   11    0    2    9       899
   58    2    1   49    2   14    0    1    9       896
   58    2    1   50    1   25    4    3    0      2445
   58    2    1   51    2   30    0    3    9       725
   58    2    1   52    1   19    3    4    0       641
   58    2    2    1    1   26    4    4    1      1169
   58    2    2    2    2   27    0    4    9      1219
   58    2    2    3    1    7    2    2    1      1388
   58    2    2    4    1   26    4    4    1      3485
   58    2    2    5    2   30    0    2    9      3044
   58    2    2    6    1   28    4    2    0       907
   58    2    2    7    1    2    1    1    1      2824
   58    2    2    8    1    6    1    2    0      1441
   58    2    2    9    2   11    0    2    9       985
   58    2    2   10    1    9    1    1    1      6074
   58    2    2   11    2   14    0    2    9       697
   58    2    2   12    2   29    0    3    9      1719
   58    2    2   13    2   24    0    4    9       635
   58    2    2   14    1    2    1    2    0      1283
   58    2    2   15    1    9    1    1    1       817
   58    2    2   16    1   25    4    3    0      2033
   58    2    2   17    1    6    1    1    1      2417
   58    2    2   18    2   24    0    4    9      2569
   58    2    2   19    2   14    0    2    9      3572
   58    2    2   20    1   25    4    4    1      2247
   58    2    2   21    2   17    0    4    9      1174
   58    2    2   22    2   24    0    4    9      1025
   58    2    2   23    1   19    3    4    0      1129
   58    2    2   24    1   21    3    4    0      1261
   58    2    2   25    1    3    2    2    1      3252
   58    2    2   26    2   13    0    1    9       980
   58    2    2   27    1    7    2    2    1       742
   58    2    2   28    1   31    4    4    1      2754
   58    2    2   29    2    4    0    2    9      2765
   58    2    2   30    2    8    0    2    9      1040
   58    2    2   31    2   23    0    3    9      3583
   58    2    2   32    2   24    0    4    9      1009
   58    2    2   33    1   31    4    4    1      1706
   58    2    2   34    1   12    2    2    1      2431
   58    2    2   35    2   14    0    1    9      1639
   58    2    2   36    1   21    3    4    0      1927
   58    2    2   37    2   10    0    2    9      3459
   58    2    2   38    1   22    3    3    1      1899
   58    2    2   39    1    3    2    2    1      2576
   58    2    2   40    2    5    0    1    9      2274
   58    2    2   41    2    1    0    1    9       569
   58    2    2   42    1   22    3    3    1      2731
   58    2    2   43    1   15    2    2    1     10511
   58    2    2   44    1   19    3    3    1      2877
   58    2    2   45    2   14    0    2    9      3236
   58    2    2   46    2   16    0    2    9       588
   58    2    2   47    2   20    0    3    9      3045
   58    2    2   48    1   12    2    2    1      3541
   58    2    2   49    2   32    0    3    9      1434
   58    2    2   50    1   28    4    3    0       729
   58    2    2   51    2   18    0    4    9      3093
   58    2    2   52    1   15    2    2    1      1667
