   28    1    1    1    1    6    1    2    0      3624
   28    1    1    2    1   28    4    4    1      4468
   28    1    1    3    1   22    3    2    0      1258
   28    1    1    4    1   12    2    4    0      1064
   28    1    1    5    1   15    2    2    1      1878
   28    1    1    6    1   26    4    4    1      1404
   28    1    1    7    1    3    2    2    1       949
   28    1    1    8    1   21    3    4    0      2168
   28    1    1    9    1   31    4    1    0      2938
   28    1    1   10    1   19    3    3    1      1614
   28    1    1   11    1    9    1    2    0      1366
   28    1    1   12    1   25    4    4    1      1952
   28    1    1   13    1    2    1    2    0       979
   28    1    1   14    1    7    2    2    1      1277
   28    1    2    1    1    3    2    1    0      1615
   28    1    2    2    1   25    4    3    0      1079
   28    1    2    3    1   12    2    1    0       869
   28    1    2    4    1   28    4    4    1       779
   28    1    2    5    1    9    1    2    0       573
   28    1    2    6    1   19    3    4    0      1447
   28    1    2    7    1    2    1    1    1       591
   28    1    2    8    1    6    1    1    1       736
   28    1    2    9    1    7    2    2    1       707
   28    1    2   10    1   26    4    3    0      1952
   28    1    2   11    1   21    3    3    1       667
   28    1    2   12    1   31    4    4    1       545
   28    1    2   13    1   15    2    2    1      1412
   28    1    2   14    1   22    3    4    0      1677
   28    1    3    1    1    6    1    1    1      7253
   28    1    3    2    1   15    2    2    1       812
   28    1    3    3    1   21    3    3    1      1101
   28    1    3    4    1    9    1    1    1      1761
   28    1    3    5    1   28    4    4    1       852
   28    1    3    6    1    7    2    2    1      1155
   28    1    3    7    1   26    4    3    0      3190
   28    1    3    8    1    3    2    2    1       807
   28    1    3    9    1   25    4    3    0      1175
   28    1    3   10    1   31    4    4    1      1138
   28    1    3   11    1   19    3    3    1       549
   28    1    3   12    1    2    1    2    0       784
   28    1    3   13    1   12    2    2    1       522
   28    1    3   14    1   22    3    3    1      2374
   28    1    4    1    1   19    3    3    1      3691
   28    1    4    2    1    3    2    2    1      1072
   28    1    4    3    1    2    1    1    1       709
   28    1    4    4    1   25    4    4    1       826
   28    1    4    5    1   26    4    3    0       763
   28    1    4    6    1    6    1    2    0      1270
   28    1    4    7    1   22    3    4    0      5668
   28    1    4    8    1   15    2    2    1      1082
   28    1    4    9    1   28    4    4    1      3871
   28    1    4   10    1   31    4    3    0       853
   28    1    4   11    1    7    2    2    1      2484
   28    1    4   12    1   21    3    3    1      1121
   28    1    4   13    1   12    2    2    1       645
   28    1    4   14    1    9    1    1    1       477
   28    1    5    1    1    9    1    1    1      1072
   28    1    5    2    1    6    1    2    0       358
   28    1    5    3    1   15    2    2    1       681
   28    1    5    4    1   28    4    4    1       887
   28    1    5    5    1   26    4    4    1       804
   28    1    5    6    1    7    2    2    1       693
   28    1    5    7    1   31    4    4    1      1466
   28    1    5    8    1   21    3    3    1       928
   28    1    5    9    1    3    2    2    1      2644
   28    1    5   10    1   12    2    2    1       635
   28    1    5   11    1   25    4    3    0       851
   28    1    5   12    1    2    1    2    0      2897
   28    1    5   13    1   22    3    3    1      1822
   28    1    5   14    1   19    3    4    0       910
   28    1    6    1    1    6    1    2    0      5013
   28    1    6    2    1    3    2    2    1       814
   28    1    6    3    1   15    2    2    1      1214
   28    1    6    4    1   31    4    4    1      1478
   28    1    6    5    1   12    2    2    1       836
   28    1    6    6    1   28    4    4    1       700
   28    1    6    7    1   21    3    1    0      1073
   28    1    6    8    1    2    1    1    1      1343
   28    1    6    9    1    9    1    1    1       634
   28    1    6   10    1   19    3    4    0      2386
   28    1    6   11    1   25    4    4    1      1059
   28    1    6   12    1   22    3    4    0      1010
   28    1    6   13    1   26    4    3    0       658
   28    1    6   14    1    7    2    2    1       985
   28    1    7    1    1    3    2    2    1      2012
   28    1    7    2    1   22    3    3    1       877
   28    1    7    3    1   25    4    4    1       971
   28    1    7    4    1   12    2    2    1       893
   28    1    7    5    1   21    3    4    0     13786
   28    1    7    6    1    9    1    2    0       828
   28    1    7    7    1   26    4    3    0      1260
   28    1    7    8    1    2    1    1    1      2707
   28    1    7    9    1   19    3    3    1      3655
   28    1    7   10    1    7    2    2    1       766
   28    1    7   11    1   28    4    4    1      7959
   28    1    7   12    1   31    4    3    0       874
   28    1    7   13    1   15    2    2    1      1248
   28    1    7   14    1    6    1    1    1      2215
   28    1    8    1    1   21    3    4    0      3487
   28    1    8    2    1   19    3    4    0      1989
   28    1    8    3    1   25    4    3    0      1862
   28    1    8    4    1   31    4    3    0      1253
   28    1    8    5    1    2    1    2    0      1483
   28    1    8    6    1    6    1    1    1       481
   28    1    8    7    1    3    2    2    1      1366
   28    1    8    8    1    9    1    1    1       888
   28    1    8    9    1   28    4    4    1      1381
   28    1    8   10    1   15    2    4    0       838
   28    1    8   11    1    7    2    2    1      1294
   28    1    8   12    1   22    3    3    1      2731
   28    1    8   13    1   12    2    2    1      1134
   28    1    8   14    1   26    4    4    1      1386
   28    1    9    1    1   21    3    3    1      2690
   28    1    9    2    1    7    2    2    1       895
   28    1    9    3    1   15    2    2    1      1173
   28    1    9    4    1   28    4    4    1      1400
   28    1    9    5    1   25    4    4    1      1529
   28    1    9    6    1   22    3    3    1      1556
   28    1    9    7    1   19    3    3    1       751
   28    1    9    8    1    6    1    2    0      1130
   28    1    9    9    1    3    2    2    1       670
   28    1    9   10    1   12    2    2    1       812
   28    1    9   11    1    9    1    1    1       973
   28    1    9   12    1   26    4    4    1      1471
   28    1    9   13    1   31    4    4    1       997
   28    1    9   14    1    2    1    1    1      1654
   28    1   10    1    1   28    4    4    1      1901
   28    1   10    2    1    6    1    1    1      1121
   28    1   10    3    1   19    3    3    1      2909
   28    1   10    4    1   26    4    4    1       754
   28    1   10    5    1   25    4    4    1      1133
   28    1   10    6    1   15    2    2    1      2088
   28    1   10    7    1    3    2    2    1      2501
   28    1   10    8    1    7    2    2    1      1274
   28    1   10    9    1    9    1    1    1      1440
   28    1   10   10    1   21    3    3    1      2711
   28    1   10   11    1   31    4    4    1       556
   28    1   10   12    1    2    1    1    1      2343
   28    1   10   13    1   22    3    3    1      1906
   28    1   10   14    1   12    2    2    1      2175
   28    2    1    1    2    5    0    1    9      3428
   28    2    1    2    2   17    0    3    9      1610
   28    2    1    3    2   10    0    1    9      5939
   28    2    1    4    2   14    0    1    9      1734
   28    2    1    5    1   22    3    3    1      8106
   28    2    1    6    2   23    0    3    9      5910
   28    2    1    7    2   14    0    1    9      4968
   28    2    1    8    1   25    4    4    1       950
   28    2    1    9    1   26    4    4    1      1312
   28    2    1   10    1   22    3    3    1      1317
   28    2    1   11    1   28    4    4    1      1449
   28    2    1   12    2   14    0    2    9      1313
   28    2    1   13    2   32    0    4    9      2661
   28    2    1   14    1   15    2    2    1      2172
   28    2    1   15    2   14    0    1    9      1542
   28    2    1   16    2   16    0    2    9       913
   28    2    1   17    1    9    1    1    1      1854
   28    2    1   18    2   24    0    3    9      1812
   28    2    1   19    1    9    1    1    1      2885
   28    2    1   20    2   30    0    4    9      1114
   28    2    1   21    1   21    3    3    1      1007
   28    2    1   22    1    6    1    1    1      2143
   28    2    1   23    1   12    2    2    1       875
   28    2    1   24    2    4    0    2    9       937
   28    2    1   25    2   24    0    4    9      3052
   28    2    1   26    2    1    0    1    9      1299
   28    2    1   27    1    3    2    2    1      1079
   28    2    1   28    2   24    0    3    9       990
   28    2    1   29    1    2    1    2    0      1663
   28    2    1   30    2   24    0    3    9      3846
   28    2    1   31    2   11    0    2    9      2021
   28    2    1   32    1   19    3    4    0       853
   28    2    1   33    1   15    2    2    1      1612
   28    2    1   34    2   27    0    3    9      1644
   28    2    1   35    1    7    2    1    0      1859
   28    2    1   36    1   12    2    2    1      2418
   28    2    1   37    1   19    3    3    1      1651
   28    2    1   38    2   29    0    4    9       922
   28    2    1   39    2    8    0    2    9       645
   28    2    1   40    2   13    0    1    9      1173
   28    2    1   41    1    2    1    1    1       831
   28    2    1   42    1   31    4    4    1      2894
   28    2    1   43    1   31    4    4    1       643
   28    2    1   44    1   25    4    4    1       835
   28    2    1   45    2   18    0    3    9       778
   28    2    1   46    1   26    4    4    1       572
   28    2    1   47    1    6    1    2    0      1815
   28    2    1   48    1    7    2    1    0       767
   28    2    1   49    1   28    4    4    1      1033
   28    2    1   50    1    3    2    1    0      1024
   28    2    1   51    1   21    3    4    0       833
   28    2    1   52    2   20    0    3    9      1928
   28    2    2    1    2   29    0    3    9      1444
   28    2    2    2    2   14    0    2    9      1980
   28    2    2    3    1   12    2    2    1       806
   28    2    2    4    1    2    1    1    1       733
   28    2    2    5    2   23    0    3    9      1114
   28    2    2    6    2   24    0    2    9      1606
   28    2    2    7    2   14    0    1    9      1911
   28    2    2    8    1   28    4    4    1      2036
   28    2    2    9    2   11    0    2    9       875
   28    2    2   10    1   26    4    4    1      2249
   28    2    2   11    2   24    0    3    9       969
   28    2    2   12    1    3    2    2    1      1586
   28    2    2   13    1   19    3    4    0      1669
   28    2    2   14    1   25    4    4    1       395
   28    2    2   15    2    1    0    1    9      7628
   28    2    2   16    1   22    3    3    1      1221
   28    2    2   17    2   32    0    4    9       549
   28    2    2   18    1    9    1    2    0      1344
   28    2    2   19    1    7    2    2    1       779
   28    2    2   20    2   16    0    2    9       861
   28    2    2   21    1    3    2    3    0      2069
   28    2    2   22    2   14    0    4    9      2267
   28    2    2   23    1    9    1    1    1       609
   28    2    2   24    1   26    4    3    0      1218
   28    2    2   25    1   15    2    1    0       715
   28    2    2   26    2    8    0    2    9       992
   28    2    2   27    2   20    0    3    9      1689
   28    2    2   28    1   12    2    1    0      2007
   28    2    2   29    1   25    4    4    1       807
   28    2    2   30    1    7    2    2    1       800
   28    2    2   31    1    6    1    2    0       729
   28    2    2   32    2   18    0    3    9      1677
   28    2    2   33    2   27    0    4    9       628
   28    2    2   34    1   19    3    3    1      1100
   28    2    2   35    2   17    0    3    9      1193
   28    2    2   36    2    5    0    1    9      1115
   28    2    2   37    1   28    4    3    0      1552
   28    2    2   38    1    6    1    2    0      1059
   28    2    2   39    2   14    0    1    9       802
   28    2    2   40    1   31    4    4    1       739
   28    2    2   41    2   30    0    4    9       838
   28    2    2   42    1    2    1    1    1      2103
   28    2    2   43    2   13    0    4    9      1044
   28    2    2   44    2    4    0    2    9       916
   28    2    2   45    2   24    0    3    9       800
   28    2    2   46    1   21    3    4    0      1161
   28    2    2   47    1   22    3    3    1       708
   28    2    2   48    2   24    0    4    9       961
   28    2    2   49    2   10    0    2    9       852
   28    2    2   50    1   15    2    1    0      1123
   28    2    2   51    1   31    4    4    1       838
   28    2    2   52    1   21    3    3    1      1358
