   52    1    1    1    1   12    2    2    1      8678
   52    1    1    2    1   22    1    1    1      2287
   52    1    1    3    1   21    1    1    1      1268
   52    1    1    4    1   31    2    2    1      1090
   52    1    1    5    1   15    2    2    1      1368
   52    1    1    6    1   26    2    1    0       850
   52    1    1    7    1    2    1    1    1      3528
   52    1    1    8    1   28    2    2    1      1004
   52    1    1    9    1    3    2    1    0      1925
   52    1    1   10    1    6    1    2    0      1153
   52    1    1   11    1    9    1    1    1       762
   52    1    1   12    1   25    2    1    0       637
   52    1    1   13    1    7    2    2    1      4476
   52    1    1   14    1   19    1    1    1      1082
   52    1    2    1    1    2    1    1    1      3579
   52    1    2    2    1    7    2    2    1      1948
   52    1    2    3    1    6    1    1    1      1744
   52    1    2    4    1   15    2    2    1       844
   52    1    2    5    1   25    2    2    1      1707
   52    1    2    6    1   28    2    1    0       823
   52    1    2    7    1    9    1    1    1      1584
   52    1    2    8    1   12    2    2    1      1105
   52    1    2    9    1    3    2    2    1      1174
   52    1    2   10    1   19    1    1    1      2585
   52    1    2   11    1   26    2    2    1      1491
   52    1    2   12    1   31    2    1    0      1592
   52    1    2   13    1   22    1    1    1      1457
   52    1    2   14    1   21    1    2    0      5208
   52    1    3    1    1   12    2    2    1      2591
   52    1    3    2    1   25    2    1    0       713
   52    1    3    3    1   31    2    1    0      2005
   52    1    3    4    1   15    2    2    1       941
   52    1    3    5    1    3    2    2    1      1834
   52    1    3    6    1   19    1    1    1      5873
   52    1    3    7    1   28    2    1    0      2519
   52    1    3    8    1   22    1    2    0      5131
   52    1    3    9    1    2    1    1    1      1799
   52    1    3   10    1    6    1    1    1      3921
   52    1    3   11    1    7    2    2    1      1109
   52    1    3   12    1   21    1    2    0      3065
   52    1    3   13    1   26    2    1    0      1272
   52    1    3   14    1    9    1    1    1      5966
   52    1    4    1    1   19    1    1    1      4755
   52    1    4    2    1    2    1    2    0      1973
   52    1    4    3    1    9    1    1    1      2318
   52    1    4    4    1    6    1    2    0      2516
   52    1    4    5    1    7    2    2    1      1768
   52    1    4    6    1   26    2    2    1      2754
   52    1    4    7    1   15    2    2    1      4132
   52    1    4    8    1    3    2    2    1      1168
   52    1    4    9    1   22    1    2    0      1763
   52    1    4   10    1   21    1    2    0      3269
   52    1    4   11    1   25    2    1    0      1819
   52    1    4   12    1   31    2    2    1      2122
   52    1    4   13    1   28    2    2    1       998
   52    1    4   14    1   12    2    2    1       864
   52    1    5    1    1    2    1    1    1      2394
   52    1    5    2    1   19    1    1    1      2363
   52    1    5    3    1   21    1    1    1      1469
   52    1    5    4    1   31    2    2    1      2101
   52    1    5    5    1   26    2    1    0      1569
   52    1    5    6    1   25    2    2    1      6203
   52    1    5    7    1   15    2    2    1       837
   52    1    5    8    1    9    1    1    1      1588
   52    1    5    9    1    3    2    2    1      1126
   52    1    5   10    1    6    1    1    1      1867
   52    1    5   11    1   28    2    2    1      3104
   52    1    5   12    1    7    2    2    1       790
   52    1    5   13    1   12    2    2    1       680
   52    1    5   14    1   22    1    1    1      3549
   52    1    6    1    1    6    1    1    1      2539
   52    1    6    2    1   26    2    2    1      6678
   52    1    6    3    1   28    2    1    0      1980
   52    1    6    4    1   22    1    1    1      1413
   52    1    6    5    1   25    2    1    0      2109
   52    1    6    6    1   31    2    1    0      3793
   52    1    6    7    1   21    1    2    0      2307
   52    1    6    8    1    7    2    2    1       785
   52    1    6    9    1   12    2    2    1       578
   52    1    6   10    1   19    1    2    0      1452
   52    1    6   11    1    2    1    1    1       843
   52    1    6   12    1    3    2    2    1       875
   52    1    6   13    1    9    1    1    1      1593
   52    1    6   14    1   15    2    2    1      6987
   52    1    7    1    1   31    2    2    1      9001
   52    1    7    2    1    2    1    1    1      1361
   52    1    7    3    1   22    1    1    1      2636
   52    1    7    4    1    6    1    1    1      1685
   52    1    7    5    1    7    2    2    1      1186
   52    1    7    6    1   15    2    2    1      1011
   52    1    7    7    1    9    1    1    1      1516
   52    1    7    8    1   28    2    1    0      3759
   52    1    7    9    1   26    2    2    1      5042
   52    1    7   10    1    3    2    2    1      1083
   52    1    7   11    1   12    2    2    1      2016
   52    1    7   12    1   25    2    1    0      4927
   52    1    7   13    1   21    1    2    0      4836
   52    1    7   14    1   19    1    1    1      3532
   52    1    8    1    1   26    2    2    1     11256
   52    1    8    2    1   19    1    1    1      4087
   52    1    8    3    1    3    2    2    1      1332
   52    1    8    4    1   12    2    2    1      2672
   52    1    8    5    1   31    2    1    0      3015
   52    1    8    6    1   21    1    1    1      1592
   52    1    8    7    1   28    2    2    1      2473
   52    1    8    8    1   25    2    1    0      2839
   52    1    8    9    1   22    1    2    0      5822
   52    1    8   10    1    6    1    1    1      1263
   52    1    8   11    1   15    2    2    1      1244
   52    1    8   12    1    7    2    2    1      1164
   52    1    8   13    1    9    1    1    1      1359
   52    1    8   14    1    2    1    1    1      1450
   52    1    9    1    1    9    1    1    1      1155
   52    1    9    2    1    7    2    2    1       678
   52    1    9    3    1   19    1    2    0     10637
   52    1    9    4    1   12    2    2    1      1100
   52    1    9    5    1   28    2    1    0      3809
   52    1    9    6    1   26    2    2    1      1618
   52    1    9    7    1   21    1    1    1       963
   52    1    9    8    1    3    2    2    1      1390
   52    1    9    9    1   22    1    1    1      1431
   52    1    9   10    1   25    2    2    1      1023
   52    1    9   11    1   31    2    2    1       568
   52    1    9   12    1    2    1    1    1      1250
   52    1    9   13    1   15    2    2    1       960
   52    1    9   14    1    6    1    1    1      1467
   52    1   10    1    1    7    2    2    1       938
   52    1   10    2    1    2    1    1    1      1094
   52    1   10    3    1   15    2    2    1       780
   52    1   10    4    1    6    1    1    1       702
   52    1   10    5    1   31    2    2    1      1987
   52    1   10    6    1    9    1    1    1      1093
   52    1   10    7    1   21    1    1    1      1547
   52    1   10    8    1   26    2    2    1       830
   52    1   10    9    1   28    2    2    1      1549
   52    1   10   10    1   12    2    2    1       944
   52    1   10   11    1    3    2    2    1      1659
   52    1   10   12    1   19    1    1    1      1594
   52    1   10   13    1   25    2    2    1      1389
   52    1   10   14    1   22    1    1    1      2230
   52    2    1    1    2   17    0    1    9      3114
   52    2    1    2    2   30    0    2    9       989
   52    2    1    3    2   20    0    1    9      1126
   52    2    1    4    2   23    0    1    9      1067
   52    2    1    5    1   12    2    2    1      1105
   52    2    1    6    1   15    2    2    1       823
   52    2    1    7    1   21    1    1    1      1318
   52    2    1    8    1    9    1    1    1       979
   52    2    1    9    2   14    0    1    9      4172
   52    2    1   10    1    7    2    2    1      4886
   52    2    1   11    1   22    1    1    1      1380
   52    2    1   12    2    4    0    2    9      1774
   52    2    1   13    1    3    2    2    1      2361
   52    2    1   14    2    5    0    1    9      1676
   52    2    1   15    1    6    1    1    1      1803
   52    2    1   16    1   25    2    2    1      1747
   52    2    1   17    1   22    1    1    1       813
   52    2    1   18    2   24    0    1    9      3230
   52    2    1   19    2   29    0    2    9      8142
   52    2    1   20    2   13    0    1    9      1194
   52    2    1   21    2   14    0    1    9      1898
   52    2    1   22    2   18    0    1    9      2576
   52    2    1   23    2    1    0    1    9      1339
   52    2    1   24    2   27    0    2    9      2774
   52    2    1   25    1   28    2    2    1      1961
   52    2    1   26    2    8    0    2    9      6892
   52    2    1   27    1   15    2    1    0      2522
   52    2    1   28    1    9    1    1    1      4486
   52    2    1   29    1   31    2    2    1      1957
   52    2    1   30    1   19    1    1    1       920
   52    2    1   31    2   14    0    1    9      2371
   52    2    1   32    1   19    1    1    1      5797
   52    2    1   33    1   25    2    2    1      6622
   52    2    1   34    1   31    2    2    1      9575
   52    2    1   35    2   11    0    2    9      4632
   52    2    1   36    1   21    1    1    1      3201
   52    2    1   37    1    2    1    1    1      4657
   52    2    1   38    1   26    2    2    1      2008
   52    2    1   39    2   14    0    1    9      1402
   52    2    1   40    2   16    0    2    9      1730
   52    2    1   41    1    2    1    1    1     13071
   52    2    1   42    1   12    2    2    1      1285
   52    2    1   43    1    3    2    2    1      1266
   52    2    1   44    1    7    2    2    1      1313
   52    2    1   45    1   26    2    2    1      9853
   52    2    1   46    2   32    0    1    9      3492
   52    2    1   47    2   24    0    1    9      3146
   52    2    1   48    2   24    0    2    9      1902
   52    2    1   49    1   28    2    2    1      2354
   52    2    1   50    2   24    0    1    9      8965
   52    2    1   51    2   10    0    2    9      1151
   52    2    1   52    1    6    1    1    1      2257
   52    2    2    1    1   21    1    1    1      1304
   52    2    2    2    1   25    2    2    1      1844
   52    2    2    3    1   19    1    1    1      4493
   52    2    2    4    1    6    1    1    1      1273
   52    2    2    5    1   28    2    2    1      1288
   52    2    2    6    1    7    2    1    0      2454
   52    2    2    7    1   12    2    2    1      1510
   52    2    2    8    2   20    0    1    9      1210
   52    2    2    9    1    9    1    1    1      3994
   52    2    2   10    2   10    0    1    9      3389
   52    2    2   11    2   23    0    1    9      3941
   52    2    2   12    2   14    0    1    9      1417
   52    2    2   13    2   16    0    2    9      1490
   52    2    2   14    2   29    0    2    9      9976
   52    2    2   15    2   27    0    2    9      2283
   52    2    2   16    1   26    2    2    1      4656
   52    2    2   17    1   19    1    1    1      4471
   52    2    2   18    1    9    1    1    1      2390
   52    2    2   19    2    1    0    1    9      2807
   52    2    2   20    1   25    2    2    1     10200
   52    2    2   21    2    5    0    1    9      1633
   52    2    2   22    1    3    2    2    1      1345
   52    2    2   23    2    8    0    2    9      2492
   52    2    2   24    2   11    0    2    9      1161
   52    2    2   25    1    7    2    2    1      1980
   52    2    2   26    2    4    0    2    9      2269
   52    2    2   27    1    6    1    1    1      1956
   52    2    2   28    1   15    2    2    1      5174
   52    2    2   29    1    2    1    1    1      2328
   52    2    2   30    1   31    2    2    1      1404
   52    2    2   31    2   14    0    1    9      1254
   52    2    2   32    2   14    0    1    9       996
   52    2    2   33    2   18    0    1    9      6302
   52    2    2   34    2   17    0    1    9       882
   52    2    2   35    1   22    1    1    1       719
   52    2    2   36    1    3    2    2    1      1188
   52    2    2   37    2   14    0    1    9       902
   52    2    2   38    2   32    0    2    9      1523
   52    2    2   39    2   13    0    1    9      5079
   52    2    2   40    2   30    0    2    9      4668
   52    2    2   41    1   22    1    1    1      1394
   52    2    2   42    1   31    2    2    1      2987
   52    2    2   43    1   12    2    2    1      6181
   52    2    2   44    1   26    2    2    1      1727
   52    2    2   45    1   15    2    2    1      1212
   52    2    2   46    2   24    0    1    9      2684
   52    2    2   47    2   24    0    1    9       947
   52    2    2   48    1   21    1    1    1       558
   52    2    2   49    1    2    1    1    1      1145
   52    2    2   50    2   24    0    1    9      1500
   52    2    2   51    2   24    0    1    9      2401
   52    2    2   52    1   28    2    2    1      5683
