    6    1    1    1    1   31    4    3    0     18156
    6    1    1    2    1   25    4    2    0      6517
    6    1    1    3    1   22    3    2    0      8170
    6    1    1    4    1   19    3    1    0      4813
    6    1    1    5    1   10    2    1    0      7558
    6    1    1    6    1    9    2    1    0      3250
    6    1    1    7    1   26    4    4    1      6194
    6    1    1    8    1    5    1    2    0      3844
    6    1    1    9    1    3    1    2    0      2812
    6    1    1   10    1    6    1    2    0      3350
    6    1    1   11    1   12    2    1    0      6265
    6    1    1   12    1   28    4    4    1      4216
    6    1    1   13    1   15    2    2    1      5617
    6    1    1   14    1   21    3    3    1      6394
    6    1    2    1    1   25    4    3    0      3798
    6    1    2    2    1   10    2    2    1      6959
    6    1    2    3    1    6    1    1    1      3379
    6    1    2    4    1   12    2    2    1      3262
    6    1    2    5    1   21    3    3    1      5757
    6    1    2    6    1   19    3    4    0      2417
    6    1    2    7    1   31    4    4    1      1914
    6    1    2    8    1   28    4    4    1      1822
    6    1    2    9    1    5    1    1    1      3375
    6    1    2   10    1   15    2    2    1      2385
    6    1    2   11    1    9    2    2    1      1723
    6    1    2   12    1   22    3    3    1      3448
    6    1    2   13    1    3    1    2    0      7079
    6    1    2   14    1   26    4    3    0     10270
    6    1    3    1    1   31    4    4    1      1929
    6    1    3    2    1   19    3    3    1      1534
    6    1    3    3    1    9    2    1    0      2377
    6    1    3    4    1   25    4    4    1      2708
    6    1    3    5    1    5    1    1    1      2305
    6    1    3    6    1   26    4    4    1      5246
    6    1    3    7    1   10    2    2    1      1870
    6    1    3    8    1    3    1    1    1      1685
    6    1    3    9    1   22    3    3    1      3714
    6    1    3   10    1   21    3    3    1      1151
    6    1    3   11    1    6    1    1    1      4378
    6    1    3   12    1   12    2    2    1      2093
    6    1    3   13    1   28    4    4    1      1683
    6    1    3   14    1   15    2    2    1      1680
    6    1    4    1    1   26    4    3    0      3067
    6    1    4    2    1   19    3    3    1      1354
    6    1    4    3    1   15    2    2    1      1461
    6    1    4    4    1   21    3    3    1      1924
    6    1    4    5    1   22    3    3    1       681
    6    1    4    6    1   25    4    4    1       742
    6    1    4    7    1   12    2    2    1      1890
    6    1    4    8    1    9    2    2    1      1528
    6    1    4    9    1   28    4    4    1      3100
    6    1    4   10    1    3    1    1    1      1297
    6    1    4   11    1    6    1    1    1      1335
    6    1    4   12    1   10    2    2    1       954
    6    1    4   13    1   31    4    4    1      1277
    6    1    4   14    1    5    1    1    1      2163
    6    1    5    1    1   15    2    2    1      2045
    6    1    5    2    1   25    4    4    1      1893
    6    1    5    3    1   21    3    3    1       947
    6    1    5    4    1    3    1    1    1      1198
    6    1    5    5    1   19    3    3    1      1511
    6    1    5    6    1   10    2    2    1      1508
    6    1    5    7    1    9    2    2    1      1097
    6    1    5    8    1   12    2    2    1      1222
    6    1    5    9    1   26    4    4    1      1399
    6    1    5   10    1    6    1    1    1      2983
    6    1    5   11    1    5    1    1    1       729
    6    1    5   12    1   22    3    3    1      1462
    6    1    5   13    1   31    4    4    1       933
    6    1    5   14    1   28    4    4    1       977
    6    1    6    1    1   12    2    3    0      2266
    6    1    6    2    1   31    4    4    1      1953
    6    1    6    3    1   19    3    3    1      2100
    6    1    6    4    1    9    2    2    1      6353
    6    1    6    5    1   10    2    2    1       501
    6    1    6    6    1   21    3    3    1      1737
    6    1    6    7    1   26    4    4    1      1158
    6    1    6    8    1   25    4    4    1       656
    6    1    6    9    1   22    3    3    1       703
    6    1    6   10    1    6    1    1    1      2244
    6    1    6   11    1   28    4    4    1      1820
    6    1    6   12    1    5    1    1    1      2269
    6    1    6   13    1   15    2    2    1       723
    6    1    6   14    1    3    1    1    1       799
    6    1    7    1    1   21    3    3    1      1735
    6    1    7    2    1   26    4    4    1       691
    6    1    7    3    1    3    1    1    1      1392
    6    1    7    4    1    9    2    2    1      1602
    6    1    7    5    1   28    4    4    1      1891
    6    1    7    6    1   10    2    2    1      1329
    6    1    7    7    1   15    2    2    1      1133
    6    1    7    8    1    5    1    1    1      2977
    6    1    7    9    1   25    4    4    1      1460
    6    1    7   10    1   19    3    3    1      1523
    6    1    7   11    1   12    2    2    1      3471
    6    1    7   12    1    6    1    1    1      1014
    6    1    7   13    1   22    3    3    1      1406
    6    1    7   14    1   31    4    4    1      1151
    6    1    8    1    1    5    1    1    1      2401
    6    1    8    2    1   26    4    4    1      3490
    6    1    8    3    1   25    4    4    1       608
    6    1    8    4    1   28    4    4    1       633
    6    1    8    5    1   10    2    2    1      1089
    6    1    8    6    1    9    2    2    1       590
    6    1    8    7    1   21    3    3    1      1280
    6    1    8    8    1   19    3    3    1       709
    6    1    8    9    1    6    1    1    1      1370
    6    1    8   10    1   31    4    4    1      1189
    6    1    8   11    1   22    3    3    1      2175
    6    1    8   12    1   12    2    2    1      1513
    6    1    8   13    1    3    1    1    1       998
    6    1    8   14    1   15    2    2    1      1631
    6    1    9    1    1    3    1    1    1      1353
    6    1    9    2    1   28    4    4    1      2876
    6    1    9    3    1    5    1    1    1      1586
    6    1    9    4    1    6    1    1    1       876
    6    1    9    5    1   26    4    4    1      1235
    6    1    9    6    1   22    3    3    1      1402
    6    1    9    7    1   21    3    3    1       723
    6    1    9    8    1   10    2    2    1      1808
    6    1    9    9    1   12    2    2    1       545
    6    1    9   10    1   31    4    4    1      1012
    6    1    9   11    1   25    4    4    1       989
    6    1    9   12    1   19    3    3    1      1055
    6    1    9   13    1    9    2    2    1      1294
    6    1    9   14    1   15    2    2    1       676
    6    2    1    1    1   31    4    4    1      3156
    6    2    1    2    1   25    4    4    1      1551
    6    2    1    3    1   21    3    3    1      2314
    6    2    1    4    1    9    2    2    1      2078
    6    2    1    5    1   10    2    2    1       661
    6    2    1    6    1   19    3    3    1      2459
    6    2    1    7    2   29    0    4    9       723
    6    2    1    8    2    8    0    1    9      5431
    6    2    1    9    2    7    0    1    9      4103
    6    2    1   10    2   18    0    3    9      3309
    6    2    1   11    2   27    0    4    9      2650
    6    2    1   12    1   10    2    2    1      7057
    6    2    1   13    2   23    0    3    9      4529
    6    2    1   14    2    8    0    1    9      3798
    6    2    1   15    1   26    4    4    1      3943
    6    2    1   16    2   20    0    3    9       851
    6    2    1   17    2   24    0    3    9      2138
    6    2    1   18    2    8    0    1    9      5734
    6    2    1   19    1   12    2    2    1       610
    6    2    1   20    1   26    4    4    1      1539
    6    2    1   21    2    1    0    1    9      2103
    6    2    1   22    1   22    3    3    1      1668
    6    2    1   23    1   31    4    4    1       675
    6    2    1   24    1   15    2    2    1      1745
    6    2    1   25    2   32    0    4    9      1237
    6    2    1   26    1   21    3    3    1       916
    6    2    1   27    2   24    0    3    9       745
    6    2    1   28    1    5    1    1    1      2476
    6    2    1   29    2   16    0    2    9      2771
    6    2    1   30    2   14    0    2    9      1221
    6    2    1   31    2   17    0    3    9      2118
    6    2    1   32    1    6    1    1    1      2850
    6    2    1   33    2    4    0    1    9      1314
    6    2    1   34    1   22    3    3    1      1390
    6    2    1   35    2    2    0    1    9      4696
    6    2    1   36    1   12    2    2    1      2198
    6    2    1   37    2   30    0    4    9      1287
    6    2    1   38    1   19    3    3    1       741
    6    2    1   39    2   13    0    2    9      1584
    6    2    1   40    1   25    4    4    1      1826
    6    2    1   41    2   24    0    3    9      3938
    6    2    1   42    1    9    2    2    1      1814
    6    2    1   43    2   11    0    2    9       559
    6    2    1   44    1   28    4    4    1      2018
    6    2    1   45    2    8    0    1    9      1434
    6    2    1   46    1    3    1    1    1      2466
    6    2    1   47    1    3    1    1    1      1161
    6    2    1   48    1    6    1    1    1       900
    6    2    1   49    1    5    1    1    1       649
    6    2    1   50    1   28    4    4    1      1592
    6    2    1   51    1   15    2    2    1      1106
    6    2    1   52    2   24    0    3    9      1206
    6    2    2    1    1   19    3    3    1      1343
    6    2    2    2    1   21    3    3    1      1387
    6    2    2    3    1   26    4    4    1       821
    6    2    2    4    2    4    0    1    9      1021
    6    2    2    5    1    9    2    2    1      1190
    6    2    2    6    2    8    0    1    9      2087
    6    2    2    7    2    8    0    1    9       741
    6    2    2    8    1    3    1    1    1      1176
    6    2    2    9    1   22    3    3    1      1443
    6    2    2   10    2   11    0    2    9      1411
    6    2    2   11    2   23    0    3    9      1460
    6    2    2   12    1   10    2    2    1      3563
    6    2    2   13    1   28    4    4    1      1206
    6    2    2   14    1   25    4    4    1       631
    6    2    2   15    2   24    0    3    9       887
    6    2    2   16    2    2    0    1    9      1116
    6    2    2   17    1    6    1    1    1      1377
    6    2    2   18    1   28    4    4    1      1283
    6    2    2   19    1    9    2    2    1      1337
    6    2    2   20    2   24    0    3    9      2540
    6    2    2   21    2   14    0    2    9      2512
    6    2    2   22    2    8    0    1    9      1717
    6    2    2   23    1   22    3    3    1      2170
    6    2    2   24    2    7    0    1    9      1532
    6    2    2   25    1   15    2    2    1       912
    6    2    2   26    1    6    1    1    1       989
    6    2    2   27    1   15    2    2    1       943
    6    2    2   28    1    5    1    1    1       874
    6    2    2   29    1   25    4    4    1      1209
    6    2    2   30    2   13    0    2    9       890
    6    2    2   31    2   18    0    3    9      1200
    6    2    2   32    1   10    2    2    1      1289
    6    2    2   33    2   29    0    4    9      1798
    6    2    2   34    1   31    4    4    1       680
    6    2    2   35    1   31    4    4    1       646
    6    2    2   36    2    1    0    1    9      1141
    6    2    2   37    2   32    0    4    9      1041
    6    2    2   38    2    8    0    1    9      1065
    6    2    2   39    1   19    3    3    1      1343
    6    2    2   40    2   16    0    2    9      3683
    6    2    2   41    1    3    1    1    1      1073
    6    2    2   42    1   21    3    3    1      1215
    6    2    2   43    2   24    0    3    9       647
    6    2    2   44    1    5    1    1    1      1375
    6    2    2   45    1   26    4    4    1      1153
    6    2    2   46    1   12    2    2    1      1756
    6    2    2   47    2   17    0    3    9       967
    6    2    2   48    2   20    0    3    9       713
    6    2    2   49    2   24    0    3    9      1902
    6    2    2   50    1   12    2    2    1      1212
    6    2    2   51    2   30    0    4    9      1085
    6    2    2   52    2   27    0    4    9      2003
