    1    1    1    1    1    6    1    1    1     76893
    1    1    1    2    1   19    3    2    0     22176
    1    1    1    3    1    9    2    1    0      6745
    1    1    1    4    1    5    1    2    0     11744
    1    1    1    5    1   15    2    2    1      2282
    1    1    1    6    1   31    4    3    0      2851
    1    1    1    7    1   26    4    4    1      1478
    1    1    1    8    1   25    4    4    1      3760
    1    1    1    9    1   22    3    3    1      1054
    1    1    1   10    1   21    3    3    1       721
    1    1    1   11    1   28    4    4    1       992
    1    1    1   12    1    3    1    1    1      3333
    1    1    1   13    1   12    2    2    1       949
    1    1    1   14    1   10    2    2    1      1722
    1    1    2    1    1   10    2    2    1      2288
    1    1    2    2    1   22    3    3    1      1633
    1    1    2    3    1   19    3    3    1       828
    1    1    2    4    1   25    4    4    1       536
    1    1    2    5    1   15    2    1    0      1087
    1    1    2    6    1    5    1    1    1      3808
    1    1    2    7    1   28    4    4    1      2580
    1    1    2    8    1    9    2    2    1     44409
    1    1    2    9    1   12    2    2    1      8675
    1    1    2   10    1   31    4    4    1      2952
    1    1    2   11    1    3    1    1    1      4732
    1    1    2   12    1   26    4    4    1      7636
    1    1    2   13    1    6    1    1    1      1913
    1    1    2   14    1   21    3    3    1      8368
    1    1    3    1    1   21    3    2    0      4643
    1    1    3    2    1   25    4    4    1      2054
    1    1    3    3    1   15    2    2    1      1305
    1    1    3    4    1   26    4    4    1     12249
    1    1    3    5    1    3    1    1    1      1613
    1    1    3    6    1   10    2    2    1      1777
    1    1    3    7    1   12    2    2    1      1151
    1    1    3    8    1   31    4    4    1      1158
    1    1    3    9    1   19    3    3    1      1099
    1    1    3   10    1    6    1    1    1      2108
    1    1    3   11    1   22    3    4    0      4012
    1    1    3   12    1    9    2    2    1      2842
    1    1    3   13    1    5    1    1    1      1901
    1    1    3   14    1   28    4    4    1      1565
    1    1    4    1    1   31    4    4    1      1574
    1    1    4    2    1   26    4    4    1      1220
    1    1    4    3    1   22    3    3    1      1543
    1    1    4    4    1   10    2    2    1      2399
    1    1    4    5    1    5    1    1    1      1219
    1    1    4    6    1   25    4    4    1      3575
    1    1    4    7    1   15    2    2    1      1726
    1    1    4    8    1    6    1    1    1      1260
    1    1    4    9    1    9    2    2    1      1199
    1    1    4   10    1   21    3    3    1      2860
    1    1    4   11    1    3    1    1    1      1350
    1    1    4   12    1   19    3    3    1      2124
    1    1    4   13    1   28    4    4    1      3748
    1    1    4   14    1   12    2    2    1      4323
    1    1    5    1    1   19    3    3    1      5048
    1    1    5    2    1    5    1    1    1      2644
    1    1    5    3    1   31    4    4    1      1343
    1    1    5    4    1   25    4    4    1      1117
    1    1    5    5    1   15    2    2    1      2334
    1    1    5    6    1   26    4    4    1      5237
    1    1    5    7    1   10    2    2    1      1769
    1    1    5    8    1   22    3    3    1      2327
    1    1    5    9    1    9    2    2    1      2030
    1    1    5   10    1    3    1    1    1      1314
    1    1    5   11    1   12    2    2    1      2394
    1    1    5   12    1    6    1    1    1      1456
    1    1    5   13    1   21    3    3    1      3002
    1    1    5   14    1   28    4    4    1      1958
    1    1    6    1    1    3    1    1    1      1539
    1    1    6    2    1   19    3    3    1      1490
    1    1    6    3    1   26    4    4    1      2739
    1    1    6    4    1   22    3    3    1      1986
    1    1    6    5    1   25    4    4    1      1728
    1    1    6    6    1   21    3    3    1      1656
    1    1    6    7    1   12    2    2    1      1434
    1    1    6    8    1   10    2    2    1      1412
    1    1    6    9    1    6    1    1    1      1322
    1    1    6   10    1   15    2    2    1      1553
    1    1    6   11    1    5    1    1    1      1400
    1    1    6   12    1   28    4    4    1      3612
    1    1    6   13    1   31    4    4    1      1232
    1    1    6   14    1    9    2    2    1      1115
    1    2    1    1    2    1    0    1    9     15514
    1    2    1    2    1   10    2    2    1      3156
    1    2    1    3    2   13    0    2    9      1306
    1    2    1    4    1   21    3    3    1      1347
    1    2    1    5    2   30    0    4    9      1409
    1    2    1    6    1    6    1    1    1     24230
    1    2    1    7    1   12    2    2    1      1364
    1    2    1    8    2   11    0    2    9      1883
    1    2    1    9    1    9    2    2    1      1516
    1    2    1   10    2   16    0    2    9      1643
    1    2    1   11    1   21    3    3    1      1870
    1    2    1   12    1    5    1    1    1      3216
    1    2    1   13    1   22    3    3    1      1613
    1    2    1   14    2    8    0    1    9      9624
    1    2    1   15    1   28    4    4    1      2694
    1    2    1   16    1    6    1    1    1      2607
    1    2    1   17    2    8    0    1    9      1355
    1    2    1   18    2    4    0    1    9      1314
    1    2    1   19    2   32    0    4    9      2170
    1    2    1   20    1   15    2    2    1      1736
    1    2    1   21    1    3    1    1    1      1096
    1    2    1   22    1   10    2    2    1      1057
    1    2    1   23    2   23    0    3    9      1898
    1    2    1   24    2    2    0    1    9      1139
    1    2    1   25    2   17    0    3    9      1402
    1    2    1   26    1    5    1    1    1      2791
    1    2    1   27    1   19    3    3    1      3227
    1    2    1   28    1   22    3    3    1      1687
    1    2    1   29    2   18    0    3    9      1025
    1    2    1   30    1   31    4    4    1      1101
    1    2    1   31    1   25    4    3    0     30404
    1    2    1   32    1   19    3    3    1      3333
    1    2    1   33    1   15    2    2    1      1629
    1    2    1   34    2   29    0    4    9      2081
    1    2    1   35    1   31    4    4    1      1138
    1    2    1   36    1   28    4    4    1      1417
    1    2    1   37    1   26    4    4    1      1501
    1    2    1   38    2   24    0    3    9      1461
    1    2    1   39    2   20    0    3    9      1520
    1    2    1   40    1    3    1    1    1      2352
    1    2    1   41    2    8    0    1    9      8590
    1    2    1   42    1   12    2    2    1      2779
    1    2    1   43    2   24    0    3    9     61048
    1    2    1   44    2   14    0    2    9      1724
    1    2    1   45    1   26    4    4    1      1675
    1    2    1   46    2   24    0    3    9      3085
    1    2    1   47    2    7    0    1    9      3223
    1    2    1   48    2    8    0    1    9      1299
    1    2    1   49    1   25    4    4    1      2644
    1    2    1   50    2   27    0    4    9      1182
    1    2    1   51    1    9    2    2    1      1875
    1    2    1   52    2   24    0    3    9     10541
    1    2    2    1    2    8    0    1    9     12005
    1    2    2    2    1    5    1    1    1      1028
    1    2    2    3    1    5    1    1    1       984
    1    2    2    4    1    9    2    2    1      1724
    1    2    2    5    1   26    4    4    1      1508
    1    2    2    6    1    6    1    1    1     16068
    1    2    2    7    1   28    4    4    1      1537
    1    2    2    8    1    3    1    1    1      1271
    1    2    2    9    1   12    2    2    1      1624
    1    2    2   10    1   21    3    3    1      2308
    1    2    2   11    2   24    0    3    9      1797
    1    2    2   12    2   13    0    4    9     14554
    1    2    2   13    2    8    0    3    9      1426
    1    2    2   14    1   22    3    3    1      3606
    1    2    2   15    2   29    0    4    9      1235
    1    2    2   16    1   19    3    3    1      1549
    1    2    2   17    1   26    4    4    1      1108
    1    2    2   18    1    6    1    1    1      3668
    1    2    2   19    1    9    2    2    1      1167
    1    2    2   20    2    7    0    1    9      1325
    1    2    2   21    1   31    4    4    1      6460
    1    2    2   22    2    1    0    1    9      2736
    1    2    2   23    1   15    2    2    1      1246
    1    2    2   24    1   22    3    3    1      1498
    1    2    2   25    2   16    0    2    9      3674
    1    2    2   26    2   18    0    3    9      1548
    1    2    2   27    1   19    3    3    1      1059
    1    2    2   28    1   31    4    4    1      1109
    1    2    2   29    2    2    0    1    9      1781
    1    2    2   30    2    8    0    1    9      1531
    1    2    2   31    2   20    0    3    9      1714
    1    2    2   32    2   24    0    3    9      1283
    1    2    2   33    2   23    0    3    9      1772
    1    2    2   34    2    8    0    1    9      2114
    1    2    2   35    2   14    0    2    9      1354
    1    2    2   36    1   12    2    2    1      1672
    1    2    2   37    2   30    0    4    9     26818
    1    2    2   38    2   11    0    2    9      1521
    1    2    2   39    2   17    0    3    9     13593
    1    2    2   40    1   10    2    2    1      1407
    1    2    2   41    1    3    1    1    1     17324
    1    2    2   42    1   21    3    3    1      3022
    1    2    2   43    1   25    4    4    1      1154
    1    2    2   44    1   15    2    2    1      1865
    1    2    2   45    2    4    0    1    9      1274
    1    2    2   46    1   10    2    2    1      1268
    1    2    2   47    2   24    0    3    9     15590
    1    2    2   48    2   32    0    4    9      1133
    1    2    2   49    2   27    0    4    9      1684
    1    2    2   50    1   28    4    4    1      1101
    1    2    2   51    2   24    0    3    9      1374
    1    2    2   52    1   25    4    4    1      1116
