   15    1    1    1    1    7    2    1    0      6562
   15    1    1    2    1   26    4    1    0      2287
   15    1    1    3    1    3    2    1    0      5389
   15    1    1    4    1   31    4    1    0      2670
   15    1    1    5    1   22    3    1    0      3948
   15    1    1    6    1   28    4    1    0      1734
   15    1    1    7    1   21    3    2    0      2986
   15    1    1    8    1    2    1    4    0      5035
   15    1    1    9    1   15    2    2    1      2282
   15    1    1   10    1    9    1    3    0      2336
   15    1    1   11    1   25    4    4    1      1867
   15    1    1   12    1   12    2    1    0      2209
   15    1    1   13    1    6    1    2    0      1426
   15    1    1   14    1   19    3    3    1      2226
   15    1    2    1    1    9    1    3    0      3670
   15    1    2    2    1    7    2    3    0      1708
   15    1    2    3    1    3    2    3    0       881
   15    1    2    4    1   15    2    3    0       566
   15    1    2    5    1    6    1    4    0      3736
   15    1    2    6    1   12    2    2    1      2076
   15    1    2    7    1   19    3    3    1      1146
   15    1    2    8    1   25    4    2    0      2813
   15    1    2    9    1   28    4    3    0      1765
   15    1    2   10    1   31    4    4    1      5879
   15    1    2   11    1    2    1    3    0      2285
   15    1    2   12    1   21    3    3    1      1770
   15    1    2   13    1   26    4    2    0      2196
   15    1    2   14    1   22    3    3    1      2453
   15    1    3    1    1   21    3    3    1      1562
   15    1    3    2    1    3    2    4    0      1437
   15    1    3    3    1   22    3    3    1      1196
   15    1    3    4    1   15    2    1    0      1326
   15    1    3    5    1   31    4    4    1      2178
   15    1    3    6    1   19    3    3    1      1179
   15    1    3    7    1   25    4    2    0      1390
   15    1    3    8    1    6    1    3    0      1039
   15    1    3    9    1    7    2    1    0      2174
   15    1    3   10    1   26    4    3    0       993
   15    1    3   11    1    9    1    2    0      1505
   15    1    3   12    1   12    2    4    0      1246
   15    1    3   13    1   28    4    3    0      9925
   15    1    3   14    1    2    1    3    0      1057
   15    1    4    1    1   25    4    2    0      2246
   15    1    4    2    1    3    2    2    1      4821
   15    1    4    3    1    6    1    4    0      3349
   15    1    4    4    1    9    1    1    1      1544
   15    1    4    5    1   31    4    2    0      2779
   15    1    4    6    1    7    2    4    0      2101
   15    1    4    7    1   22    3    3    1      3738
   15    1    4    8    1   28    4    4    1      2709
   15    1    4    9    1   19    3    1    0      3546
   15    1    4   10    1   21    3    1    0      3781
   15    1    4   11    1    2    1    1    1      7206
   15    1    4   12    1   12    2    4    0      1447
   15    1    4   13    1   26    4    4    1      5013
   15    1    4   14    1   15    2    2    1      2365
   15    1    5    1    1   26    4    3    0      1956
   15    1    5    2    1   21    3    2    0      5727
   15    1    5    3    1   25    4    3    0      2530
   15    1    5    4    1   28    4    2    0      1254
   15    1    5    5    1    6    1    3    0      1277
   15    1    5    6    1   12    2    4    0      1683
   15    1    5    7    1   22    3    3    1      4696
   15    1    5    8    1    2    1    3    0      1133
   15    1    5    9    1    3    2    2    1      1545
   15    1    5   10    1   19    3    2    0      1356
   15    1    5   11    1   31    4    2    0      5422
   15    1    5   12    1    9    1    1    1      1311
   15    1    5   13    1    7    2    2    1      3915
   15    1    5   14    1   15    2    4    0      1742
   15    1    6    1    1   19    3    2    0      8082
   15    1    6    2    1    9    1    1    1      2808
   15    1    6    3    1    7    2    2    1      6296
   15    1    6    4    1   26    4    3    0      3820
   15    1    6    5    1   21    3    1    0      1470
   15    1    6    6    1   15    2    2    1      3067
   15    1    6    7    1   12    2    4    0      3697
   15    1    6    8    1    3    2    4    0      5462
   15    1    6    9    1   28    4    2    0      1733
   15    1    6   10    1   25    4    1    0      2632
   15    1    6   11    1   31    4    2    0      2631
   15    1    6   12    1    2    1    3    0     13143
   15    1    6   13    1    6    1    3    0      9393
   15    1    6   14    1   22    3    3    1      3140
   15    1    7    1    1   31    4    2    0      4635
   15    1    7    2    1   25    4    1    0      7082
   15    1    7    3    1   21    3    1    0      2391
   15    1    7    4    1   15    2    2    1      3169
   15    1    7    5    1    7    2    2    1      4578
   15    1    7    6    1   26    4    2    0      1085
   15    1    7    7    1   12    2    2    1      1579
   15    1    7    8    1    9    1    4    0      4492
   15    1    7    9    1    6    1    3    0      2002
   15    1    7   10    1    2    1    3    0      3083
   15    1    7   11    1    3    2    3    0      3176
   15    1    7   12    1   28    4    2    0       258
   15    1    7   13    1   19    3    4    0      1665
   15    1    7   14    1   22    3    3    1      7607
   15    1    8    1    1   22    3    2    0      8487
   15    1    8    2    1   26    4    4    1      2188
   15    1    8    3    1    7    2    1    0      8085
   15    1    8    4    1   25    4    4    1      5803
   15    1    8    5    1   31    4    2    0      4307
   15    1    8    6    1   15    2    2    1      3728
   15    1    8    7    1   12    2    4    0      3292
   15    1    8    8    1    6    1    2    0      4401
   15    1    8    9    1   28    4    2    0     16442
   15    1    8   10    1    3    2    2    1      5297
   15    1    8   11    1   19    3    4    0      3566
   15    1    8   12    1    2    1    2    0      4232
   15    1    8   13    1   21    3    4    0      3591
   15    1    8   14    1    9    1    3    0      2096
   15    1    9    1    1    7    2    3    0      3285
   15    1    9    2    1    9    1    1    1      2891
   15    1    9    3    1   25    4    4    1      3144
   15    1    9    4    1   15    2    2    1      4539
   15    1    9    5    1   19    3    3    1      6870
   15    1    9    6    1    6    1    4    0     10964
   15    1    9    7    1   12    2    2    1      3063
   15    1    9    8    1    2    1    3    0      5581
   15    1    9    9    1   26    4    2    0      6278
   15    1    9   10    1   28    4    2    0      3316
   15    1    9   11    1    3    2    3    0      2424
   15    1    9   12    1   22    3    3    1      2160
   15    1    9   13    1   31    4    2    0      7946
   15    1    9   14    1   21    3    1    0      1414
   15    1   10    1    1   22    3    1    0      2307
   15    1   10    2    1    7    2    3    0      1136
   15    1   10    3    1    6    1    2    0      6507
   15    1   10    4    1   28    4    4    1      1648
   15    1   10    5    1    2    1    2    0      1695
   15    1   10    6    1   21    3    1    0      3780
   15    1   10    7    1   19    3    2    0      1701
   15    1   10    8    1   15    2    2    1      1994
   15    1   10    9    1   25    4    1    0      3499
   15    1   10   10    1    3    2    3    0      1672
   15    1   10   11    1   12    2    2    1      1950
   15    1   10   12    1   31    4    2    0      3713
   15    1   10   13    1    9    1    1    1      1189
   15    1   10   14    1   26    4    3    0      3063
   15    2    1    1    1   19    3    3    1      4173
   15    2    1    2    1    7    2    4    0      2646
   15    2    1    3    1    9    1    1    1      3165
   15    2    1    4    2   20    0    2    9      2959
   15    2    1    5    2   24    0    4    9      2842
   15    2    1    6    1   12    2    4    0      3417
   15    2    1    7    2   16    0    4    9      1665
   15    2    1    8    2   10    0    1    9      1439
   15    2    1    9    1   26    4    3    0      1254
   15    2    1   10    2   17    0    1    9      1365
   15    2    1   11    1    6    1    3    0      6063
   15    2    1   12    1   28    4    4    1      1949
   15    2    1   13    2   29    0    1    9      1407
   15    2    1   14    2    4    0    4    9      1768
   15    2    1   15    1   25    4    1    0      1282
   15    2    1   16    2   14    0    3    9      2591
   15    2    1   17    2   24    0    4    9      3497
   15    2    1   18    1    7    2    2    1      4605
   15    2    1   19    2   30    0    4    9      3254
   15    2    1   20    1   25    4    1    0      1221
   15    2    1   21    1    9    1    1    1      1989
   15    2    1   22    1   31    4    2    0      1766
   15    2    1   23    1    2    1    3    0      2720
   15    2    1   24    1   15    2    3    0      1748
   15    2    1   25    2   24    0    2    9      1887
   15    2    1   26    2   14    0    2    9      4724
   15    2    1   27    2    1    0    1    9      1688
   15    2    1   28    1   22    3    3    1     13541
   15    2    1   29    1   19    3    3    1      4536
   15    2    1   30    1    3    2    3    0      1588
   15    2    1   31    1   31    4    4    1     26917
   15    2    1   32    2   11    0    4    9      2689
   15    2    1   33    1   28    4    2    0      2550
   15    2    1   34    1   21    3    2    0      1601
   15    2    1   35    1   15    2    2    1      3138
   15    2    1   36    2   27    0    4    9      1445
   15    2    1   37    2   24    0    3    9      1052
   15    2    1   38    1    6    1    2    0      1315
   15    2    1   39    1   12    2    3    0      1503
   15    2    1   40    1    2    1    2    0       484
   15    2    1   41    2   18    0    4    9       401
   15    2    1   42    2    8    0    1    9        98
   15    2    1   43    2   32    0    3    9         0
   15    2    1   44    1   26    4    2    0         0
   15    2    1   45    2    5    0    1    9         0
   15    2    1   46    2   23    0    4    9      1120
   15    2    1   47    2   13    0    2    9         0
   15    2    1   48    1    3    2    4    0      1125
   15    2    1   49    2   14    0    2    9         0
   15    2    1   50    2   14    0    4    9      1210
   15    2    1   51    1   22    3    1    0      1210
   15    2    1   52    1   21    3    3    1      1339
   15    2    2    1    1   22    3    4    0      1190
   15    2    2    2    1    2    1    2    0         0
   15    2    2    3    1   12    2    4    0      1048
   15    2    2    4    2   18    0    3    9       815
   15    2    2    5    2   10    0    4    9       975
   15    2    2    6    2   30    0    3    9       713
   15    2    2    7    2   24    0    1    9       893
   15    2    2    8    2   24    0    2    9       906
   15    2    2    9    1   12    2    4    0         0
   15    2    2   10    2   16    0    2    9         0
   15    2    2   11    1    7    2    1    0       585
   15    2    2   12    2   14    0    4    9         0
   15    2    2   13    1   26    4    3    0       515
   15    2    2   14    1   31    4    1    0         0
   15    2    2   15    1   28    4    2    0      1008
   15    2    2   16    2   23    0    2    9      1129
   15    2    2   17    1   19    3    2    0       621
   15    2    2   18    1    9    1    1    1       629
   15    2    2   19    1   25    4    1    0       733
   15    2    2   20    1    2    1    3    0      2289
   15    2    2   21    2   17    0    1    9       598
   15    2    2   22    1   25    4    1    0      1375
   15    2    2   23    2   14    0    4    9      1433
   15    2    2   24    1   28    4    2    0       976
   15    2    2   25    2   32    0    4    9       458
   15    2    2   26    2   20    0    2    9      1001
   15    2    2   27    1   22    3    3    1       977
   15    2    2   28    2   24    0    4    9       971
   15    2    2   29    1   21    3    1    0      1333
   15    2    2   30    1    3    2    2    1      1953
   15    2    2   31    1   26    4    3    0      1251
   15    2    2   32    2   14    0    4    9       706
   15    2    2   33    2    4    0    3    9      1206
   15    2    2   34    1   21    3    3    1      1143
   15    2    2   35    2   29    0    4    9      1355
   15    2    2   36    2   24    0    4    9      1381
   15    2    2   37    1    9    1    3    0      1326
   15    2    2   38    1    6    1    1    1      1515
   15    2    2   39    2   14    0    4    9      1102
   15    2    2   40    1    3    2    1    0      1283
   15    2    2   41    2    8    0    2    9       865
   15    2    2   42    2   27    0    4    9      1279
   15    2    2   43    1    6    1    1    1      1693
   15    2    2   44    1   19    3    3    1      3850
   15    2    2   45    1   15    2    1    0      2017
   15    2    2   46    2   13    0    1    9      1345
   15    2    2   47    2   11    0    2    9      5132
   15    2    2   48    2    5    0    1    9      1360
   15    2    2   49    1   15    2    3    0      1386
   15    2    2   50    2    1    0    1    9      1428
   15    2    2   51    1    7    2    4    0      1100
   15    2    2   52    1   31    4    2    0       432
