   64    1    1    1    1    6    1    1    1     12584
   64    1    1    2    1   26    2    2    1      3357
   64    1    1    3    1   21    1    1    1      3321
   64    1    1    4    1   28    2    2    1      1317
   64    1    1    5    1   15    2    2    1      2890
   64    1    1    6    1    3    2    2    1      1040
   64    1    1    7    1   12    2    2    1      1800
   64    1    1    8    1   31    2    2    1      1897
   64    1    1    9    1   22    1    1    1      1958
   64    1    1   10    1   19    1    2    0       713
   64    1    1   11    1    7    2    2    1      4934
   64    1    1   12    1   25    2    1    0       642
   64    1    1   13    1    9    1    1    1       970
   64    1    1   14    1    2    1    1    1      2133
   64    1    2    1    1   19    1    2    0      2972
   64    1    2    2    1    7    2    2    1       575
   64    1    2    3    1   28    2    2    1       825
   64    1    2    4    1   25    2    1    0       377
   64    1    2    5    1   22    1    1    1      2204
   64    1    2    6    1   31    2    2    1       701
   64    1    2    7    1    3    2    2    1       578
   64    1    2    8    1    6    1    1    1       668
   64    1    2    9    1    2    1    1    1      1162
   64    1    2   10    1    9    1    1    1       429
   64    1    2   11    1   15    2    2    1       454
   64    1    2   12    1   26    2    1    0       909
   64    1    2   13    1   21    1    1    1       882
   64    1    2   14    1   12    2    2    1       623
   64    1    3    1    1    7    2    2    1      2053
   64    1    3    2    1    3    2    2    1      1773
   64    1    3    3    1   31    2    1    0      1871
   64    1    3    4    1   19    1    2    0       598
   64    1    3    5    1    9    1    1    1      1879
   64    1    3    6    1    2    1    1    1      2437
   64    1    3    7    1   21    1    1    1       621
   64    1    3    8    1   25    2    1    0       605
   64    1    3    9    1   12    2    2    1       551
   64    1    3   10    1   15    2    2    1       841
   64    1    3   11    1   26    2    1    0       697
   64    1    3   12    1   22    1    1    1       694
   64    1    3   13    1   28    2    2    1       540
   64    1    3   14    1    6    1    1    1      1079
   64    1    4    1    1   31    2    2    1      1305
   64    1    4    2    1   19    1    2    0       446
   64    1    4    3    1    9    1    1    1       495
   64    1    4    4    1   26    2    1    0      1044
   64    1    4    5    1   21    1    1    1       469
   64    1    4    6    1   22    1    1    1       651
   64    1    4    7    1   15    2    2    1       555
   64    1    4    8    1    2    1    1    1      1102
   64    1    4    9    1    6    1    1    1      1159
   64    1    4   10    1   28    2    2    1      4107
   64    1    4   11    1    3    2    2    1       617
   64    1    4   12    1   25    2    1    0       642
   64    1    4   13    1    7    2    2    1       635
   64    1    4   14    1   12    2    2    1       779
   64    1    5    1    1    6    1    1    1      1939
   64    1    5    2    1   28    2    2    1       560
   64    1    5    3    1   15    2    2    1       532
   64    1    5    4    1    3    2    2    1       608
   64    1    5    5    1    2    1    1    1      1505
   64    1    5    6    1   19    1    2    0       503
   64    1    5    7    1    7    2    2    1       541
   64    1    5    8    1    9    1    1    1       673
   64    1    5    9    1   22    1    1    1       784
   64    1    5   10    1   21    1    1    1       531
   64    1    5   11    1   26    2    1    0      1167
   64    1    5   12    1   12    2    2    1       658
   64    1    5   13    1   25    2    1    0       810
   64    1    5   14    1   31    2    2    1       707
   64    1    6    1    1   28    2    2    1       649
   64    1    6    2    1   12    2    2    1      1473
   64    1    6    3    1    2    1    1    1       568
   64    1    6    4    1    9    1    1    1       627
   64    1    6    5    1    6    1    1    1      1028
   64    1    6    6    1    7    2    2    1       709
   64    1    6    7    1   26    2    1    0       890
   64    1    6    8    1    3    2    2    1       840
   64    1    6    9    1   15    2    2    1      1008
   64    1    6   10    1   19    1    2    0      1026
   64    1    6   11    1   25    2    1    0      1139
   64    1    6   12    1   31    2    2    1       616
   64    1    6   13    1   22    1    1    1       809
   64    1    6   14    1   21    1    1    1      1242
   64    1    7    1    1   21    1    1    1      2073
   64    1    7    2    1    6    1    1    1      1272
   64    1    7    3    1   19    1    2    0       503
   64    1    7    4    1    7    2    2    1       525
   64    1    7    5    1    3    2    2    1       753
   64    1    7    6    1   22    1    1    1       485
   64    1    7    7    1   25    2    1    0       532
   64    1    7    8    1   12    2    2    1       440
   64    1    7    9    1    9    1    1    1       624
   64    1    7   10    1   28    2    2    1       521
   64    1    7   11    1   15    2    2    1       798
   64    1    7   12    1    2    1    1    1      1120
   64    1    7   13    1   31    2    2    1       725
   64    1    7   14    1   26    2    1    0       466
   64    1    8    1    1   21    1    1    1       555
   64    1    8    2    1   19    1    2    0       518
   64    1    8    3    1    6    1    1    1      1819
   64    1    8    4    1   22    1    1    1      2372
   64    1    8    5    1    2    1    1    1       616
   64    1    8    6    1    9    1    1    1       537
   64    1    8    7    1    7    2    2    1       413
   64    1    8    8    1   31    2    2    1      1014
   64    1    8    9    1   26    2    1    0       799
   64    1    8   10    1    3    2    1    0      2497
   64    1    8   11    1   25    2    1    0       535
   64    1    8   12    1   28    2    2    1       924
   64    1    8   13    1   12    2    2    1       657
   64    1    8   14    1   15    2    2    1      1296
   64    1    9    1    1   22    1    1    1      2214
   64    1    9    2    1    2    1    1    1      1487
   64    1    9    3    1   12    2    2    1      1133
   64    1    9    4    1   28    2    2    1       562
   64    1    9    5    1    6    1    1    1       821
   64    1    9    6    1   21    1    1    1       646
   64    1    9    7    1    7    2    2    1       711
   64    1    9    8    1    3    2    2    1       444
   64    1    9    9    1   25    2    1    0       605
   64    1    9   10    1   26    2    1    0     13430
   64    1    9   11    1   15    2    2    1       472
   64    1    9   12    1    9    1    1    1       423
   64    1    9   13    1   31    2    2    1       480
   64    1    9   14    1   19    1    2    0       438
   64    1   10    1    1   21    1    1    1      1094
   64    1   10    2    1   28    2    2    1       588
   64    1   10    3    1    6    1    1    1       750
   64    1   10    4    1    7    2    2    1       714
   64    1   10    5    1   26    2    1    0       567
   64    1   10    6    1   25    2    1    0       562
   64    1   10    7    1    3    2    2    1      1758
   64    1   10    8    1    2    1    1    1      1313
   64    1   10    9    1   15    2    2    1       694
   64    1   10   10    1   22    1    1    1       701
   64    1   10   11    1   31    2    2    1       554
   64    1   10   12    1   19    1    2    0       542
   64    1   10   13    1   12    2    2    1       474
   64    1   10   14    1    9    1    1    1       505
   64    2    1    1    1    2    1    1    1      1411
   64    2    1    2    1    3    2    2    1       755
   64    2    1    3    2   14    0    1    9       567
   64    2    1    4    1   15    2    2    1       626
   64    2    1    5    1   31    2    2    1       466
   64    2    1    6    2   14    0    1    9       513
   64    2    1    7    1    9    1    1    1       582
   64    2    1    8    2   24    0    2    9       432
   64    2    1    9    2   24    0    2    9       416
   64    2    1   10    1    6    1    1    1       688
   64    2    1   11    2   10    0    1    9       766
   64    2    1   12    2    8    0    2    9      2553
   64    2    1   13    2   30    0    1    9      2700
   64    2    1   14    1    2    1    1    1       793
   64    2    1   15    2   16    0    2    9       547
   64    2    1   16    1   26    2    1    0      3086
   64    2    1   17    2   32    0    2    9       517
   64    2    1   18    1   21    1    1    1       514
   64    2    1   19    1   28    2    2    1       519
   64    2    1   20    2   11    0    2    9       876
   64    2    1   21    1    3    2    2    1       451
   64    2    1   22    1   19    1    2    0       586
   64    2    1   23    2   23    0    2    9       701
   64    2    1   24    1   19    1    2    0       474
   64    2    1   25    1    7    2    2    1       865
   64    2    1   26    2   29    0    1    9       536
   64    2    1   27    2   14    0    1    9       805
   64    2    1   28    1    6    1    1    1       614
   64    2    1   29    1   25    2    1    0       599
   64    2    1   30    2   20    0    2    9       609
   64    2    1   31    2   24    0    2    9       618
   64    2    1   32    2   13    0    1    9       675
   64    2    1   33    1   22    1    1    1       786
   64    2    1   34    2    4    0    2    9       557
   64    2    1   35    2   14    0    1    9       736
   64    2    1   36    1    9    1    1    1       620
   64    2    1   37    2   24    0    2    9       589
   64    2    1   38    2   18    0    1    9      1608
   64    2    1   39    2   17    0    1    9       777
   64    2    1   40    1   22    1    1    1       412
   64    2    1   41    1   28    2    2    1       526
   64    2    1   42    1   12    2    2    1       491
   64    2    1   43    1   21    1    1    1       609
   64    2    1   44    1    7    2    1    0         0
   64    2    1   45    1   25    2    1    0      1700
   64    2    1   46    1   12    2    2    1       690
   64    2    1   47    2    1    0    1    9      1400
   64    2    1   48    2    5    0    1    9      2450
   64    2    1   49    1   15    2    2    1      1290
   64    2    1   50    2   27    0    2    9      2744
   64    2    1   51    1   26    2    1    0      2724
   64    2    1   52    1   31    2    2    1     16841
   64    2    2    1    2   24    0    2    9       564
   64    2    2    2    2   11    0    2    9       510
   64    2    2    3    2   32    0    2    9       588
   64    2    2    4    2    4    0    2    9      1318
   64    2    2    5    1   22    1    1    1       499
   64    2    2    6    1   12    2    2    1       624
   64    2    2    7    2   17    0    1    9       497
   64    2    2    8    1   15    2    2    1      7030
   64    2    2    9    1    6    1    1    1       664
   64    2    2   10    1   28    2    2    1       591
   64    2    2   11    2   20    0    2    9       513
   64    2    2   12    1   31    2    2    1      1095
   64    2    2   13    2   24    0    2    9       508
   64    2    2   14    1    9    1    1    1       401
   64    2    2   15    2   30    0    1    9       699
   64    2    2   16    2   18    0    1    9       736
   64    2    2   17    1   19    1    2    0       541
   64    2    2   18    2   24    0    2    9       521
   64    2    2   19    1    3    2    2    1       502
   64    2    2   20    2   13    0    1    9      2787
   64    2    2   21    1    3    2    2    1       758
   64    2    2   22    1   19    1    2    0       714
   64    2    2   23    2   29    0    1    9      1159
   64    2    2   24    1   12    2    2    1       450
   64    2    2   25    2   14    0    1    9       562
   64    2    2   26    2   14    0    1    9      1302
   64    2    2   27    1   25    2    1    0       483
   64    2    2   28    1   28    2    2    1       481
   64    2    2   29    2   24    0    2    9       488
   64    2    2   30    1   21    1    1    1       366
   64    2    2   31    2   10    0    1    9       393
   64    2    2   32    1    7    2    2    1       523
   64    2    2   33    1   31    2    2    1       440
   64    2    2   34    2   16    0    2    9       400
   64    2    2   35    1    2    1    1    1       402
   64    2    2   36    1   26    2    1    0       420
   64    2    2   37    2   14    0    1    9       405
   64    2    2   38    2   23    0    2    9       358
   64    2    2   39    1   26    2    1    0       346
   64    2    2   40    2   14    0    1    9       550
   64    2    2   41    2   27    0    2    9       322
   64    2    2   42    1   15    2    2    1       422
   64    2    2   43    1    7    2    2    1       335
   64    2    2   44    2    8    0    2    9       372
   64    2    2   45    1    6    1    1    1       519
   64    2    2   46    2    1    0    1    9       451
   64    2    2   47    1    9    1    1    1       467
   64    2    2   48    1   25    2    1    0       418
   64    2    2   49    1   21    1    1    1       603
   64    2    2   50    2    5    0    1    9       501
   64    2    2   51    1   22    1    1    1       402
   64    2    2   52    1    2    1    1    1       716
