    3    1    1    1    1   19    1    1    1      8971
    3    1    1    2    1    2    1    2    0      1527
    3    1    1    3    1    6    1    1    1      5571
    3    1    1    4    1   22    1    1    1      3221
    3    1    1    5    1   31    2    2    1      1589
    3    1    1    6    1    3    2    1    0      1078
    3    1    1    7    1   12    2    2    1      1236
    3    1    1    8    1    9    1    1    1      3587
    3    1    1    9    1   21    1    1    1      2276
    3    1    1   10    1   25    2    1    0      3946
    3    1    1   11    1   26    2    1    0      2917
    3    1    1   12    1    7    2    2    1      1497
    3    1    1   13    1   15    2    2    1      2317
    3    1    1   14    1   28    2    2    1      4241
    3    1    2    1    1    2    1    1    1      8453
    3    1    2    2    1   19    1    1    1      2980
    3    1    2    3    1    6    1    1    1      7822
    3    1    2    4    1   21    1    1    1      1477
    3    1    2    5    1    3    2    1    0      1835
    3    1    2    6    1   15    2    2    1      1146
    3    1    2    7    1    9    1    2    0      2140
    3    1    2    8    1   26    2    1    0      1584
    3    1    2    9    1    7    2    2    1      2185
    3    1    2   10    1   31    2    2    1      1378
    3    1    2   11    1   28    2    2    1      1756
    3    1    2   12    1   22    1    2    0      3383
    3    1    2   13    1   12    2    2    1      2808
    3    1    2   14    1   25    2    1    0      6153
    3    1    3    1    1   21    1    1    1      7418
    3    1    3    2    1    3    2    2    1      4930
    3    1    3    3    1   26    2    2    1      1885
    3    1    3    4    1   25    2    1    0      2162
    3    1    3    5    1    9    1    1    1      2085
    3    1    3    6    1   15    2    2    1      2930
    3    1    3    7    1   12    2    2    1      3549
    3    1    3    8    1    7    2    2    1      2000
    3    1    3    9    1   31    2    1    0       785
    3    1    3   10    1   28    2    2    1      1882
    3    1    3   11    1   19    1    1    1      2543
    3    1    3   12    1   22    1    1    1      2826
    3    1    3   13    1    2    1    1    1      1914
    3    1    3   14    1    6    1    1    1      3486
    3    1    4    1    1   12    2    2    1      2867
    3    1    4    2    1   15    2    2    1      2721
    3    1    4    3    1   31    2    2    1      2644
    3    1    4    4    1    9    1    1    1      1612
    3    1    4    5    1   21    1    1    1      1564
    3    1    4    6    1    7    2    2    1      2334
    3    1    4    7    1   22    1    1    1      2017
    3    1    4    8    1    3    2    1    0      2546
    3    1    4    9    1   25    2    1    0      2533
    3    1    4   10    1   28    2    2    1      2248
    3    1    4   11    1   19    1    1    1      2303
    3    1    4   12    1   26    2    2    1      3555
    3    1    4   13    1    2    1    1    1      1558
    3    1    4   14    1    6    1    1    1      3864
    3    1    5    1    1   19    1    1    1      5995
    3    1    5    2    1    3    2    1    0      2893
    3    1    5    3    1   26    2    1    0      4978
    3    1    5    4    1    2    1    1    1      1332
    3    1    5    5    1    6    1    1    1      3455
    3    1    5    6    1   22    1    1    1      1654
    3    1    5    7    1    9    1    1    1      2436
    3    1    5    8    1   15    2    2    1      1924
    3    1    5    9    1   31    2    2    1      1656
    3    1    5   10    1   28    2    2    1      1430
    3    1    5   11    1   12    2    2    1      1758
    3    1    5   12    1   21    1    1    1      2776
    3    1    5   13    1    7    2    2    1     13930
    3    1    5   14    1   25    2    1    0      1469
    3    1    6    1    1    2    1    1    1      1752
    3    1    6    2    1    9    1    2    0      2691
    3    1    6    3    1   21    1    1    1      2192
    3    1    6    4    1    6    1    2    0      1993
    3    1    6    5    1    3    2    1    0      8818
    3    1    6    6    1   25    2    1    0      1451
    3    1    6    7    1   26    2    2    1      7033
    3    1    6    8    1   31    2    2    1       816
    3    1    6    9    1   19    1    2    0       832
    3    1    6   10    1   28    2    2    1      1848
    3    1    6   11    1   15    2    2    1      1645
    3    1    6   12    1   22    1    2    0      2573
    3    1    6   13    1   12    2    2    1      2591
    3    1    6   14    1    7    2    2    1      2393
    3    1    7    1    1   21    1    1    1      1682
    3    1    7    2    1    9    1    1    1      2256
    3    1    7    3    1   31    2    2    1      1334
    3    1    7    4    1   28    2    2    1      1074
    3    1    7    5    1   15    2    2    1      5079
    3    1    7    6    1   22    1    1    1      1725
    3    1    7    7    1   26    2    1    0      1225
    3    1    7    8    1   25    2    1    0       961
    3    1    7    9    1    3    2    1    0      2643
    3    1    7   10    1   12    2    2    1      2770
    3    1    7   11    1    2    1    1    1      1157
    3    1    7   12    1    6    1    1    1      5095
    3    1    7   13    1   19    1    1    1      2748
    3    1    7   14    1    7    2    2    1      1887
    3    1    8    1    1    3    2    1    0      4973
    3    1    8    2    1   15    2    2    1      4431
    3    1    8    3    1    2    1    1    1      3582
    3    1    8    4    1   19    1    2    0      1519
    3    1    8    5    1   21    1    1    1      3899
    3    1    8    6    1   31    2    2    1      1472
    3    1    8    7    1   12    2    2    1      5269
    3    1    8    8    1   28    2    2    1      1363
    3    1    8    9    1   22    1    1    1      8525
    3    1    8   10    1   25    2    1    0      1369
    3    1    8   11    1   26    2    2    1      2091
    3    1    8   12    1    6    1    1    1      3000
    3    1    8   13    1    7    2    2    1      2273
    3    1    8   14    1    9    1    1    1      1271
    3    1    9    1    1    2    1    1    1      1306
    3    1    9    2    1    6    1    2    0      3078
    3    1    9    3    1   19    1    1    1      1733
    3    1    9    4    1    9    1    1    1      2432
    3    1    9    5    1   15    2    2    1      3375
    3    1    9    6    1    7    2    2    1       858
    3    1    9    7    1   21    1    2    0      1576
    3    1    9    8    1   26    2    2    1      1955
    3    1    9    9    1   28    2    2    1      1957
    3    1    9   10    1   31    2    2    1      2344
    3    1    9   11    1   12    2    2    1      1371
    3    1    9   12    1   22    1    1    1      1605
    3    1    9   13    1   25    2    1    0      3797
    3    1    9   14    1    3    2    2    1      4262
    3    1   10    1    1   31    2    2    1      1576
    3    1   10    2    1   25    2    1    0      1945
    3    1   10    3    1    2    1    1    1      4452
    3    1   10    4    1   26    2    2    1      6451
    3    1   10    5    1    9    1    2    0      7745
    3    1   10    6    1    6    1    2    0      3797
    3    1   10    7    1   21    1    1    1       917
    3    1   10    8    1   12    2    2    1       689
    3    1   10    9    1   19    1    1    1      1494
    3    1   10   10    1   28    2    2    1      1180
    3    1   10   11    1   22    1    1    1      1725
    3    1   10   12    1    7    2    1    0      6585
    3    1   10   13    1   15    2    2    1      2394
    3    1   10   14    1    3    2    1    0      2475
    3    2    1    1    1    3    2    1    0      4028
    3    2    1    2    2   14    0    2    9      2779
    3    2    1    3    1    6    1    1    1      2573
    3    2    1    4    1   21    1    1    1      2551
    3    2    1    5    1   19    1    2    0      2130
    3    2    1    6    2   24    0    2    9      5996
    3    2    1    7    1   15    2    2    1      2397
    3    2    1    8    1   31    2    2    1      1774
    3    2    1    9    2   11    0    2    9      3240
    3    2    1   10    2   29    0    1    9      5687
    3    2    1   11    2    8    0    2    9      1715
    3    2    1   12    2    1    0    1    9       993
    3    2    1   13    2   30    0    1    9       554
    3    2    1   14    2   24    0    2    9       405
    3    2    1   15    2   14    0    2    9       822
    3    2    1   16    1   21    1    1    1      1989
    3    2    1   17    2   23    0    2    9      1591
    3    2    1   18    1   12    2    2    1      1336
    3    2    1   19    2   18    0    1    9      2707
    3    2    1   20    2    4    0    2    9      6920
    3    2    1   21    1    6    1    1    1      2356
    3    2    1   22    1    2    1    1    1      4038
    3    2    1   23    2   20    0    2    9      1109
    3    2    1   24    1   28    2    1    0       762
    3    2    1   25    1   12    2    2    1       636
    3    2    1   26    1    7    2    1    0       931
    3    2    1   27    2   14    0    1    9      2142
    3    2    1   28    1   19    1    1    1      4938
    3    2    1   29    2   16    0    2    9      1397
    3    2    1   30    1   26    2    2    1      3789
    3    2    1   31    1   31    2    2    1      2728
    3    2    1   32    2   13    0    2    9      2988
    3    2    1   33    2    5    0    1    9      2789
    3    2    1   34    1    3    2    2    1      1158
    3    2    1   35    2   24    0    2    9      7384
    3    2    1   36    2   17    0    1    9      1490
    3    2    1   37    1   25    2    2    1      4583
    3    2    1   38    1   28    2    2    1      6688
    3    2    1   39    1    9    1    1    1      3750
    3    2    1   40    1   15    2    2    1      3872
    3    2    1   41    1   22    1    1    1      8038
    3    2    1   42    1    2    1    1    1      3637
    3    2    1   43    1   22    1    1    1      2628
    3    2    1   44    1    9    1    2    0      1500
    3    2    1   45    2   24    0    1    9      6705
    3    2    1   46    2   14    0    2    9       774
    3    2    1   47    2   27    0    1    9         0
    3    2    1   48    1   25    2    2    1       248
    3    2    1   49    2   32    0    1    9       367
    3    2    1   50    1   26    2    2    1       368
    3    2    1   51    2   10    0    2    9       259
    3    2    1   52    1    7    2    2    1       426
    3    2    2    1    2   20    0    2    9       298
    3    2    2    2    2    4    0    2    9       351
    3    2    2    3    1   21    1    1    1       257
    3    2    2    4    2   14    0    2    9      1064
    3    2    2    5    1    6    1    2    0      3902
    3    2    2    6    2   29    0    1    9      2482
    3    2    2    7    2   16    0    2    9      2992
    3    2    2    8    1    7    2    1    0      2761
    3    2    2    9    1    2    1    2    0       268
    3    2    2   10    1    6    1    2    0         0
    3    2    2   11    1   12    2    1    0         0
    3    2    2   12    1   28    2    1    0       292
    3    2    2   13    2   18    0    1    9      1593
    3    2    2   14    1   22    1    1    1       666
    3    2    2   15    1   19    1    1    1      1536
    3    2    2   16    1   22    1    1    1      2531
    3    2    2   17    2   23    0    2    9      2255
    3    2    2   18    1    3    2    1    0      4453
    3    2    2   19    2   14    0    2    9      3332
    3    2    2   20    1   19    1    2    0      7647
    3    2    2   21    2   24    0    1    9      3149
    3    2    2   22    1   21    1    1    1      1216
    3    2    2   23    1   31    2    1    0      1040
    3    2    2   24    1    9    1    2    0       519
    3    2    2   25    1   31    2    1    0       771
    3    2    2   26    2   24    0    1    9       677
    3    2    2   27    2   10    0    1    9        91
    3    2    2   28    2    8    0    2    9       217
    3    2    2   29    1   25    2    1    0       353
    3    2    2   30    2   30    0    1    9     27074
    3    2    2   31    2   27    0    1    9      3497
    3    2    2   32    1   15    2    2    1      9293
    3    2    2   33    2   11    0    2    9      3803
    3    2    2   34    2   13    0    1    9      1331
    3    2    2   35    1   12    2    2    1      3294
    3    2    2   36    2   32    0    2    9      3259
    3    2    2   37    1   25    2    1    0      1818
    3    2    2   38    1   26    2    1    0      3202
    3    2    2   39    2    1    0    1    9      1075
    3    2    2   40    2   14    0    2    9      5257
    3    2    2   41    1   26    2    2    1      5783
    3    2    2   42    1    3    2    1    0      7840
    3    2    2   43    1   15    2    2    1      4951
    3    2    2   44    1   28    2    2    1      1586
    3    2    2   45    1    7    2    1    0      6355
    3    2    2   46    2   14    0    1    9      4726
    3    2    2   47    2    5    0    2    9      2778
    3    2    2   48    2   17    0    1    9      3196
    3    2    2   49    2   24    0    2    9      4669
    3    2    2   50    1    9    1    1    1      4355
    3    2    2   51    1    2    1    1    1      3125
    3    2    2   52    2   24    0    2    9      1945
