   47    1    1    1    1    2    1    1    1     13019
   47    1    1    2    1   25    2    2    1      5373
   47    1    1    3    1   21    1    2    0      6231
   47    1    1    4    1   19    1    2    0      9927
   47    1    1    5    1    7    2    1    0      2755
   47    1    1    6    1   12    2    2    1     20029
   47    1    1    7    1    6    1    1    1      2717
   47    1    1    8    1   22    1    1    1      1777
   47    1    1    9    1    9    1    2    0      3979
   47    1    1   10    1   26    2    1    0     32900
   47    1    1   11    1    3    2    1    0     39384
   47    1    1   12    1   28    2    2    1      3547
   47    1    1   13    1   31    2    2    1      4637
   47    1    1   14    1   15    2    2    1      1733
   47    1    2    1    1    3    2    1    0      3672
   47    1    2    2    1   21    1    2    0      1982
   47    1    2    3    1    9    1    1    1      3495
   47    1    2    4    1   15    2    2    1      1964
   47    1    2    5    1   31    2    2    1      1518
   47    1    2    6    1   22    1    1    1      2386
   47    1    2    7    1   12    2    2    1       788
   47    1    2    8    1   19    1    2    0      1701
   47    1    2    9    1   26    2    1    0      3162
   47    1    2   10    1   25    2    1    0      7492
   47    1    2   11    1    7    2    2    1     10465
   47    1    2   12    1    2    1    1    1      2783
   47    1    2   13    1   28    2    1    0      3921
   47    1    2   14    1    6    1    1    1      5181
   47    1    3    1    1    7    2    2    1      5804
   47    1    3    2    1   31    2    1    0      5061
   47    1    3    3    1   21    1    1    1       900
   47    1    3    4    1   12    2    2    1       721
   47    1    3    5    1    9    1    1    1       901
   47    1    3    6    1   25    2    1    0       545
   47    1    3    7    1    2    1    1    1      3012
   47    1    3    8    1    3    2    2    1      2765
   47    1    3    9    1   22    1    1    1      4847
   47    1    3   10    1   28    2    2    1       654
   47    1    3   11    1   26    2    1    0       613
   47    1    3   12    1   19    1    2    0      2117
   47    1    3   13    1    6    1    1    1     21449
   47    1    3   14    1   15    2    2    1      2832
   47    1    4    1    1   25    2    1    0      5682
   47    1    4    2    1   19    1    2    0      2104
   47    1    4    3    1    3    2    2    1      3116
   47    1    4    4    1   26    2    1    0       800
   47    1    4    5    1    6    1    1    1      4345
   47    1    4    6    1    2    1    1    1      1052
   47    1    4    7    1    9    1    1    1      4259
   47    1    4    8    1   15    2    2    1      1993
   47    1    4    9    1   22    1    1    1      2284
   47    1    4   10    1   21    1    1    1      5601
   47    1    4   11    1    7    2    2    1      6002
   47    1    4   12    1   31    2    2    1      2258
   47    1    4   13    1   28    2    2    1      3193
   47    1    4   14    1   12    2    2    1      1626
   47    1    5    1    1   15    2    2    1      1798
   47    1    5    2    1   31    2    2    1      1038
   47    1    5    3    1   28    2    2    1      1062
   47    1    5    4    1   25    2    1    0       620
   47    1    5    5    1   12    2    2    1      1500
   47    1    5    6    1    7    2    2    1       753
   47    1    5    7    1   19    1    2    0      1428
   47    1    5    8    1    9    1    1    1       660
   47    1    5    9    1   21    1    1    1       938
   47    1    5   10    1   22    1    1    1      1094
   47    1    5   11    1    2    1    1    1       923
   47    1    5   12    1   26    2    1    0       823
   47    1    5   13    1    6    1    1    1       959
   47    1    5   14    1    3    2    2    1      1209
   47    1    6    1    1    7    2    2    1       981
   47    1    6    2    1    3    2    2    1       863
   47    1    6    3    1    2    1    1    1       765
   47    1    6    4    1   15    2    2    1       767
   47    1    6    5    1    9    1    1    1       625
   47    1    6    6    1   26    2    1    0       441
   47    1    6    7    1   31    2    2    1       816
   47    1    6    8    1   12    2    2    1       720
   47    1    6    9    1   22    1    1    1      2804
   47    1    6   10    1   21    1    1    1       533
   47    1    6   11    1   25    2    1    0      1504
   47    1    6   12    1    6    1    1    1       877
   47    1    6   13    1   28    2    2    1       491
   47    1    6   14    1   19    1    2    0       696
   47    1    7    1    1   22    1    1    1     17008
   47    1    7    2    1   12    2    2    1      3370
   47    1    7    3    1   15    2    2    1      1860
   47    1    7    4    1    3    2    1    0      5290
   47    1    7    5    1    2    1    1    1      1792
   47    1    7    6    1    6    1    1    1      2937
   47    1    7    7    1   31    2    2    1      1125
   47    1    7    8    1   19    1    2    0      2233
   47    1    7    9    1   21    1    1    1      6488
   47    1    7   10    1    9    1    1    1      2549
   47    1    7   11    1   28    2    2    1       768
   47    1    7   12    1   26    2    1    0      2498
   47    1    7   13    1    7    2    2    1      1126
   47    1    7   14    1   25    2    1    0      1018
   47    1    8    1    1   31    2    2    1      1848
   47    1    8    2    1    6    1    1    1       607
   47    1    8    3    1    3    2    2    1       583
   47    1    8    4    1   28    2    2    1      1120
   47    1    8    5    1   21    1    1    1       548
   47    1    8    6    1   26    2    1    0       415
   47    1    8    7    1   12    2    2    1       439
   47    1    8    8    1    7    2    2    1       663
   47    1    8    9    1   19    1    2    0       621
   47    1    8   10    1   15    2    2    1      1245
   47    1    8   11    1    9    1    1    1       749
   47    1    8   12    1   22    1    1    1      1248
   47    1    8   13    1   25    2    1    0       734
   47    1    8   14    1    2    1    1    1       810
   47    1    9    1    1   15    2    2    1       922
   47    1    9    2    1    2    1    1    1      1318
   47    1    9    3    1   12    2    2    1      1394
   47    1    9    4    1    7    2    2    1      1036
   47    1    9    5    1   26    2    1    0       595
   47    1    9    6    1   25    2    1    0       820
   47    1    9    7    1   21    1    1    1      2908
   47    1    9    8    1    9    1    1    1      8233
   47    1    9    9    1    3    2    2    1      1409
   47    1    9   10    1   31    2    2    1      1578
   47    1    9   11    1    6    1    1    1      2779
   47    1    9   12    1   22    1    1    1      1277
   47    1    9   13    1   28    2    2    1       811
   47    1    9   14    1   19    1    2    0      2891
   47    1   10    1    1   28    2    2    1      3787
   47    1   10    2    1   15    2    2    1       917
   47    1   10    3    1   21    1    1    1       609
   47    1   10    4    1   26    2    1    0      1226
   47    1   10    5    1    3    2    2    1       866
   47    1   10    6    1   31    2    2    1      3679
   47    1   10    7    1    7    2    2    1      1677
   47    1   10    8    1   22    1    1    1       923
   47    1   10    9    1   12    2    2    1       759
   47    1   10   10    1   25    2    1    0       938
   47    1   10   11    1   19    1    2    0      8301
   47    1   10   12    1    2    1    1    1      5833
   47    1   10   13    1    6    1    1    1       945
   47    1   10   14    1    9    1    1    1      2524
   47    2    1    1    2    5    0    1    9      2691
   47    2    1    2    1    7    2    2    1      1463
   47    2    1    3    1   12    2    2    1      1421
   47    2    1    4    1   26    2    1    0      1157
   47    2    1    5    2   10    0    1    9      2728
   47    2    1    6    2   13    0    1    9      1644
   47    2    1    7    1    9    1    1    1      1515
   47    2    1    8    2   32    0    2    9       543
   47    2    1    9    2   11    0    2    9       890
   47    2    1   10    2    1    0    1    9      6903
   47    2    1   11    1    7    2    2    1      1028
   47    2    1   12    2   24    0    2    9      4716
   47    2    1   13    2   27    0    2    9      3376
   47    2    1   14    1    6    1    1    1      1002
   47    2    1   15    2   14    0    1    9      2211
   47    2    1   16    1   12    2    2    1      1484
   47    2    1   17    2   17    0    1    9       849
   47    2    1   18    2   29    0    1    9      1280
   47    2    1   19    2   14    0    2    9      2861
   47    2    1   20    2   18    0    1    9      1484
   47    2    1   21    2   24    0    2    9       881
   47    2    1   22    2    4    0    2    9      2686
   47    2    1   23    1    9    1    1    1       804
   47    2    1   24    1    6    1    1    1      4260
   47    2    1   25    1   22    1    2    0       907
   47    2    1   26    1   19    1    2    0      3032
   47    2    1   27    2   24    0    2    9       815
   47    2    1   28    2   23    0    2    9      3055
   47    2    1   29    1   31    2    2    1       726
   47    2    1   30    1   15    2    2    1       634
   47    2    1   31    1    2    1    1    1       673
   47    2    1   32    1   25    2    1    0       455
   47    2    1   33    1   28    2    2    1      1845
   47    2    1   34    1   19    1    2    0      1325
   47    2    1   35    2   14    0    1    9       505
   47    2    1   36    1   21    1    1    1       422
   47    2    1   37    2   24    0    2    9       838
   47    2    1   38    2   30    0    1    9      2613
   47    2    1   39    1   28    2    2    1      1053
   47    2    1   40    1   26    2    1    0       451
   47    2    1   41    1   22    1    1    1       706
   47    2    1   42    1   25    2    1    0       935
   47    2    1   43    2   16    0    2    9       818
   47    2    1   44    1   15    2    2    1       546
   47    2    1   45    1    3    2    2    1      1101
   47    2    1   46    2   14    0    1    9      1826
   47    2    1   47    2    8    0    2    9       762
   47    2    1   48    2   20    0    2    9       892
   47    2    1   49    1   31    2    2    1      3417
   47    2    1   50    1    2    1    1    1       418
   47    2    1   51    1   21    1    1    1       338
   47    2    1   52    1    3    2    2    1       741
   47    2    2    1    1   12    2    2    1       456
   47    2    2    2    2   14    0    1    9       471
   47    2    2    3    1    6    1    1    1       453
   47    2    2    4    2   13    0    1    9       419
   47    2    2    5    2    8    0    2    9       803
   47    2    2    6    1   25    2    1    0       932
   47    2    2    7    2    1    0    1    9       544
   47    2    2    8    1   31    2    2    1       587
   47    2    2    9    1    2    1    1    1       564
   47    2    2   10    1   15    2    2    1      1070
   47    2    2   11    2   30    0    1    9       580
   47    2    2   12    2   29    0    1    9       829
   47    2    2   13    2   24    0    2    9       349
   47    2    2   14    1   15    2    2    1       655
   47    2    2   15    2   20    0    2    9       502
   47    2    2   16    2   23    0    2    9       659
   47    2    2   17    2   17    0    1    9       649
   47    2    2   18    1   19    1    2    0       688
   47    2    2   19    2   18    0    1    9       901
   47    2    2   20    1    9    1    1    1      1202
   47    2    2   21    1   25    2    1    0       803
   47    2    2   22    1   22    1    1    1      1091
   47    2    2   23    1   21    1    1    1      1433
   47    2    2   24    1   31    2    1    0      1328
   47    2    2   25    2    4    0    2    9       620
   47    2    2   26    2   27    0    2    9       868
   47    2    2   27    1   21    1    1    1       562
   47    2    2   28    2   24    0    2    9       509
   47    2    2   29    1   12    2    2    1       585
   47    2    2   30    1   19    1    2    0       643
   47    2    2   31    2   14    0    1    9       346
   47    2    2   32    2   32    0    2    9       477
   47    2    2   33    2   24    0    2    9       651
   47    2    2   34    1   28    2    2    1       546
   47    2    2   35    2   10    0    1    9       621
   47    2    2   36    1    7    2    2    1       725
   47    2    2   37    2    5    0    1    9       505
   47    2    2   38    1    3    2    2    1       470
   47    2    2   39    1   26    2    1    0       484
   47    2    2   40    2   14    0    1    9       993
   47    2    2   41    1    2    1    1    1       603
   47    2    2   42    1   22    1    1    1       643
   47    2    2   43    1    7    2    2    1       651
   47    2    2   44    2   24    0    2    9       881
   47    2    2   45    1    6    1    1    1      1358
   47    2    2   46    2   14    0    1    9       681
   47    2    2   47    1    3    2    2    1       735
   47    2    2   48    1   28    2    2    1       434
   47    2    2   49    2   16    0    2    9       720
   47    2    2   50    1   26    2    1    0       582
   47    2    2   51    2   11    0    2    9       703
   47    2    2   52    1    9    1    1    1       500
