    8    1    1    1    1   25    4    1    0      7137
    8    1    1    2    1   26    4    2    0      5632
    8    1    1    3    1    3    1    2    0      6279
    8    1    1    4    1    9    2    1    0      2805
    8    1    1    5    1    5    1    1    1      4959
    8    1    1    6    1   31    4    3    0      3017
    8    1    1    7    1   12    2    3    0      3513
    8    1    1    8    1   15    2    4    0      3349
    8    1    1    9    1   21    3    3    1      4280
    8    1    1   10    1   19    3    3    1      3613
    8    1    1   11    1    6    1    1    1      4205
    8    1    1   12    1   22    3    1    0      1686
    8    1    1   13    1   28    4    4    1      3355
    8    1    1   14    1   10    2    2    1      2390
    8    1    2    1    1    9    2    1    0      4868
    8    1    2    2    1    6    1    1    1      1898
    8    1    2    3    1   10    2    2    1      2047
    8    1    2    4    1   21    3    3    1      2654
    8    1    2    5    1   28    4    4    1       756
    8    1    2    6    1   22    3    3    1      1351
    8    1    2    7    1   19    3    3    1      1442
    8    1    2    8    1   12    2    2    1      2281
    8    1    2    9    1   31    4    4    1      1534
    8    1    2   10    1   25    4    3    0      1106
    8    1    2   11    1   26    4    4    1      1390
    8    1    2   12    1   15    2    2    1      1560
    8    1    2   13    1    5    1    1    1      2106
    8    1    2   14    1    3    1    1    1      2647
    8    1    3    1    1   22    3    3    1     13470
    8    1    3    2    1   21    3    3    1       996
    8    1    3    3    1   12    2    2    1      2157
    8    1    3    4    1    5    1    1    1      1576
    8    1    3    5    1   26    4    3    0      1706
    8    1    3    6    1   19    3    3    1      1246
    8    1    3    7    1   31    4    4    1      1085
    8    1    3    8    1   10    2    2    1      2146
    8    1    3    9    1    9    2    2    1      1549
    8    1    3   10    1    6    1    1    1       783
    8    1    3   11    1   25    4    4    1      1569
    8    1    3   12    1    3    1    1    1      2611
    8    1    3   13    1   28    4    4    1      2795
    8    1    3   14    1   15    2    2    1      1453
    8    1    4    1    1   15    2    2    1      2689
    8    1    4    2    1   10    2    2    1      2790
    8    1    4    3    1   28    4    4    1      1975
    8    1    4    4    1   21    3    3    1      1033
    8    1    4    5    1    9    2    2    1      1217
    8    1    4    6    1   31    4    4    1      1841
    8    1    4    7    1    5    1    1    1      1304
    8    1    4    8    1    6    1    1    1       837
    8    1    4    9    1   26    4    4    1      1764
    8    1    4   10    1   22    3    3    1       846
    8    1    4   11    1   12    2    2    1      1437
    8    1    4   12    1   25    4    4    1      2277
    8    1    4   13    1    3    1    1    1      1515
    8    1    4   14    1   19    3    3    1      1695
    8    1    5    1    1    5    1    1    1      3421
    8    1    5    2    1    6    1    1    1      1173
    8    1    5    3    1   21    3    3    1      1559
    8    1    5    4    1   10    2    2    1      2202
    8    1    5    5    1   15    2    2    1       835
    8    1    5    6    1   26    4    4    1      1170
    8    1    5    7    1   31    4    4    1       836
    8    1    5    8    1    3    1    1    1      2035
    8    1    5    9    1   25    4    4    1      5186
    8    1    5   10    1   28    4    4    1      1364
    8    1    5   11    1   12    2    2    1      1166
    8    1    5   12    1   19    3    3    1      1920
    8    1    5   13    1    9    2    2    1       948
    8    1    5   14    1   22    3    3    1      1678
    8    1    6    1    1    5    1    1    1      1829
    8    1    6    2    1    3    1    1    1       733
    8    1    6    3    1   22    3    3    1      1008
    8    1    6    4    1   21    3    3    1       713
    8    1    6    5    1    6    1    1    1      1725
    8    1    6    6    1   25    4    4    1       729
    8    1    6    7    1    9    2    2    1      1069
    8    1    6    8    1   15    2    2    1       819
    8    1    6    9    1   28    4    4    1       883
    8    1    6   10    1   12    2    2    1       976
    8    1    6   11    1   26    4    4    1      1050
    8    1    6   12    1   19    3    1    0       977
    8    1    6   13    1   31    4    4    1      1379
    8    1    6   14    1   10    2    2    1      1437
    8    1    7    1    1   26    4    4    1      1513
    8    1    7    2    1    9    2    2    1      2109
    8    1    7    3    1    6    1    1    1      1450
    8    1    7    4    1   25    4    4    1      1728
    8    1    7    5    1   21    3    3    1      1100
    8    1    7    6    1   28    4    4    1      1265
    8    1    7    7    1   22    3    3    1      1471
    8    1    7    8    1   10    2    2    1       949
    8    1    7    9    1   12    2    2    1       880
    8    1    7   10    1   15    2    2    1      2253
    8    1    7   11    1   19    3    3    1       852
    8    1    7   12    1    5    1    1    1      1490
    8    1    7   13    1    3    1    1    1       840
    8    1    7   14    1   31    4    4    1       791
    8    1    8    1    1    3    1    1    1      4027
    8    1    8    2    1   22    3    3    1      1212
    8    1    8    3    1   15    2    2    1      1085
    8    1    8    4    1   25    4    4    1      1730
    8    1    8    5    1   19    3    3    1       958
    8    1    8    6    1   31    4    4    1       616
    8    1    8    7    1   10    2    2    1      1328
    8    1    8    8    1   12    2    2    1      6460
    8    1    8    9    1    9    2    2    1      1275
    8    1    8   10    1   21    3    3    1      1881
    8    1    8   11    1   26    4    4    1      1230
    8    1    8   12    1    5    1    1    1      1757
    8    1    8   13    1    6    1    1    1       713
    8    1    8   14    1   28    4    4    1      3085
    8    1    9    1    1   21    3    3    1      5753
    8    1    9    2    1   12    2    2    1      1076
    8    1    9    3    1   28    4    4    1       922
    8    1    9    4    1   10    2    2    1       998
    8    1    9    5    1    9    2    2    1      2063
    8    1    9    6    1   25    4    4    1       989
    8    1    9    7    1   22    3    1    0      3318
    8    1    9    8    1    5    1    1    1      1338
    8    1    9    9    1    3    1    1    1       854
    8    1    9   10    1    6    1    1    1       869
    8    1    9   11    1   26    4    4    1       899
    8    1    9   12    1   19    3    3    1       719
    8    1    9   13    1   31    4    4    1       756
    8    1    9   14    1   15    2    2    1      2742
    8    1   10    1    1   10    2    2    1      7584
    8    1   10    2    1   22    3    3    1      2114
    8    1   10    3    1    9    2    2    1      1486
    8    1   10    4    1    6    1    1    1      1187
    8    1   10    5    1   25    4    4    1      3445
    8    1   10    6    1    5    1    1    1     12268
    8    1   10    7    1   12    2    2    1      1618
    8    1   10    8    1   26    4    4    1       866
    8    1   10    9    1   21    3    3    1      1376
    8    1   10   10    1   31    4    4    1       682
    8    1   10   11    1   15    2    2    1       959
    8    1   10   12    1   28    4    4    1      4138
    8    1   10   13    1   19    3    3    1       838
    8    1   10   14    1    3    1    1    1       997
    8    2    1    1    2    8    0    1    9     14666
    8    2    1    2    2    8    0    1    9      4976
    8    2    1    3    1   12    2    2    1      2698
    8    2    1    4    1   19    3    3    1      1038
    8    2    1    5    1   21    3    3    1      1526
    8    2    1    6    1   19    3    3    1      2201
    8    2    1    7    2   24    0    3    9      1650
    8    2    1    8    1    3    1    1    1       977
    8    2    1    9    1   15    2    2    1      1451
    8    2    1   10    1    6    1    1    1      1426
    8    2    1   11    1   15    2    2    1      1498
    8    2    1   12    1   26    4    4    1      1310
    8    2    1   13    1   12    2    2    1      1067
    8    2    1   14    2   17    0    3    9      1553
    8    2    1   15    2   29    0    4    9       756
    8    2    1   16    1    9    2    2    1     10038
    8    2    1   17    2   11    0    2    9      2886
    8    2    1   18    2   24    0    3    9      1043
    8    2    1   19    1   25    4    4    1      1386
    8    2    1   20    1   10    2    2    1      1667
    8    2    1   21    1   22    3    3    1      1218
    8    2    1   22    1   31    4    4    1       882
    8    2    1   23    2    2    0    1    9      1167
    8    2    1   24    2   27    0    4    9      1057
    8    2    1   25    2   13    0    2    9      1591
    8    2    1   26    2   20    0    3    9      2361
    8    2    1   27    1   28    4    4    1       828
    8    2    1   28    2    1    0    1    9       844
    8    2    1   29    2   24    0    3    9      1259
    8    2    1   30    1   21    3    3    1       810
    8    2    1   31    2    4    0    1    9       730
    8    2    1   32    2    8    0    1    9       830
    8    2    1   33    1    5    1    1    1      1293
    8    2    1   34    1    6    1    1    1       682
    8    2    1   35    2   32    0    4    9       943
    8    2    1   36    2   24    0    3    9       907
    8    2    1   37    2   14    0    2    9      1447
    8    2    1   38    2   16    0    2    9       670
    8    2    1   39    1    3    1    1    1       804
    8    2    1   40    1   31    4    4    1       773
    8    2    1   41    2    7    0    1    9      2087
    8    2    1   42    2    8    0    1    9      1332
    8    2    1   43    1   10    2    2    1       847
    8    2    1   44    2   30    0    4    9       686
    8    2    1   45    2   18    0    3    9      1075
    8    2    1   46    1    5    1    1    1      1705
    8    2    1   47    1   26    4    4    1      2198
    8    2    1   48    1   28    4    4    1       719
    8    2    1   49    1    9    2    2    1      1347
    8    2    1   50    1   25    4    4    1       893
    8    2    1   51    2   23    0    3    9       891
    8    2    1   52    1   22    3    3    1       616
    8    2    2    1    2   32    0    4    9      1056
    8    2    2    2    1   10    2    2    1      2535
    8    2    2    3    1   25    4    4    1      1314
    8    2    2    4    1   26    4    4    1       878
    8    2    2    5    1   26    4    4    1       668
    8    2    2    6    1   21    3    3    1       994
    8    2    2    7    2    8    0    1    9      1435
    8    2    2    8    1   22    3    3    1      1059
    8    2    2    9    1    9    2    2    1      1161
    8    2    2   10    1   12    2    2    1       972
    8    2    2   11    1   25    4    4    1      1974
    8    2    2   12    2    8    0    1    9      1160
    8    2    2   13    2   20    0    3    9      3339
    8    2    2   14    1   15    2    2    1      3046
    8    2    2   15    2   14    0    2    9       893
    8    2    2   16    2    4    0    1    9       555
    8    2    2   17    2   13    0    2    9       629
    8    2    2   18    2   30    0    4    9       925
    8    2    2   19    2    1    0    1    9       921
    8    2    2   20    1   31    4    4    1       933
    8    2    2   21    1   28    4    4    1       961
    8    2    2   22    1   31    4    4    1       619
    8    2    2   23    1   19    3    3    1       803
    8    2    2   24    2    2    0    1    9      1268
    8    2    2   25    2    8    0    1    9       770
    8    2    2   26    2   24    0    3    9       820
    8    2    2   27    1   22    3    3    1       596
    8    2    2   28    2   24    0    3    9       621
    8    2    2   29    1    6    1    1    1       901
    8    2    2   30    1   28    4    4    1       674
    8    2    2   31    1    3    1    1    1       792
    8    2    2   32    1    3    1    1    1       745
    8    2    2   33    1    9    2    2    1      3948
    8    2    2   34    1   21    3    3    1       703
    8    2    2   35    2   23    0    3    9       628
    8    2    2   36    2   18    0    3    9       780
    8    2    2   37    2   24    0    3    9       957
    8    2    2   38    2    8    0    1    9      1736
    8    2    2   39    2   16    0    2    9       675
    8    2    2   40    1    5    1    1    1       745
    8    2    2   41    1    5    1    1    1       908
    8    2    2   42    1   19    3    3    1       937
    8    2    2   43    1   10    2    4    0       692
    8    2    2   44    2   24    0    3    9       922
    8    2    2   45    2   29    0    4    9       662
    8    2    2   46    2   11    0    2    9      1148
    8    2    2   47    1    6    1    1    1       767
    8    2    2   48    1   15    2    2    1       801
    8    2    2   49    2    7    0    1    9       706
    8    2    2   50    1   12    2    2    1      1014
    8    2    2   51    2   17    0    3    9       718
    8    2    2   52    2   27    0    4    9       562
