   15    1    1    1    1   15    2    3    0      5974
   15    1    1    2    1    7    2    2    1      4867
   15    1    1    3    1    9    1    2    0      3793
   15    1    1    4    1   12    2    4    0      5250
   15    1    1    5    1   18    3    3    1      8681
   15    1    1    6    1    6    1    4    0      4686
   15    1    1    7    1   22    3    3    1      4827
   15    1    1    8    1    3    2    1    0      1387
   15    1    1    9    1   23    4    3    0      1053
   15    1    1   10    1   31    4    1    0      2235
   15    1    1   11    1   25    3    3    1      1819
   15    1    1   12    1    2    1    2    0      1986
   15    1    1   13    1   19    4    4    1      2348
   15    1    1   14    1   28    4    3    0      2558
   15    1    2    1    1    6    1    2    0      2645
   15    1    2    2    1   19    4    1    0      1285
   15    1    2    3    1    7    2    3    0      2298
   15    1    2    4    1   15    2    4    0      3846
   15    1    2    5    1   12    2    3    0      5045
   15    1    2    6    1    2    1    2    0      1524
   15    1    2    7    1   22    3    1    0      3808
   15    1    2    8    1    9    1    3    0      5041
   15    1    2    9    1   28    4    3    0      3008
   15    1    2   10    1   23    4    2    0      1265
   15    1    2   11    1    3    2    3    0      7174
   15    1    2   12    1   25    3    3    1      2048
   15    1    2   13    1   18    3    1    0      6815
   15    1    2   14    1   31    4    4    1      2871
   15    1    3    1    1   19    4    3    0      3790
   15    1    3    2    1   22    3    2    0      2751
   15    1    3    3    1   25    3    3    1      1642
   15    1    3    4    1    9    1    3    0       905
   15    1    3    5    1   12    2    4    0      1166
   15    1    3    6    1    3    2    1    0      2023
   15    1    3    7    1   23    4    2    0      1519
   15    1    3    8    1   15    2    4    0      2380
   15    1    3    9    1    6    1    3    0      2213
   15    1    3   10    1    7    2    3    0       917
   15    1    3   11    1   28    4    3    0      4473
   15    1    3   12    1    2    1    1    1      1135
   15    1    3   13    1   31    4    4    1      1794
   15    1    3   14    1   18    3    2    0      1740
   15    1    4    1    1   25    3    3    1      3103
   15    1    4    2    1    2    1    1    1      1459
   15    1    4    3    1    7    2    2    1      3882
   15    1    4    4    1    3    2    4    0      1039
   15    1    4    5    1   31    4    4    1      1582
   15    1    4    6    1   19    4    1    0      1424
   15    1    4    7    1    6    1    3    0       768
   15    1    4    8    1   28    4    3    0       938
   15    1    4    9    1   23    4    2    0      9133
   15    1    4   10    1   22    3    2    0      3608
   15    1    4   11    1   18    3    1    0      5568
   15    1    4   12    1   12    2    4    0      1418
   15    1    4   13    1    9    1    4    0      4250
   15    1    4   14    1   15    2    4    0      1017
   15    1    5    1    1    9    1    4    0      1002
   15    1    5    2    1   12    2    3    0      1163
   15    1    5    3    1   15    2    2    1       885
   15    1    5    4    1    6    1    1    1       818
   15    1    5    5    1    7    2    3    0       898
   15    1    5    6    1   28    4    4    1      3031
   15    1    5    7    1   23    4    3    0       910
   15    1    5    8    1   31    4    2    0      2835
   15    1    5    9    1    3    2    1    0      5785
   15    1    5   10    1   22    3    4    0       923
   15    1    5   11    1    2    1    1    1      2767
   15    1    5   12    1   25    3    4    0       785
   15    1    5   13    1   19    4    4    1      1578
   15    1    5   14    1   18    3    3    1       828
   15    1    6    1    1   28    4    4    1       990
   15    1    6    2    1   19    4    3    0       680
   15    1    6    3    1   18    3    3    1       805
   15    1    6    4    1   23    4    4    1       566
   15    1    6    5    1   22    3    3    1       656
   15    1    6    6    1    2    1    1    1      2310
   15    1    6    7    1    6    1    1    1       667
   15    1    6    8    1    7    2    2    1       673
   15    1    6    9    1   31    4    4    1       967
   15    1    6   10    1    3    2    3    0      1665
   15    1    6   11    1   25    3    3    1      1431
   15    1    6   12    1    9    1    1    1      1038
   15    1    6   13    1   15    2    2    1      1189
   15    1    6   14    1   12    2    2    1       582
   15    1    7    1    1   18    3    3    1      1683
   15    1    7    2    1    7    2    2    1      1152
   15    1    7    3    1   15    2    2    1       627
   15    1    7    4    1   31    4    3    0      1147
   15    1    7    5    1   12    2    2    1       966
   15    1    7    6    1   28    4    4    1       576
   15    1    7    7    1    3    2    2    1       954
   15    1    7    8    1   23    4    3    0      1204
   15    1    7    9    1    2    1    2    0       780
   15    1    7   10    1   19    4    3    0      2726
   15    1    7   11    1    6    1    1    1      2242
   15    1    7   12    1   22    3    3    1      2057
   15    1    7   13    1    9    1    1    1      1112
   15    1    7   14    1   25    3    3    1      1596
   15    1    8    1    1   31    4    3    0      1910
   15    1    8    2    1    2    1    1    1      1523
   15    1    8    3    1   15    2    4    0      5830
   15    1    8    4    1    3    2    2    1      1158
   15    1    8    5    1   25    3    3    1      1417
   15    1    8    6    1   12    2    2    1      1361
   15    1    8    7    1   18    3    3    1      1483
   15    1    8    8    1   19    4    4    1       912
   15    1    8    9    1   22    3    3    1      1549
   15    1    8   10    1    9    1    1    1      1279
   15    1    8   11    1   23    4    4    1      5581
   15    1    8   12    1    6    1    1    1      3358
   15    1    8   13    1    7    2    2    1      1321
   15    1    8   14    1   28    4    4    1      1557
   15    1    9    1    1   12    2    2    1      1620
   15    1    9    2    1    7    2    2    1      2116
   15    1    9    3    1    3    2    2    1       848
   15    1    9    4    1    6    1    1    1       990
   15    1    9    5    1   31    4    3    0      1240
   15    1    9    6    1   28    4    4    1      1055
   15    1    9    7    1   19    4    4    1       950
   15    1    9    8    1   22    3    3    1      1248
   15    1    9    9    1    2    1    1    1      1759
   15    1    9   10    1   25    3    3    1      1881
   15    1    9   11    1   15    2    2    1      1839
   15    1    9   12    1    9    1    1    1      1126
   15    1    9   13    1   18    3    3    1      1754
   15    1    9   14    1   23    4    4    1      1028
   15    1   10    1    1    7    2    2    1      1665
   15    1   10    2    1    6    1    1    1      3743
   15    1   10    3    1   23    4    4    1      2202
   15    1   10    4    1   28    4    4    1      1075
   15    1   10    5    1   25    3    3    1      1289
   15    1   10    6    1   15    2    2    1      1494
   15    1   10    7    1    9    1    1    1      1419
   15    1   10    8    1   18    3    3    1      1571
   15    1   10    9    1   12    2    2    1      2149
   15    1   10   10    1    2    1    1    1      4352
   15    1   10   11    1    3    2    2    1      1298
   15    1   10   12    1   22    3    3    1      2447
   15    1   10   13    1   19    4    4    1      1950
   15    1   10   14    1   31    4    4    1      1120
   15    2    1    1    2    4    0    2    9      3089
   15    2    1    2    1   15    2    2    1      1813
   15    2    1    3    2   14    0    1    9      1293
   15    2    1    4    1    6    1    1    1      2075
   15    2    1    5    1   31    4    3    0      1417
   15    2    1    6    2   27    0    4    9      1297
   15    2    1    7    2   11    0    2    9      1501
   15    2    1    8    1   23    4    4    1      2050
   15    2    1    9    1   28    4    4    1       977
   15    2    1   10    2   17    0    3    9      2362
   15    2    1   11    1    7    2    2    1      1821
   15    2    1   12    2   30    0    3    9      1717
   15    2    1   13    1   28    4    4    1      1249
   15    2    1   14    1   22    3    3    1      1280
   15    2    1   15    1    2    1    2    0      2157
   15    2    1   16    1   19    4    4    1      1719
   15    2    1   17    2   29    0    3    9      1347
   15    2    1   18    1   15    2    2    1      1518
   15    2    1   19    1   19    4    4    1      3058
   15    2    1   20    1    2    1    1    1      1465
   15    2    1   21    1   12    2    2    1      1790
   15    2    1   22    1    3    2    2    1      1336
   15    2    1   23    2   16    0    2    9      1219
   15    2    1   24    2   24    0    4    9      1555
   15    2    1   25    1   18    3    3    1      1141
   15    2    1   26    1   23    4    4    1      1161
   15    2    1   27    1    7    2    2    1      1723
   15    2    1   28    2   20    0    4    9      1559
   15    2    1   29    1   31    4    4    1      1082
   15    2    1   30    1   25    3    3    1      1519
   15    2    1   31    1   18    3    3    1      1763
   15    2    1   32    2   13    0    1    9      2061
   15    2    1   33    1   22    3    3    1      1980
   15    2    1   34    2   14    0    1    9      1997
   15    2    1   35    2    1    0    1    9      1214
   15    2    1   36    2   10    0    2    9      1214
   15    2    1   37    1    3    2    2    1      2254
   15    2    1   38    2   30    0    3    9      1908
   15    2    1   39    1   25    3    3    1      1321
   15    2    1   40    2   30    0    3    9      1381
   15    2    1   41    2   21    0    3    9      1086
   15    2    1   42    2   26    0    3    9      5699
   15    2    1   43    2   14    0    2    9      1456
   15    2    1   44    2   30    0    4    9      2055
   15    2    1   45    1    9    1    1    1      1749
   15    2    1   46    1    9    1    1    1      1024
   15    2    1   47    2    5    0    1    9      1704
   15    2    1   48    2    8    0    2    9      2724
   15    2    1   49    1   12    2    2    1      1816
   15    2    1   50    2   14    0    1    9      1552
   15    2    1   51    2   32    0    4    9      2147
   15    2    1   52    1    6    1    1    1      2045
   15    2    2    1    1   31    4    4    1      1804
   15    2    2    2    2    5    0    1    9      1765
   15    2    2    3    2   16    0    2    9      1743
   15    2    2    4    1    6    1    1    1      2250
   15    2    2    5    1   12    2    2    1      1585
   15    2    2    6    1   15    2    2    1      2354
   15    2    2    7    2   17    0    3    9      1557
   15    2    2    8    1    9    1    1    1      1655
   15    2    2    9    1   25    3    3    1      1158
   15    2    2   10    2    4    0    2    9      2857
   15    2    2   11    2   30    0    3    9      1383
   15    2    2   12    1    9    1    1    1      1041
   15    2    2   13    1   12    2    2    1      1688
   15    2    2   14    1    7    2    2    1      1813
   15    2    2   15    2   30    0    3    9      1677
   15    2    2   16    1    7    2    2    1      1147
   15    2    2   17    1   23    4    3    0      1054
   15    2    2   18    1   31    4    4    1      1028
   15    2    2   19    1   18    3    3    1      1212
   15    2    2   20    1   28    4    4    1      1005
   15    2    2   21    1   22    3    3    1      1046
   15    2    2   22    2   26    0    3    9       957
   15    2    2   23    2   27    0    4    9       872
   15    2    2   24    2   29    0    3    9       981
   15    2    2   25    2   14    0    1    9      1135
   15    2    2   26    1    3    2    2    1      1122
   15    2    2   27    1    3    2    2    1       822
   15    2    2   28    2   14    0    1    9      1350
   15    2    2   29    2   32    0    4    9      1696
   15    2    2   30    2   14    0    1    9      2333
   15    2    2   31    2   11    0    2    9       960
   15    2    2   32    2   24    0    4    9      1019
   15    2    2   33    1   19    4    3    0       883
   15    2    2   34    2   14    0    1    9      2512
   15    2    2   35    2   21    0    3    9      1197
   15    2    2   36    2    1    0    1    9      1085
   15    2    2   37    2   13    0    1    9       963
   15    2    2   38    1   15    2    4    0      2157
   15    2    2   39    1    2    1    1    1      1799
   15    2    2   40    2   20    0    4    9      1824
   15    2    2   41    1   23    4    4    1      3192
   15    2    2   42    2    8    0    2    9      1321
   15    2    2   43    1   28    4    4    1      1077
   15    2    2   44    1    6    1    2    0      1083
   15    2    2   45    1   22    3    3    1      1072
   15    2    2   46    2   30    0    3    9      2038
   15    2    2   47    1   19    4    4    1       949
   15    2    2   48    1   18    3    3    1       656
   15    2    2   49    2   10    0    1    9      1735
   15    2    2   50    1   25    3    3    1      3042
   15    2    2   51    1    2    1    1    1      2025
   15    2    2   52    2   30    0    3    9      1257
