   49    1    1    1    1   12    2    2    1      3753
   49    1    1    2    1   19    1    2    0      1966
   49    1    1    3    1    6    1    1    1      2817
   49    1    1    4    1   25    2    2    1      1985
   49    1    1    5    1   31    2    1    0      2059
   49    1    1    6    1   15    2    2    1      2442
   49    1    1    7    1   28    2    1    0      1290
   49    1    1    8    1    2    1    1    1      4360
   49    1    1    9    1    9    1    1    1      1763
   49    1    1   10    1   22    1    1    1      2182
   49    1    1   11    1   26    2    1    0      1495
   49    1    1   12    1    7    2    2    1      1670
   49    1    1   13    1   21    1    1    1      1268
   49    1    1   14    1    3    2    2    1       698
   49    1    2    1    1    6    1    1    1      2000
   49    1    2    2    1    7    2    2    1      1081
   49    1    2    3    1   15    2    1    0      1671
   49    1    2    4    1   19    1    2    0      1021
   49    1    2    5    1   26    2    1    0      3510
   49    1    2    6    1   31    2    2    1      1419
   49    1    2    7    1    9    1    1    1      1956
   49    1    2    8    1   25    2    1    0      2127
   49    1    2    9    1   22    1    1    1      3715
   49    1    2   10    1   21    1    1    1       704
   49    1    2   11    1   12    2    2    1       997
   49    1    2   12    1    2    1    1    1       767
   49    1    2   13    1    3    2    2    1       681
   49    1    2   14    1   28    2    2    1       783
   49    1    3    1    1   21    1    1    1      1336
   49    1    3    2    1   31    2    2    1       516
   49    1    3    3    1   15    2    2    1      2224
   49    1    3    4    1    3    2    1    0      1057
   49    1    3    5    1   26    2    1    0      1088
   49    1    3    6    1   25    2    1    0       854
   49    1    3    7    1    6    1    1    1       997
   49    1    3    8    1   12    2    2    1       670
   49    1    3    9    1    9    1    1    1      1117
   49    1    3   10    1    2    1    1    1      1977
   49    1    3   11    1   19    1    2    0       675
   49    1    3   12    1    7    2    2    1      1562
   49    1    3   13    1   28    2    2    1      1165
   49    1    3   14    1   22    1    1    1      1648
   49    1    4    1    1   12    2    2    1      1053
   49    1    4    2    1   21    1    1    1       740
   49    1    4    3    1   22    1    1    1       936
   49    1    4    4    1   19    1    2    0       443
   49    1    4    5    1   25    2    1    0       627
   49    1    4    6    1   31    2    2    1       907
   49    1    4    7    1    3    2    2    1       800
   49    1    4    8    1    6    1    1    1       769
   49    1    4    9    1   26    2    1    0       780
   49    1    4   10    1   28    2    2    1       790
   49    1    4   11    1    7    2    2    1       888
   49    1    4   12    1   15    2    2    1       813
   49    1    4   13    1    2    1    1    1       686
   49    1    4   14    1    9    1    1    1       643
   49    1    5    1    1   21    1    1    1       994
   49    1    5    2    1    3    2    2    1       612
   49    1    5    3    1   31    2    2    1       725
   49    1    5    4    1   22    1    1    1       481
   49    1    5    5    1    6    1    2    0      1503
   49    1    5    6    1    9    1    1    1       628
   49    1    5    7    1    7    2    2    1       524
   49    1    5    8    1   26    2    1    0       945
   49    1    5    9    1   25    2    1    0       772
   49    1    5   10    1    2    1    2    0       759
   49    1    5   11    1   12    2    2    1       618
   49    1    5   12    1   19    1    2    0       938
   49    1    5   13    1   15    2    1    0      1734
   49    1    5   14    1   28    2    2    1       898
   49    1    6    1    1    9    1    1    1       751
   49    1    6    2    1   25    2    1    0       682
   49    1    6    3    1    3    2    2    1       768
   49    1    6    4    1   22    1    1    1       658
   49    1    6    5    1   28    2    2    1       633
   49    1    6    6    1   21    1    1    1       585
   49    1    6    7    1   19    1    2    0      1083
   49    1    6    8    1    2    1    1    1      1689
   49    1    6    9    1   26    2    1    0       783
   49    1    6   10    1    7    2    2    1       608
   49    1    6   11    1   12    2    2    1       705
   49    1    6   12    1    6    1    1    1       510
   49    1    6   13    1   15    2    2    1       676
   49    1    6   14    1   31    2    2    1       786
   49    1    7    1    1   22    1    1    1       844
   49    1    7    2    1   21    1    1    1       732
   49    1    7    3    1   19    1    2    0       656
   49    1    7    4    1   15    2    2    1      1215
   49    1    7    5    1   12    2    2    1       752
   49    1    7    6    1    2    1    1    1       619
   49    1    7    7    1   25    2    1    0       739
   49    1    7    8    1    3    2    2    1      2223
   49    1    7    9    1    7    2    2    1       647
   49    1    7   10    1   26    2    1    0       631
   49    1    7   11    1   31    2    2    1       590
   49    1    7   12    1    6    1    1    1       680
   49    1    7   13    1   28    2    2    1       686
   49    1    7   14    1    9    1    1    1       507
   49    1    8    1    1    2    1    1    1       810
   49    1    8    2    1   19    1    2    0       531
   49    1    8    3    1    3    2    2    1       798
   49    1    8    4    1   31    2    2    1       751
   49    1    8    5    1   12    2    2    1       674
   49    1    8    6    1   21    1    1    1       561
   49    1    8    7    1   25    2    2    1      2227
   49    1    8    8    1   15    2    2    1      1644
   49    1    8    9    1    6    1    1    1       796
   49    1    8   10    1    9    1    2    0      2309
   49    1    8   11    1   22    1    1    1      3227
   49    1    8   12    1   28    2    2    1      1235
   49    1    8   13    1   26    2    1    0      3395
   49    1    8   14    1    7    2    2    1       917
   49    1    9    1    1   21    1    1    1       847
   49    1    9    2    1    7    2    2    1       766
   49    1    9    3    1   15    2    2    1      1553
   49    1    9    4    1   19    1    2    0      2228
   49    1    9    5    1   12    2    2    1      2261
   49    1    9    6    1    3    2    1    0      1660
   49    1    9    7    1   22    1    1    1      1379
   49    1    9    8    1   26    2    2    1      2565
   49    1    9    9    1    6    1    1    1      1344
   49    1    9   10    1    2    1    1    1      1843
   49    1    9   11    1   25    2    2    1      1043
   49    1    9   12    1   31    2    2    1      1075
   49    1    9   13    1   28    2    2    1      1362
   49    1    9   14    1    9    1    1    1       973
   49    1   10    1    1   25    2    1    0      2728
   49    1   10    2    1   31    2    2    1       813
   49    1   10    3    1   28    2    1    0      2126
   49    1   10    4    1    6    1    1    1       746
   49    1   10    5    1   12    2    2    1       854
   49    1   10    6    1    3    2    1    0       965
   49    1   10    7    1   22    1    1    1      1039
   49    1   10    8    1   19    1    2    0       735
   49    1   10    9    1    9    1    1    1      2099
   49    1   10   10    1   15    2    2    1      1064
   49    1   10   11    1   21    1    1    1       838
   49    1   10   12    1   26    2    1    0      1895
   49    1   10   13    1    2    1    1    1       685
   49    1   10   14    1    7    2    2    1       602
   49    2    1    1    1   19    1    2    0      1027
   49    2    1    2    1    9    1    1    1       642
   49    2    1    3    1    7    2    2    1       617
   49    2    1    4    2    4    0    2    9      1009
   49    2    1    5    1    6    1    1    1      1066
   49    2    1    6    2   32    0    2    9       977
   49    2    1    7    1    2    1    1    1       987
   49    2    1    8    1   15    2    2    1      1013
   49    2    1    9    2   18    0    1    9       942
   49    2    1   10    2   24    0    2    9       729
   49    2    1   11    2   27    0    2    9      1014
   49    2    1   12    1   12    2    2    1      2006
   49    2    1   13    2    1    0    1    9      1343
   49    2    1   14    2   10    0    1    9       883
   49    2    1   15    1    3    2    2    1       529
   49    2    1   16    1   21    1    2    0      1221
   49    2    1   17    1   28    2    2    1      1701
   49    2    1   18    2   14    0    1    9       466
   49    2    1   19    2   16    0    2    9      1169
   49    2    1   20    2   14    0    1    9      5003
   49    2    1   21    1   28    2    2    1       621
   49    2    1   22    2   14    0    1    9       613
   49    2    1   23    2   13    0    1    9       782
   49    2    1   24    1   19    1    2    0       672
   49    2    1   25    1    7    2    2    1      2238
   49    2    1   26    1    6    1    1    1       614
   49    2    1   27    2    5    0    1    9       958
   49    2    1   28    1   22    1    1    1       849
   49    2    1   29    2   17    0    1    9       736
   49    2    1   30    2    8    0    2    9       652
   49    2    1   31    1   31    2    1    0      2611
   49    2    1   32    1    2    1    1    1      1252
   49    2    1   33    2   20    0    2    9       659
   49    2    1   34    2   24    0    1    9      1770
   49    2    1   35    2   23    0    2    9      1357
   49    2    1   36    2   24    0    2    9       776
   49    2    1   37    1    3    2    2    1       715
   49    2    1   38    1   21    1    1    1      1095
   49    2    1   39    1   26    2    1    0       997
   49    2    1   40    1   31    2    2    1      3766
   49    2    1   41    2   30    0    1    9       754
   49    2    1   42    1   25    2    1    0      1149
   49    2    1   43    1   22    1    1    1      1128
   49    2    1   44    1    9    1    1    1       772
   49    2    1   45    2   24    0    2    9       438
   49    2    1   46    1   26    2    2    1      1990
   49    2    1   47    1   25    2    1    0      1280
   49    2    1   48    2   11    0    2    9      1222
   49    2    1   49    1   12    2    2    1       663
   49    2    1   50    1   15    2    2    1       903
   49    2    1   51    2   14    0    1    9       644
   49    2    1   52    2   29    0    1    9       803
   49    2    2    1    2    5    0    1    9       916
   49    2    2    2    2   20    0    2    9       537
   49    2    2    3    1   21    1    1    1       548
   49    2    2    4    1   26    2    1    0       663
   49    2    2    5    1    6    1    1    1       758
   49    2    2    6    1   19    1    2    0       609
   49    2    2    7    2   14    0    1    9       450
   49    2    2    8    2    4    0    2    9       633
   49    2    2    9    1    3    2    1    0       649
   49    2    2   10    1    2    1    1    1       992
   49    2    2   11    2   24    0    2    9      3105
   49    2    2   12    2   29    0    1    9      1287
   49    2    2   13    2   24    0    2    9       612
   49    2    2   14    1    7    2    2    1      1597
   49    2    2   15    1    6    1    1    1     10278
   49    2    2   16    1   28    2    2    1       638
   49    2    2   17    2   11    0    2    9       789
   49    2    2   18    1   12    2    2    1       543
   49    2    2   19    2   27    0    2    9      1211
   49    2    2   20    1    7    2    2    1       628
   49    2    2   21    2   30    0    1    9       684
   49    2    2   22    1   19    1    2    0      1370
   49    2    2   23    2    8    0    2    9       716
   49    2    2   24    1   31    2    2    1       640
   49    2    2   25    1    9    1    1    1       376
   49    2    2   26    2   14    0    1    9       706
   49    2    2   27    1   25    2    1    0       639
   49    2    2   28    1    9    1    1    1       751
   49    2    2   29    1    2    1    1    1       778
   49    2    2   30    1   28    2    2    1       700
   49    2    2   31    2   24    0    2    9       889
   49    2    2   32    2   24    0    2    9       710
   49    2    2   33    2   14    0    1    9       756
   49    2    2   34    2   18    0    1    9      1439
   49    2    2   35    2    1    0    1    9       918
   49    2    2   36    1   25    2    1    0       803
   49    2    2   37    2   23    0    2    9      1075
   49    2    2   38    1   22    1    1    1      1490
   49    2    2   39    1   21    1    2    0      1960
   49    2    2   40    1    3    2    2    1       859
   49    2    2   41    2   32    0    2    9       770
   49    2    2   42    1   15    2    2    1      1084
   49    2    2   43    1   22    1    1    1       930
   49    2    2   44    1   26    2    1    0       758
   49    2    2   45    1   12    2    2    1       721
   49    2    2   46    2   10    0    1    9      1117
   49    2    2   47    2   17    0    1    9       922
   49    2    2   48    1   31    2    2    1      1078
   49    2    2   49    1   15    2    2    1      1572
   49    2    2   50    2   16    0    2    9       767
   49    2    2   51    2   13    0    1    9       665
   49    2    2   52    2   14    0    1    9       592
