   18    1    1    1    1    9    1    1    1     10444
   18    1    1    2    1   28    2    2    1      1599
   18    1    1    3    1   31    2    2    1      1152
   18    1    1    4    1    7    2    1    0      1571
   18    1    1    5    1   21    1    2    0      1885
   18    1    1    6    1   25    2    1    0      1082
   18    1    1    7    1   15    2    1    0      3655
   18    1    1    8    1    3    2    2    1      2478
   18    1    1    9    1    2    1    2    0      1180
   18    1    1   10    1   22    1    1    1      2421
   18    1    1   11    1   12    2    1    0      1205
   18    1    1   12    1   19    1    2    0      1070
   18    1    1   13    1    6    1    1    1      2140
   18    1    1   14    1   26    2    1    0      2471
   18    1    2    1    1   28    2    1    0      3169
   18    1    2    2    1   15    2    1    0      1467
   18    1    2    3    1   22    1    2    0      1545
   18    1    2    4    1    9    1    1    1       948
   18    1    2    5    1   31    2    1    0      1119
   18    1    2    6    1   26    2    1    0      1035
   18    1    2    7    1   21    1    2    0      1338
   18    1    2    8    1    7    2    1    0      1982
   18    1    2    9    1    2    1    2    0      1127
   18    1    2   10    1    3    2    2    1      1251
   18    1    2   11    1   19    1    2    0       754
   18    1    2   12    1   25    2    1    0      1020
   18    1    2   13    1   12    2    2    1      1228
   18    1    2   14    1    6    1    1    1      2220
   18    1    3    1    1   15    2    2    1      1627
   18    1    3    2    1   28    2    2    1       987
   18    1    3    3    1   25    2    1    0       884
   18    1    3    4    1    2    1    1    1      1466
   18    1    3    5    1   19    1    2    0       896
   18    1    3    6    1    3    2    2    1       853
   18    1    3    7    1    7    2    2    1       708
   18    1    3    8    1   26    2    1    0       744
   18    1    3    9    1   12    2    2    1       804
   18    1    3   10    1    6    1    1    1      1892
   18    1    3   11    1    9    1    1    1       633
   18    1    3   12    1   21    1    1    1       833
   18    1    3   13    1   22    1    2    0      1056
   18    1    3   14    1   31    2    2    1      1007
   18    1    4    1    1   28    2    2    1      1626
   18    1    4    2    1    3    2    2    1       778
   18    1    4    3    1   21    1    1    1       620
   18    1    4    4    1   25    2    1    0       452
   18    1    4    5    1   22    1    1    1      2171
   18    1    4    6    1   12    2    2    1      2053
   18    1    4    7    1    6    1    1    1      2019
   18    1    4    8    1   19    1    1    1      5171
   18    1    4    9    1   26    2    1    0      4549
   18    1    4   10    1    7    2    2    1      1512
   18    1    4   11    1    9    1    1    1      1229
   18    1    4   12    1    2    1    1    1      3005
   18    1    4   13    1   15    2    2    1      1173
   18    1    4   14    1   31    2    2    1      1511
   18    1    5    1    1   31    2    2    1      1761
   18    1    5    2    1   19    1    2    0       956
   18    1    5    3    1   15    2    2    1      1135
   18    1    5    4    1   26    2    1    0       642
   18    1    5    5    1    9    1    1    1       722
   18    1    5    6    1    6    1    2    0      1159
   18    1    5    7    1   22    1    1    1       802
   18    1    5    8    1   21    1    1    1       739
   18    1    5    9    1    7    2    2    1       759
   18    1    5   10    1    2    1    1    1      1066
   18    1    5   11    1   25    2    1    0      2112
   18    1    5   12    1   28    2    2    1       853
   18    1    5   13    1   12    2    2    1       660
   18    1    5   14    1    3    2    1    0      3787
   18    1    6    1    1   25    2    1    0      4384
   18    1    6    2    1   12    2    2    1      5850
   18    1    6    3    1    9    1    1    1      1104
   18    1    6    4    1    7    2    2    1       693
   18    1    6    5    1   22    1    1    1      1147
   18    1    6    6    1   31    2    1    0      7309
   18    1    6    7    1   15    2    2    1      2066
   18    1    6    8    1    2    1    1    1       881
   18    1    6    9    1   28    2    2    1       927
   18    1    6   10    1   21    1    1    1       844
   18    1    6   11    1   26    2    1    0      3100
   18    1    6   12    1   19    1    1    1      1401
   18    1    6   13    1    6    1    1    1       690
   18    1    6   14    1    3    2    2    1       584
   18    1    7    1    1    3    2    2    1      2122
   18    1    7    2    1   12    2    2    1       950
   18    1    7    3    1    2    1    1    1      1025
   18    1    7    4    1   31    2    2    1      3081
   18    1    7    5    1    6    1    1    1       654
   18    1    7    6    1    7    2    2    1      1382
   18    1    7    7    1   21    1    1    1       703
   18    1    7    8    1   19    1    2    0      1348
   18    1    7    9    1   22    1    1    1       711
   18    1    7   10    1   15    2    2    1       620
   18    1    7   11    1   26    2    1    0       789
   18    1    7   12    1   25    2    1    0       702
   18    1    7   13    1   28    2    2    1       876
   18    1    7   14    1    9    1    1    1       602
   18    1    8    1    1   25    2    1    0       676
   18    1    8    2    1    7    2    2    1      1826
   18    1    8    3    1   21    1    1    1       379
   18    1    8    4    1    2    1    1    1      1102
   18    1    8    5    1   12    2    2    1       435
   18    1    8    6    1   15    2    2    1       530
   18    1    8    7    1   31    2    2    1       429
   18    1    8    8    1    3    2    1    0       509
   18    1    8    9    1   26    2    1    0       914
   18    1    8   10    1    6    1    1    1       806
   18    1    8   11    1   19    1    2    0       663
   18    1    8   12    1    9    1    1    1       597
   18    1    8   13    1   28    2    2    1       590
   18    1    8   14    1   22    1    1    1       504
   18    1    9    1    1    6    1    1    1       611
   18    1    9    2    1    9    1    1    1       540
   18    1    9    3    1   31    2    2    1      1031
   18    1    9    4    1    7    2    2    1       719
   18    1    9    5    1   22    1    1    1      2467
   18    1    9    6    1    3    2    2    1       865
   18    1    9    7    1   19    1    2    0       608
   18    1    9    8    1   15    2    2    1       865
   18    1    9    9    1   25    2    1    0       720
   18    1    9   10    1   28    2    2    1       524
   18    1    9   11    1   12    2    2    1       360
   18    1    9   12    1   21    1    1    1       619
   18    1    9   13    1    2    1    1    1      1363
   18    1    9   14    1   26    2    2    1       925
   18    1   10    1    1   12    2    2    1       842
   18    1   10    2    1   22    1    2    0       986
   18    1   10    3    1   19    1    1    1       619
   18    1   10    4    1    3    2    1    0       659
   18    1   10    5    1   21    1    1    1      1059
   18    1   10    6    1   28    2    2    1       538
   18    1   10    7    1   26    2    2    1       597
   18    1   10    8    1   25    2    1    0       734
   18    1   10    9    1    7    2    2    1       570
   18    1   10   10    1    6    1    2    0       692
   18    1   10   11    1   15    2    1    0       337
   18    1   10   12    1    2    1    2    0        28
   18    1   10   13    1    9    1    1    1       789
   18    1   10   14    1   31    2    2    1       566
   18    2    1    1    2   27    0    2    9      2195
   18    2    1    2    2   32    0    2    9       619
   18    2    1    3    2    5    0    1    9       755
   18    2    1    4    1    7    2    2    1      1157
   18    2    1    5    2   24    0    2    9       664
   18    2    1    6    1   25    2    1    0       510
   18    2    1    7    2   24    0    2    9       699
   18    2    1    8    1    9    1    1    1       592
   18    2    1    9    1   26    2    2    1      2346
   18    2    1   10    1    3    2    2    1       686
   18    2    1   11    1   22    1    1    1       659
   18    2    1   12    2    4    0    2    9       490
   18    2    1   13    2   20    0    2    9       392
   18    2    1   14    1    2    1    1    1       681
   18    2    1   15    1   19    1    2    0       766
   18    2    1   16    1   26    2    1    0       592
   18    2    1   17    1    6    1    1    1       826
   18    2    1   18    1   28    2    2    1       362
   18    2    1   19    1   19    1    1    1       797
   18    2    1   20    2    8    0    2    9       558
   18    2    1   21    2    1    0    1    9      5432
   18    2    1   22    2   30    0    2    9      1808
   18    2    1   23    1   25    2    2    1       649
   18    2    1   24    2   16    0    2    9       736
   18    2    1   25    1    2    1    1    1       612
   18    2    1   26    2   10    0    1    9       525
   18    2    1   27    1   21    1    1    1      1353
   18    2    1   28    2   18    0    2    9       612
   18    2    1   29    2   13    0    1    9       605
   18    2    1   30    2   23    0    2    9       566
   18    2    1   31    1   12    2    2    1       817
   18    2    1   32    1    6    1    1    1       561
   18    2    1   33    2   11    0    2    9       652
   18    2    1   34    1   21    1    1    1       451
   18    2    1   35    2   24    0    2    9       450
   18    2    1   36    2   29    0    1    9       448
   18    2    1   37    2   24    0    2    9       351
   18    2    1   38    1    9    1    1    1       370
   18    2    1   39    1    7    2    2    1       596
   18    2    1   40    2   14    0    1    9       381
   18    2    1   41    1   22    1    2    0       318
   18    2    1   42    1   31    2    2    1       882
   18    2    1   43    1    3    2    1    0       992
   18    2    1   44    1   15    2    2    1      1369
   18    2    1   45    2   17    0    1    9       579
   18    2    1   46    1   12    2    2    1       493
   18    2    1   47    2   14    0    1    9       459
   18    2    1   48    1   15    2    2    1       490
   18    2    1   49    2   14    0    2    9       391
   18    2    1   50    1   28    2    2    1       376
   18    2    1   51    1   31    2    2    1       458
   18    2    1   52    2   14    0    2    9       425
   18    2    2    1    2   14    0    2    9       409
   18    2    2    2    2    4    0    1    9       506
   18    2    2    3    1   25    2    2    1      1079
   18    2    2    4    1   31    2    2    1       381
   18    2    2    5    1    2    1    1    1       510
   18    2    2    6    1   28    2    2    1       332
   18    2    2    7    2   14    0    1    9       351
   18    2    2    8    1   26    2    2    1       610
   18    2    2    9    2   30    0    2    9      1068
   18    2    2   10    2   24    0    2    9       450
   18    2    2   11    2    1    0    1    9       721
   18    2    2   12    1    3    2    2    1       294
   18    2    2   13    1    9    1    1    1       124
   18    2    2   14    1   26    2    2    1       344
   18    2    2   15    1    3    2    2    1       539
   18    2    2   16    1   28    2    2    1       359
   18    2    2   17    2   24    0    2    9       378
   18    2    2   18    1   21    1    1    1       524
   18    2    2   19    1    9    1    2    0       360
   18    2    2   20    2   17    0    1    9       315
   18    2    2   21    2   13    0    2    9       399
   18    2    2   22    2   24    0    2    9       543
   18    2    2   23    2   29    0    2    9       218
   18    2    2   24    2    5    0    1    9       834
   18    2    2   25    2   24    0    2    9       370
   18    2    2   26    1   12    2    1    0       949
   18    2    2   27    1   15    2    2    1       607
   18    2    2   28    1   15    2    2    1       536
   18    2    2   29    1   22    1    2    0      1092
   18    2    2   30    2   14    0    1    9       650
   18    2    2   31    1    6    1    2    0      1841
   18    2    2   32    1    2    1    1    1      1081
   18    2    2   33    1   22    1    1    1       510
   18    2    2   34    1    6    1    2    0       378
   18    2    2   35    1   19    1    1    1       285
   18    2    2   36    2   27    0    1    9       466
   18    2    2   37    1    7    2    2    1       512
   18    2    2   38    1   21    1    2    0       349
   18    2    2   39    2   32    0    1    9      1056
   18    2    2   40    2   14    0    2    9       264
   18    2    2   41    2    8    0    1    9       350
   18    2    2   42    1   31    2    2    1       657
   18    2    2   43    2   11    0    1    9       520
   18    2    2   44    2   20    0    2    9       309
   18    2    2   45    1   19    1    1    1       298
   18    2    2   46    1   25    2    2    1      1135
   18    2    2   47    2   10    0    2    9       354
   18    2    2   48    2   16    0    1    9       341
   18    2    2   49    2   18    0    2    9       265
   18    2    2   50    1   12    2    1    0       288
   18    2    2   51    1    7    2    2    1       261
   18    2    2   52    2   23    0    2    9       285
