    8    1    1    1    1   18    3    1    0      6420
    8    1    1    2    1    7    2    2    1      2880
    8    1    1    3    1   23    4    2    0      1437
    8    1    1    4    1   12    2    1    0      1675
    8    1    1    5    1   15    2    3    0      4513
    8    1    1    6    1   31    4    2    0      3509
    8    1    1    7    1   25    3    1    0      1393
    8    1    1    8    1   28    4    3    0      1922
    8    1    1    9    1   19    4    3    0      4158
    8    1    1   10    1    6    1    1    1      3921
    8    1    1   11    1    2    1    1    1      1685
    8    1    1   12    1   22    3    4    0      5298
    8    1    1   13    1    9    1    1    1      2135
    8    1    1   14    1    3    2    4    0      4194
    8    1    2    1    1   28    4    4    1      1750
    8    1    2    2    1    3    2    2    1      3553
    8    1    2    3    1    7    2    1    0      2420
    8    1    2    4    1    6    1    2    0      2139
    8    1    2    5    1   15    2    3    0      2255
    8    1    2    6    1   19    4    2    0      5485
    8    1    2    7    1   25    3    4    0      1947
    8    1    2    8    1   22    3    1    0      3637
    8    1    2    9    1   12    2    1    0      2444
    8    1    2   10    1   31    4    2    0      1396
    8    1    2   11    1   18    3    1    0      1525
    8    1    2   12    1    2    1    3    0      1136
    8    1    2   13    1   23    4    2    0      3756
    8    1    2   14    1    9    1    4    0      2751
    8    1    3    1    1    6    1    1    1     10336
    8    1    3    2    1   23    4    1    0      1780
    8    1    3    3    1   25    3    3    1      2245
    8    1    3    4    1    9    1    3    0      1820
    8    1    3    5    1   28    4    4    1      1820
    8    1    3    6    1    2    1    2    0      1828
    8    1    3    7    1   18    3    2    0      1748
    8    1    3    8    1   19    4    4    1      1991
    8    1    3    9    1    7    2    4    0      2984
    8    1    3   10    1   15    2    1    0      1497
    8    1    3   11    1   22    3    3    1      2822
    8    1    3   12    1    3    2    2    1      4278
    8    1    3   13    1   12    2    1    0      5883
    8    1    3   14    1   31    4    2    0      3849
    8    1    4    1    1   25    3    3    1      3188
    8    1    4    2    1    2    1    4    0      2422
    8    1    4    3    1    7    2    3    0      1726
    8    1    4    4    1    6    1    1    1      3986
    8    1    4    5    1   18    3    1    0      1459
    8    1    4    6    1    3    2    1    0      3249
    8    1    4    7    1   22    3    2    0      5080
    8    1    4    8    1    9    1    4    0       965
    8    1    4    9    1   12    2    4    0       759
    8    1    4   10    1   19    4    4    1       674
    8    1    4   11    1   31    4    4    1       567
    8    1    4   12    1   15    2    4    0       546
    8    1    4   13    1   28    4    4    1       821
    8    1    4   14    1   23    4    2    0       805
    8    1    5    1    1    6    1    3    0      1165
    8    1    5    2    1   18    3    1    0      1351
    8    1    5    3    1    2    1    1    1       745
    8    1    5    4    1    3    2    4    0      2381
    8    1    5    5    1   15    2    2    1      1446
    8    1    5    6    1   23    4    3    0      1292
    8    1    5    7    1   19    4    4    1      1234
    8    1    5    8    1   25    3    3    1       801
    8    1    5    9    1    7    2    2    1      1154
    8    1    5   10    1   31    4    4    1      2612
    8    1    5   11    1   12    2    1    0      1933
    8    1    5   12    1   22    3    3    1      1080
    8    1    5   13    1   28    4    4    1       813
    8    1    5   14    1    9    1    1    1       861
    8    1    6    1    1    7    2    2    1      1506
    8    1    6    2    1   12    2    2    1       983
    8    1    6    3    1    6    1    1    1       880
    8    1    6    4    1    2    1    1    1       430
    8    1    6    5    1   23    4    3    0       861
    8    1    6    6    1   15    2    2    1      1427
    8    1    6    7    1   31    4    4    1      1067
    8    1    6    8    1   18    3    2    0       914
    8    1    6    9    1   25    3    3    1      1605
    8    1    6   10    1   28    4    4    1       982
    8    1    6   11    1   22    3    3    1       895
    8    1    6   12    1    9    1    1    1       957
    8    1    6   13    1   19    4    4    1      1447
    8    1    6   14    1    3    2    2    1      1054
    8    1    7    1    1   19    4    4    1      1020
    8    1    7    2    1   12    2    2    1       756
    8    1    7    3    1   15    2    1    0       518
    8    1    7    4    1    3    2    2    1       554
    8    1    7    5    1   28    4    4    1       901
    8    1    7    6    1   22    3    3    1       626
    8    1    7    7    1   23    4    3    0       762
    8    1    7    8    1   18    3    3    1       548
    8    1    7    9    1    6    1    2    0       687
    8    1    7   10    1   25    3    3    1       844
    8    1    7   11    1    2    1    1    1      1051
    8    1    7   12    1    9    1    1    1       482
    8    1    7   13    1   31    4    3    0       703
    8    1    7   14    1    7    2    2    1      1548
    8    1    8    1    1    2    1    1    1      1704
    8    1    8    2    1   23    4    3    0      1092
    8    1    8    3    1   18    3    3    1       898
    8    1    8    4    1   25    3    3    1       750
    8    1    8    5    1   28    4    4    1       401
    8    1    8    6    1   19    4    4    1       530
    8    1    8    7    1   15    2    2    1       701
    8    1    8    8    1   22    3    3    1      1153
    8    1    8    9    1    7    2    2    1      2020
    8    1    8   10    1   12    2    2    1       948
    8    1    8   11    1    6    1    1    1      1775
    8    1    8   12    1    3    2    2    1      1032
    8    1    8   13    1    9    1    1    1       816
    8    1    8   14    1   31    4    4    1      3136
    8    1    9    1    1   25    3    3    1      1870
    8    1    9    2    1    2    1    1    1      1476
    8    1    9    3    1   22    3    3    1      1306
    8    1    9    4    1   23    4    4    1       823
    8    1    9    5    1   12    2    2    1       823
    8    1    9    6    1   15    2    2    1       711
    8    1    9    7    1   18    3    3    1       971
    8    1    9    8    1    3    2    2    1      1333
    8    1    9    9    1   28    4    4    1       816
    8    1    9   10    1    9    1    1    1       768
    8    1    9   11    1   31    4    4    1      2210
    8    1    9   12    1    7    2    2    1      1195
    8    1    9   13    1    6    1    1    1       988
    8    1    9   14    1   19    4    4    1      1062
    8    1   10    1    1    2    1    1    1      2267
    8    1   10    2    1    6    1    1    1       930
    8    1   10    3    1   18    3    3    1      1021
    8    1   10    4    1    9    1    1    1      1253
    8    1   10    5    1   23    4    4    1      1123
    8    1   10    6    1   28    4    4    1       551
    8    1   10    7    1   22    3    3    1       738
    8    1   10    8    1    7    2    2    1       629
    8    1   10    9    1   19    4    4    1      1133
    8    1   10   10    1   31    4    4    1       816
    8    1   10   11    1   25    3    3    1       656
    8    1   10   12    1    3    2    2    1       839
    8    1   10   13    1   12    2    2    1       534
    8    1   10   14    1   15    2    2    1       658
    8    2    1    1    2   30    0    2    9      1377
    8    2    1    2    1   19    4    2    0      1002
    8    2    1    3    2   14    0    1    9      1282
    8    2    1    4    1   15    2    2    1      1152
    8    2    1    5    2   30    0    3    9      1122
    8    2    1    6    2   11    0    1    9      1366
    8    2    1    7    2   21    0    3    9      1024
    8    2    1    8    1   23    4    4    1      1560
    8    2    1    9    2    8    0    3    9      1786
    8    2    1   10    1   19    4    4    1      2212
    8    2    1   11    1   15    2    2    1      1565
    8    2    1   12    2   30    0    4    9      2367
    8    2    1   13    1    2    1    3    0       592
    8    2    1   14    1   18    3    3    1      2730
    8    2    1   15    1    3    2    2    1      3981
    8    2    1   16    1   22    3    1    0      2862
    8    2    1   17    2   14    0    1    9      2829
    8    2    1   18    2   27    0    4    9      1036
    8    2    1   19    2   24    0    4    9      1060
    8    2    1   20    2   17    0    3    9      1242
    8    2    1   21    1    9    1    1    1      1402
    8    2    1   22    1    6    1    2    0      1922
    8    2    1   23    2    4    0    2    9      1190
    8    2    1   24    2   13    0    3    9      4296
    8    2    1   25    1    2    1    4    0       397
    8    2    1   26    2   30    0    3    9      2189
    8    2    1   27    1   31    4    4    1      1127
    8    2    1   28    1    7    2    2    1      1035
    8    2    1   29    1    6    1    1    1      1154
    8    2    1   30    2   26    0    3    9       853
    8    2    1   31    1   18    3    3    1       547
    8    2    1   32    2   29    0    3    9       958
    8    2    1   33    2   20    0    4    9       633
    8    2    1   34    2   10    0    2    9      1392
    8    2    1   35    2    1    0    1    9       697
    8    2    1   36    1    9    1    1    1       622
    8    2    1   37    1   28    4    4    1      1174
    8    2    1   38    2   32    0    4    9       568
    8    2    1   39    1   28    4    4    1       578
    8    2    1   40    2    5    0    2    9      1387
    8    2    1   41    2   14    0    2    9      2069
    8    2    1   42    1    3    2    2    1       691
    8    2    1   43    1    7    2    4    0      1176
    8    2    1   44    1   22    3    3    1      3610
    8    2    1   45    1   31    4    4    1      1259
    8    2    1   46    2   16    0    2    9      1017
    8    2    1   47    1   12    2    2    1      1201
    8    2    1   48    1   23    4    4    1      1490
    8    2    1   49    1   25    3    3    1       999
    8    2    1   50    1   12    2    2    1       912
    8    2    1   51    2   14    0    1    9       844
    8    2    1   52    1   25    3    3    1      1420
    8    2    2    1    1   18    3    3    1       740
    8    2    2    2    1    7    2    2    1      1383
    8    2    2    3    1    7    2    2    1       576
    8    2    2    4    1    2    1    1    1       778
    8    2    2    5    1    9    1    1    1      1132
    8    2    2    6    2   30    0    3    9      1567
    8    2    2    7    1   23    4    4    1       561
    8    2    2    8    1   22    3    3    1       460
    8    2    2    9    2   13    0    1    9       523
    8    2    2   10    1    3    2    2    1       551
    8    2    2   11    1   31    4    4    1       993
    8    2    2   12    2   14    0    2    9      1034
    8    2    2   13    1   12    2    2    1      1026
    8    2    2   14    2    4    0    2    9       618
    8    2    2   15    2   30    0    3    9      2898
    8    2    2   16    2   14    0    1    9      4462
    8    2    2   17    2   11    0    2    9      1101
    8    2    2   18    2   20    0    4    9       817
    8    2    2   19    1   12    2    2    1       962
    8    2    2   20    2   14    0    1    9      1212
    8    2    2   21    1   19    4    4    1      3468
    8    2    2   22    1   31    4    4    1       835
    8    2    2   23    1   28    4    4    1      1362
    8    2    2   24    1   28    4    4    1      1244
    8    2    2   25    2   27    0    4    9       716
    8    2    2   26    2   21    0    3    9      1264
    8    2    2   27    2   24    0    4    9       830
    8    2    2   28    2    5    0    1    9       797
    8    2    2   29    1    3    2    2    1       813
    8    2    2   30    1   23    4    3    0      2446
    8    2    2   31    2    8    0    1    9      2333
    8    2    2   32    1   22    3    3    1      4320
    8    2    2   33    1   25    3    3    1      2420
    8    2    2   34    2   10    0    1    9      1028
    8    2    2   35    1   18    3    4    0      1084
    8    2    2   36    2   29    0    3    9       913
    8    2    2   37    2   26    0    3    9      1069
    8    2    2   38    1   19    4    4    1       819
    8    2    2   39    2   30    0    3    9      1139
    8    2    2   40    1    9    1    1    1       854
    8    2    2   41    1    6    1    2    0       677
    8    2    2   42    1   15    2    2    1       731
    8    2    2   43    2   16    0    2    9       350
    8    2    2   44    1   15    2    2    1       929
    8    2    2   45    2   17    0    3    9      1117
    8    2    2   46    1    6    1    1    1      1185
    8    2    2   47    2   32    0    4    9       866
    8    2    2   48    1   25    3    3    1       640
    8    2    2   49    2   30    0    4    9      1607
    8    2    2   50    2    1    0    1    9      2696
    8    2    2   51    2   14    0    1    9       813
    8    2    2   52    1    2    1    1    1       573
