    9    1    1    1    1   31    4    3    0     26336
    9    1    1    2    1    2    1    4    0     17247
    9    1    1    3    1    9    1    1    1     13286
    9    1    1    4    1   22    3    4    0      3668
    9    1    1    5    1   18    3    1    0      4281
    9    1    1    6    1   15    2    4    0      9495
    9    1    1    7    1    3    2    4    0     27363
    9    1    1    8    1   28    4    1    0     37157
    9    1    1    9    1   12    2    4    0      4017
    9    1    1   10    1   23    4    2    0     38664
    9    1    1   11    1    7    2    2    1      9350
    9    1    1   12    1    6    1    2    0      1601
    9    1    1   13    1   19    4    3    0     12906
    9    1    1   14    1   25    3    4    0      1694
    9    1    2    1    1   28    4    4    1     11986
    9    1    2    2    1   22    3    3    1      2932
    9    1    2    3    1   31    4    3    0      1600
    9    1    2    4    1    2    1    1    1      2152
    9    1    2    5    1   25    3    3    1      2179
    9    1    2    6    1    7    2    2    1      1485
    9    1    2    7    1    3    2    2    1      1282
    9    1    2    8    1   12    2    2    1      1728
    9    1    2    9    1    9    1    1    1       940
    9    1    2   10    1   18    3    3    1      1799
    9    1    2   11    1   19    4    4    1      1344
    9    1    2   12    1    6    1    2    0      1627
    9    1    2   13    1   15    2    1    0      2547
    9    1    2   14    1   23    4    4    1      7029
    9    1    3    1    1   25    3    4    0      4170
    9    1    3    2    1   23    4    4    1      2428
    9    1    3    3    1    3    2    2    1      1228
    9    1    3    4    1    2    1    1    1      1132
    9    1    3    5    1   19    4    4    1      1920
    9    1    3    6    1   22    3    3    1      1828
    9    1    3    7    1   31    4    4    1       987
    9    1    3    8    1   12    2    2    1      1205
    9    1    3    9    1    9    1    1    1      1445
    9    1    3   10    1    7    2    2    1      1516
    9    1    3   11    1   18    3    3    1      1041
    9    1    3   12    1   15    2    2    1      2185
    9    1    3   13    1   28    4    4    1      1010
    9    1    3   14    1    6    1    2    0       987
    9    1    4    1    1   28    4    4    1      1287
    9    1    4    2    1   19    4    3    0       757
    9    1    4    3    1   22    3    4    0      2335
    9    1    4    4    1   12    2    2    1      1323
    9    1    4    5    1   18    3    3    1      1511
    9    1    4    6    1   23    4    4    1       939
    9    1    4    7    1   15    2    2    1      1127
    9    1    4    8    1    3    2    2    1      7194
    9    1    4    9    1    9    1    1    1      1068
    9    1    4   10    1   25    3    3    1       930
    9    1    4   11    1    2    1    2    0       957
    9    1    4   12    1    6    1    1    1      1104
    9    1    4   13    1    7    2    2    1       757
    9    1    4   14    1   31    4    4    1      1639
    9    1    5    1    1    9    1    1    1       938
    9    1    5    2    1    7    2    2    1      1301
    9    1    5    3    1   15    2    2    1       818
    9    1    5    4    1    3    2    2    1       866
    9    1    5    5    1   22    3    3    1       896
    9    1    5    6    1   31    4    4    1      3933
    9    1    5    7    1   28    4    4    1       704
    9    1    5    8    1   23    4    4    1      1525
    9    1    5    9    1   12    2    2    1      1305
    9    1    5   10    1    2    1    1    1      1030
    9    1    5   11    1   19    4    3    0      1149
    9    1    5   12    1    6    1    1    1      5688
    9    1    5   13    1   25    3    3    1       917
    9    1    5   14    1   18    3    3    1      2161
    9    1    6    1    1   19    4    4    1      9081
    9    1    6    2    1    9    1    1    1      1278
    9    1    6    3    1    6    1    1    1       956
    9    1    6    4    1   31    4    3    0      1415
    9    1    6    5    1   22    3    3    1     14407
    9    1    6    6    1    3    2    2    1      2920
    9    1    6    7    1   12    2    2    1      1332
    9    1    6    8    1   18    3    3    1      2351
    9    1    6    9    1    7    2    2    1      3282
    9    1    6   10    1   15    2    2    1      1103
    9    1    6   11    1   28    4    4    1      1252
    9    1    6   12    1    2    1    1    1      1539
    9    1    6   13    1   23    4    4    1      2646
    9    1    6   14    1   25    3    3    1      1085
    9    1    7    1    1   22    3    3    1      2289
    9    1    7    2    1   23    4    4    1       999
    9    1    7    3    1    3    2    2    1      1951
    9    1    7    4    1   31    4    4    1      2514
    9    1    7    5    1    6    1    1    1      2430
    9    1    7    6    1    9    1    1    1      1085
    9    1    7    7    1    2    1    1    1      1059
    9    1    7    8    1   25    3    3    1      1353
    9    1    7    9    1   12    2    2    1      1284
    9    1    7   10    1   18    3    3    1      3074
    9    1    7   11    1   15    2    2    1      1863
    9    1    7   12    1   19    4    4    1      3837
    9    1    7   13    1    7    2    2    1      1413
    9    1    7   14    1   28    4    4    1      1549
    9    1    8    1    1   25    3    3    1     14185
    9    1    8    2    1    2    1    1    1      1331
    9    1    8    3    1    7    2    2    1      2351
    9    1    8    4    1   23    4    4    1      1265
    9    1    8    5    1   15    2    2    1      1087
    9    1    8    6    1    6    1    1    1      1077
    9    1    8    7    1   31    4    4    1       875
    9    1    8    8    1   18    3    3    1      1065
    9    1    8    9    1   12    2    2    1       927
    9    1    8   10    1   22    3    3    1      1131
    9    1    8   11    1    3    2    4    0      2286
    9    1    8   12    1   19    4    4    1     17003
    9    1    8   13    1   28    4    4    1       676
    9    1    8   14    1    9    1    1    1      1658
    9    1    9    1    1   23    4    4    1      8510
    9    1    9    2    1   19    4    4    1       699
    9    1    9    3    1    9    1    1    1      1311
    9    1    9    4    1    2    1    1    1       892
    9    1    9    5    1   22    3    3    1       953
    9    1    9    6    1   15    2    2    1      1252
    9    1    9    7    1    7    2    2    1       915
    9    1    9    8    1   25    3    3    1       847
    9    1    9    9    1    3    2    2    1       941
    9    1    9   10    1    6    1    1    1      2984
    9    1    9   11    1   18    3    3    1      4082
    9    1    9   12    1   12    2    2    1       863
    9    1    9   13    1   28    4    4    1      1805
    9    1    9   14    1   31    4    4    1      1830
    9    1   10    1    1    2    1    1    1      1853
    9    1   10    2    1   31    4    4    1      1684
    9    1   10    3    1   23    4    4    1       641
    9    1   10    4    1   28    4    4    1       600
    9    1   10    5    1    3    2    2    1       913
    9    1   10    6    1    7    2    2    1       829
    9    1   10    7    1   19    4    4    1      1389
    9    1   10    8    1    6    1    1    1       950
    9    1   10    9    1   22    3    3    1       817
    9    1   10   10    1   25    3    3    1       769
    9    1   10   11    1   15    2    2    1       835
    9    1   10   12    1   12    2    2    1       690
    9    1   10   13    1   18    3    3    1      1032
    9    1   10   14    1    9    1    1    1       751
    9    2    1    1    2   20    0    4    9       924
    9    2    1    2    2   14    0    2    9      1014
    9    2    1    3    1   25    3    3    1      1150
    9    2    1    4    1   28    4    4    1       689
    9    2    1    5    1   28    4    4    1      1894
    9    2    1    6    1   31    4    4    1      1115
    9    2    1    7    2   26    0    3    9      1135
    9    2    1    8    1   12    2    2    1      6067
    9    2    1    9    1    7    2    2    1      1249
    9    2    1   10    1   22    3    3    1      3023
    9    2    1   11    2   10    0    1    9      2631
    9    2    1   12    1    9    1    1    1       767
    9    2    1   13    1    9    1    1    1       785
    9    2    1   14    1   18    3    3    1      1586
    9    2    1   15    2   32    0    4    9      1603
    9    2    1   16    1   31    4    4    1      3492
    9    2    1   17    2   14    0    1    9     15081
    9    2    1   18    2   29    0    3    9      1807
    9    2    1   19    1    3    2    4    0      9255
    9    2    1   20    1    2    1    1    1      8166
    9    2    1   21    2   21    0    3    9      1360
    9    2    1   22    1   12    2    4    0      1931
    9    2    1   23    1    3    2    2    1      2718
    9    2    1   24    1   19    4    4    1      1634
    9    2    1   25    1    6    1    1    1      2641
    9    2    1   26    1   19    4    4    1      2408
    9    2    1   27    2   11    0    2    9     11993
    9    2    1   28    1   22    3    3    1      3290
    9    2    1   29    2   30    0    3    9      2456
    9    2    1   30    2   13    0    1    9      6854
    9    2    1   31    1   23    4    4    1      1541
    9    2    1   32    1   15    2    2    1      1400
    9    2    1   33    2   14    0    1    9      1681
    9    2    1   34    2   30    0    3    9      1678
    9    2    1   35    2    1    0    1    9      1324
    9    2    1   36    2   17    0    3    9       936
    9    2    1   37    2    5    0    1    9      1748
    9    2    1   38    1    6    1    1    1      3070
    9    2    1   39    1   25    3    3    1       980
    9    2    1   40    1    7    2    2    1      1454
    9    2    1   41    2   24    0    4    9      1012
    9    2    1   42    2   16    0    2    9      2701
    9    2    1   43    2   30    0    3    9     11537
    9    2    1   44    2   30    0    3    9      2885
    9    2    1   45    1   15    2    2    1      2690
    9    2    1   46    2    8    0    2    9      3592
    9    2    1   47    1   23    4    4    1      3097
    9    2    1   48    2    4    0    2    9      1949
    9    2    1   49    1    2    1    1    1      1968
    9    2    1   50    2   27    0    4    9      1986
    9    2    1   51    1   18    3    3    1      3187
    9    2    1   52    2   14    0    1    9      4133
    9    2    2    1    2    1    0    1    9      2464
    9    2    2    2    2   30    0    3    9      3310
    9    2    2    3    1   18    3    3    1      2523
    9    2    2    4    2   14    0    1    9      3751
    9    2    2    5    1   18    3    3    1      3137
    9    2    2    6    1   31    4    4    1      7397
    9    2    2    7    2   10    0    1    9      3789
    9    2    2    8    2   17    0    3    9      3559
    9    2    2    9    1   25    3    3    1      2713
    9    2    2   10    2   20    0    4    9      3053
    9    2    2   11    1   31    4    4    1      3508
    9    2    2   12    2   26    0    3    9      3737
    9    2    2   13    2   13    0    1    9      5428
    9    2    2   14    1   19    4    4    1     42075
    9    2    2   15    1    3    2    2    1      2586
    9    2    2   16    1   23    4    4    1      2035
    9    2    2   17    2   14    0    1    9      2594
    9    2    2   18    1    2    1    1    1      2812
    9    2    2   19    1   22    3    3    1      8268
    9    2    2   20    1    6    1    1    1      3634
    9    2    2   21    2   30    0    3    9      7090
    9    2    2   22    1    2    1    1    1      6935
    9    2    2   23    1   22    3    3    1      4418
    9    2    2   24    1   15    2    2    1      4322
    9    2    2   25    1    9    1    1    1      3574
    9    2    2   26    1    6    1    1    1      2536
    9    2    2   27    1    7    2    1    0      1908
    9    2    2   28    1   28    4    4    1      4600
    9    2    2   29    2    8    0    2    9      1665
    9    2    2   30    2    5    0    1    9      2767
    9    2    2   31    2    4    0    2    9      3889
    9    2    2   32    1   12    2    2    1      2134
    9    2    2   33    2   21    0    3    9      3138
    9    2    2   34    1   23    4    4    1       981
    9    2    2   35    2   27    0    4    9      1470
    9    2    2   36    2   24    0    4    9       836
    9    2    2   37    1    3    2    2    1      1204
    9    2    2   38    1   25    3    3    1       724
    9    2    2   39    2   30    0    3    9       808
    9    2    2   40    1   15    2    2    1      4889
    9    2    2   41    2   29    0    3    9      1574
    9    2    2   42    1   12    2    2    1      1176
    9    2    2   43    1    7    2    2    1      6298
    9    2    2   44    2   32    0    4    9      3007
    9    2    2   45    2   14    0    1    9      5911
    9    2    2   46    1   19    4    4    1      3644
    9    2    2   47    2   16    0    2    9      1835
    9    2    2   48    1   28    4    4    1      1747
    9    2    2   49    2   14    0    1    9      3549
    9    2    2   50    2   11    0    2    9      4656
    9    2    2   51    2   30    0    3    9     13158
    9    2    2   52    1    9    1    1    1      2809
