   23    1    1    1    1    3    1    1    1      3418
   23    1    1    2    1   12    2    2    1      2206
   23    1    1    3    1   22    3    4    0      3559
   23    1    1    4    1   15    2    2    1      4321
   23    1    1    5    1    9    2    4    0      2917
   23    1    1    6    1    5    1    2    0      1785
   23    1    1    7    1   31    4    3    0      6090
   23    1    1    8    1   21    3    4    0      2512
   23    1    1    9    1    6    1    1    1      3572
   23    1    1   10    1   19    3    2    0      1798
   23    1    1   11    1   26    4    2    0      2935
   23    1    1   12    1   25    4    3    0      2682
   23    1    1   13    1   10    2    1    0      2551
   23    1    1   14    1   28    4    4    1      3274
   23    1    2    1    1    5    1    3    0      2901
   23    1    2    2    1   10    2    2    1      1465
   23    1    2    3    1   21    3    3    1      4831
   23    1    2    4    1   15    2    2    1      4095
   23    1    2    5    1    3    1    2    0      1980
   23    1    2    6    1   19    3    2    0      1845
   23    1    2    7    1   28    4    3    0      4595
   23    1    2    8    1   12    2    3    0      1317
   23    1    2    9    1   31    4    2    0      4010
   23    1    2   10    1   22    3    3    1      2771
   23    1    2   11    1   26    4    1    0      4613
   23    1    2   12    1    6    1    1    1      2341
   23    1    2   13    1   25    4    2    0      2344
   23    1    2   14    1    9    2    4    0      2867
   23    1    3    1    1    6    1    1    1      3474
   23    1    3    2    1   19    3    3    1      3272
   23    1    3    3    1    3    1    4    0      4502
   23    1    3    4    1   10    2    1    0      4874
   23    1    3    5    1   28    4    1    0      2641
   23    1    3    6    1   21    3    3    1     10351
   23    1    3    7    1   15    2    4    0      3874
   23    1    3    8    1   25    4    4    1      6480
   23    1    3    9    1   22    3    1    0      2509
   23    1    3   10    1   26    4    1    0      4754
   23    1    3   11    1    9    2    3    0      5020
   23    1    3   12    1   12    2    4    0      3244
   23    1    3   13    1    5    1    2    0      5267
   23    1    3   14    1   31    4    3    0      3097
   23    1    4    1    1    9    2    1    0      3923
   23    1    4    2    1    3    1    4    0      5247
   23    1    4    3    1   10    2    2    1      4198
   23    1    4    4    1   28    4    3    0      5902
   23    1    4    5    1   31    4    3    0      2107
   23    1    4    6    1    5    1    1    1      1487
   23    1    4    7    1   26    4    1    0      2869
   23    1    4    8    1   12    2    3    0      2282
   23    1    4    9    1    6    1    2    0      2248
   23    1    4   10    1   22    3    2    0      1878
   23    1    4   11    1   15    2    4    0     10580
   23    1    4   12    1   21    3    1    0      3013
   23    1    4   13    1   19    3    3    1      4133
   23    1    4   14    1   25    4    3    0      7232
   23    1    5    1    1   28    4    4    1      2740
   23    1    5    2    1   22    3    2    0      9719
   23    1    5    3    1   12    2    2    1      4347
   23    1    5    4    1    5    1    1    1      2701
   23    1    5    5    1   31    4    3    0      4546
   23    1    5    6    1   25    4    2    0      4021
   23    1    5    7    1    6    1    2    0      3949
   23    1    5    8    1   19    3    4    0      2407
   23    1    5    9    1   15    2    3    0      2720
   23    1    5   10    1    9    2    1    0      1852
   23    1    5   11    1   21    3    1    0      3115
   23    1    5   12    1   10    2    2    1      5814
   23    1    5   13    1    3    1    4    0      4510
   23    1    5   14    1   26    4    1    0      5235
   23    1    6    1    1   26    4    2    0      3152
   23    1    6    2    1   21    3    2    0      3083
   23    1    6    3    1   25    4    4    1      4313
   23    1    6    4    1   31    4    3    0      2845
   23    1    6    5    1    3    1    2    0      2052
   23    1    6    6    1   12    2    4    0      2907
   23    1    6    7    1   19    3    2    0      2080
   23    1    6    8    1   28    4    4    1      1813
   23    1    6    9    1    5    1    2    0      2157
   23    1    6   10    1   22    3    2    0      1695
   23    1    6   11    1   10    2    2    1      4068
   23    1    6   12    1    6    1    4    0      3650
   23    1    6   13    1   15    2    4    0      1914
   23    1    6   14    1    9    2    4    0      2214
   23    1    7    1    1   26    4    3    0      8844
   23    1    7    2    1    9    2    1    0      2212
   23    1    7    3    1   31    4    4    1      2805
   23    1    7    4    1   19    3    2    0      2901
   23    1    7    5    1   21    3    1    0      3738
   23    1    7    6    1    6    1    3    0      5596
   23    1    7    7    1   28    4    4    1      1941
   23    1    7    8    1   12    2    2    1      1817
   23    1    7    9    1   22    3    3    1      8304
   23    1    7   10    1    5    1    2    0      4214
   23    1    7   11    1   15    2    3    0      2165
   23    1    7   12    1   10    2    2    1      1688
   23    1    7   13    1    3    1    3    0      2085
   23    1    7   14    1   25    4    4    1      3610
   23    1    8    1    1    6    1    2    0      6397
   23    1    8    2    1   10    2    1    0      1894
   23    1    8    3    1   22    3    4    0      4515
   23    1    8    4    1   26    4    3    0      2439
   23    1    8    5    1   21    3    1    0      2511
   23    1    8    6    1   19    3    3    1      2483
   23    1    8    7    1    3    1    2    0      2241
   23    1    8    8    1   28    4    4    1      2400
   23    1    8    9    1    9    2    2    1      4048
   23    1    8   10    1    5    1    1    1      1807
   23    1    8   11    1   31    4    3    0      3399
   23    1    8   12    1   25    4    2    0      2712
   23    1    8   13    1   12    2    4    0      1445
   23    1    8   14    1   15    2    3    0      1636
   23    1    9    1    1   12    2    4    0      4722
   23    1    9    2    1   31    4    2    0      2143
   23    1    9    3    1    9    2    2    1      2514
   23    1    9    4    1   25    4    1    0      3133
   23    1    9    5    1    3    1    3    0      1929
   23    1    9    6    1   22    3    4    0      1429
   23    1    9    7    1   19    3    3    1      1925
   23    1    9    8    1   10    2    2    1      2217
   23    1    9    9    1   21    3    4    0      3345
   23    1    9   10    1   26    4    2    0      5220
   23    1    9   11    1    6    1    2    0      1676
   23    1    9   12    1   15    2    3    0      1714
   23    1    9   13    1    5    1    4    0      2438
   23    1    9   14    1   28    4    4    1      1437
   23    1   10    1    1    5    1    4    0      4551
   23    1   10    2    1   12    2    4    0      1338
   23    1   10    3    1   22    3    2    0      2125
   23    1   10    4    1    9    2    4    0      2433
   23    1   10    5    1   19    3    3    1      1544
   23    1   10    6    1   21    3    2    0      4796
   23    1   10    7    1    3    1    4    0      2917
   23    1   10    8    1    6    1    2    0      1753
   23    1   10    9    1   26    4    2    0      1579
   23    1   10   10    1   31    4    4    1      3957
   23    1   10   11    1   15    2    2    1      2104
   23    1   10   12    1   10    2    4    0      2468
   23    1   10   13    1   28    4    4    1      1306
   23    1   10   14    1   25    4    1    0      2535
   23    2    1    1    2   29    0    1    9      5067
   23    2    1    2    1   21    3    1    0      3425
   23    2    1    3    2    4    0    4    9      3161
   23    2    1    4    2    1    0    1    9      7899
   23    2    1    5    1   25    4    3    0      5264
   23    2    1    6    1   26    4    2    0      2366
   23    2    1    7    1   25    4    1    0      1952
   23    2    1    8    1    3    1    3    0      6658
   23    2    1    9    1   12    2    4    0      1721
   23    2    1   10    2   17    0    1    9      2437
   23    2    1   11    1   15    2    3    0      4228
   23    2    1   12    1    6    1    2    0      4236
   23    2    1   13    1   31    4    3    0      1587
   23    2    1   14    1   28    4    4    1       948
   23    2    1   15    2   27    0    3    9      1887
   23    2    1   16    2   20    0    4    9      3652
   23    2    1   17    1    5    1    1    1      3123
   23    2    1   18    2   32    0    4    9      3575
   23    2    1   19    1   10    2    2    1      6057
   23    2    1   20    1   26    4    1    0      2295
   23    2    1   21    1   10    2    2    1      1084
   23    2    1   22    1    6    1    2    0      1570
   23    2    1   23    1    5    1    4    0      2820
   23    2    1   24    2   14    0    2    9      1700
   23    2    1   25    2    7    0    3    9      1808
   23    2    1   26    1   31    4    2    0      2713
   23    2    1   27    1   19    3    4    0      1629
   23    2    1   28    2   13    0    2    9      2589
   23    2    1   29    1   21    3    1    0      1926
   23    2    1   30    1    9    2    4    0      4650
   23    2    1   31    2   18    0    2    9      2513
   23    2    1   32    1   22    3    2    0      1212
   23    2    1   33    2   16    0    4    9      1309
   23    2    1   34    2    2    0    2    9      2233
   23    2    1   35    2    8    0    4    9      3217
   23    2    1   36    1   12    2    4    0      1473
   23    2    1   37    2   30    0    1    9      4727
   23    2    1   38    1   28    4    2    0      4235
   23    2    1   39    2   24    0    4    9      1026
   23    2    1   40    2    8    0    3    9      1162
   23    2    1   41    2   24    0    4    9      1260
   23    2    1   42    1   19    3    2    0      3675
   23    2    1   43    1   15    2    2    1      1897
   23    2    1   44    2    8    0    4    9      1118
   23    2    1   45    1    9    2    1    0      2930
   23    2    1   46    2   23    0    3    9      1869
   23    2    1   47    2   11    0    2    9      2147
   23    2    1   48    2    8    0    4    9      1181
   23    2    1   49    1    3    1    2    0      9326
   23    2    1   50    2   24    0    2    9      2858
   23    2    1   51    2   24    0    2    9      1865
   23    2    1   52    1   22    3    1    0      3743
   23    2    2    1    1   15    2    3    0      1402
   23    2    2    2    1    9    2    1    0      1219
   23    2    2    3    2    8    0    4    9      1539
   23    2    2    4    2   13    0    1    9      3910
   23    2    2    5    1   19    3    3    1      1355
   23    2    2    6    2    7    0    2    9      3365
   23    2    2    7    1    6    1    2    0      5951
   23    2    2    8    1   31    4    3    0      1154
   23    2    2    9    1   26    4    2    0      1813
   23    2    2   10    1   21    3    1    0      1325
   23    2    2   11    1    3    1    3    0      3609
   23    2    2   12    2    4    0    4    9      1001
   23    2    2   13    2   18    0    2    9      6322
   23    2    2   14    1   25    4    1    0      1606
   23    2    2   15    1   28    4    2    0      2839
   23    2    2   16    1    9    2    1    0      3798
   23    2    2   17    2   20    0    4    9      1262
   23    2    2   18    1   15    2    3    0      1069
   23    2    2   19    1    3    1    2    0      1939
   23    2    2   20    2   27    0    3    9      2054
   23    2    2   21    1   12    2    4    0      1061
   23    2    2   22    2   24    0    4    9      2507
   23    2    2   23    1   12    2    2    1       472
   23    2    2   24    2    8    0    2    9       646
   23    2    2   25    2    8    0    2    9       701
   23    2    2   26    1    6    1    2    0      2306
   23    2    2   27    1    5    1    4    0      2311
   23    2    2   28    2   11    0    2    9      3195
   23    2    2   29    2   32    0    4    9      2620
   23    2    2   30    1   10    2    2    1      1732
   23    2    2   31    2   23    0    3    9      1280
   23    2    2   32    2   16    0    4    9      1437
   23    2    2   33    1   22    3    4    0      8292
   23    2    2   34    1   22    3    3    1       841
   23    2    2   35    2   17    0    1    9      1769
   23    2    2   36    1   21    3    1    0       995
   23    2    2   37    2   30    0    3    9      3452
   23    2    2   38    2   14    0    2    9      1075
   23    2    2   39    1   19    3    3    1      1977
   23    2    2   40    1   31    4    3    0      2875
   23    2    2   41    1   25    4    1    0      1144
   23    2    2   42    2   24    0    4    9      3132
   23    2    2   43    2    8    0    2    9      1471
   23    2    2   44    1   10    2    2    1      1317
   23    2    2   45    1   28    4    4    1      1313
   23    2    2   46    2   24    0    4    9      1197
   23    2    2   47    1   26    4    2    0      1309
   23    2    2   48    2   29    0    4    9      3082
   23    2    2   49    2   24    0    4    9      1743
   23    2    2   50    2    1    0    1    9      1483
   23    2    2   51    2    2    0    2    9      2736
   23    2    2   52    1    5    1    1    1      2227
