    6    1    1    1    1   25    4    1    0      3158
    6    1    1    2    1   21    3    4    0      1741
    6    1    1    3    1   31    4    2    0      1657
    6    1    1    4    1   22    3    3    1      1352
    6    1    1    5    1    7    2    1    0      1355
    6    1    1    6    1   19    3    4    0      1351
    6    1    1    7    1    2    1    3    0      1562
    6    1    1    8    1   12    2    2    1       973
    6    1    1    9    1    9    1    1    1       840
    6    1    1   10    1   26    4    3    0      1224
    6    1    1   11    1    6    1    1    1      1281
    6    1    1   12    1   28    4    4    1      1662
    6    1    1   13    1    3    2    2    1      1150
    6    1    1   14    1   15    2    2    1      2528
    6    1    2    1    1    9    1    1    1      1559
    6    1    2    2    1   28    4    3    0      1451
    6    1    2    3    1    7    2    2    1      1242
    6    1    2    4    1   25    4    3    0      1481
    6    1    2    5    1    3    2    2    1      1983
    6    1    2    6    1   15    2    1    0      1881
    6    1    2    7    1   12    2    2    1       719
    6    1    2    8    1    6    1    1    1       859
    6    1    2    9    1   31    4    4    1      1370
    6    1    2   10    1    2    1    1    1      1269
    6    1    2   11    1   19    3    3    1      1323
    6    1    2   12    1   21    3    3    1      2399
    6    1    2   13    1   22    3    3    1       888
    6    1    2   14    1   26    4    3    0       630
    6    1    3    1    1    2    1    1    1      1986
    6    1    3    2    1    7    2    2    1      1060
    6    1    3    3    1   12    2    2    1       819
    6    1    3    4    1   15    2    2    1       724
    6    1    3    5    1    3    2    2    1       656
    6    1    3    6    1   31    4    4    1      1367
    6    1    3    7    1   22    3    3    1      2105
    6    1    3    8    1   19    3    3    1      1870
    6    1    3    9    1    9    1    2    0      3973
    6    1    3   10    1    6    1    2    0      1088
    6    1    3   11    1   25    4    3    0      1230
    6    1    3   12    1   21    3    3    1      1366
    6    1    3   13    1   28    4    4    1       777
    6    1    3   14    1   26    4    4    1       843
    6    1    4    1    1   28    4    4    1      2923
    6    1    4    2    1    3    2    2    1      2472
    6    1    4    3    1   26    4    3    0      1150
    6    1    4    4    1    6    1    1    1      1993
    6    1    4    5    1   19    3    3    1      4484
    6    1    4    6    1   12    2    2    1      3362
    6    1    4    7    1   15    2    2    1       758
    6    1    4    8    1    2    1    1    1      1713
    6    1    4    9    1   31    4    4    1      1462
    6    1    4   10    1    7    2    1    0      2381
    6    1    4   11    1   22    3    3    1      2871
    6    1    4   12    1   25    4    3    0      2038
    6    1    4   13    1    9    1    1    1      1390
    6    1    4   14    1   21    3    3    1      3239
    6    1    5    1    1   15    2    2    1      3143
    6    1    5    2    1   12    2    2    1      1243
    6    1    5    3    1   28    4    4    1      1699
    6    1    5    4    1    7    2    2    1      2944
    6    1    5    5    1    6    1    1    1      1892
    6    1    5    6    1    2    1    1    1       538
    6    1    5    7    1    9    1    1    1       583
    6    1    5    8    1   19    3    3    1      2008
    6    1    5    9    1   26    4    4    1       802
    6    1    5   10    1   31    4    4    1       626
    6    1    5   11    1   22    3    3    1      1771
    6    1    5   12    1    3    2    2    1      1405
    6    1    5   13    1   25    4    4    1      2382
    6    1    5   14    1   21    3    3    1      1296
    6    1    6    1    1    7    2    2    1      5513
    6    1    6    2    1   28    4    4    1      1038
    6    1    6    3    1    2    1    1    1      1398
    6    1    6    4    1   12    2    2    1       959
    6    1    6    5    1    6    1    1    1      1010
    6    1    6    6    1   15    2    2    1       755
    6    1    6    7    1   22    3    3    1      2055
    6    1    6    8    1    3    2    2    1      1142
    6    1    6    9    1   21    3    3    1      1801
    6    1    6   10    1   19    3    4    0       882
    6    1    6   11    1   26    4    4    1      2336
    6    1    6   12    1   31    4    4    1       701
    6    1    6   13    1    9    1    1    1      1434
    6    1    6   14    1   25    4    4    1      1994
    6    1    7    1    1   26    4    4    1      5472
    6    1    7    2    1   28    4    4    1       647
    6    1    7    3    1    6    1    1    1      1342
    6    1    7    4    1   12    2    2    1       945
    6    1    7    5    1   25    4    4    1      1765
    6    1    7    6    1   31    4    4    1       728
    6    1    7    7    1   21    3    3    1      1117
    6    1    7    8    1    7    2    2    1      1321
    6    1    7    9    1   22    3    3    1      1981
    6    1    7   10    1    9    1    1    1      2583
    6    1    7   11    1    3    2    2    1       801
    6    1    7   12    1    2    1    1    1       826
    6    1    7   13    1   19    3    3    1      1450
    6    1    7   14    1   15    2    2    1      2081
    6    1    8    1    1   22    3    3    1      2464
    6    1    8    2    1    3    2    2    1      1374
    6    1    8    3    1   31    4    4    1      1713
    6    1    8    4    1   26    4    4    1      1238
    6    1    8    5    1   21    3    3    1      1182
    6    1    8    6    1   12    2    2    1      1271
    6    1    8    7    1    6    1    1    1      1878
    6    1    8    8    1    9    1    1    1       684
    6    1    8    9    1   19    3    3    1      2586
    6    1    8   10    1   15    2    2    1      1452
    6    1    8   11    1   25    4    4    1      1947
    6    1    8   12    1    7    2    2    1      1638
    6    1    8   13    1   28    4    4    1      1910
    6    1    8   14    1    2    1    1    1      2283
    6    1    9    1    1    9    1    1    1      2324
    6    1    9    2    1    3    2    2    1      1016
    6    1    9    3    1   25    4    4    1      2208
    6    1    9    4    1    7    2    2    1      1259
    6    1    9    5    1   15    2    2    1      2889
    6    1    9    6    1   22    3    3    1      1663
    6    1    9    7    1    2    1    1    1      2350
    6    1    9    8    1   28    4    4    1      1690
    6    1    9    9    1   21    3    3    1       992
    6    1    9   10    1   12    2    2    1      1418
    6    1    9   11    1   31    4    4    1      1146
    6    1    9   12    1    6    1    1    1      1791
    6    1    9   13    1   26    4    4    1      1960
    6    1    9   14    1   19    3    3    1      1180
    6    2    1    1    2    8    0    2    9      4336
    6    2    1    2    1   28    4    4    1      2652
    6    2    1    3    2    5    0    1    9      2331
    6    2    1    4    1    9    1    1    1      1943
    6    2    1    5    2   10    0    1    9      1347
    6    2    1    6    1   25    4    4    1      2582
    6    2    1    7    2   11    0    2    9      2408
    6    2    1    8    1   31    4    4    1      1873
    6    2    1    9    1   12    2    2    1      1576
    6    2    1   10    1    7    2    2    1      1226
    6    2    1   11    2   24    0    3    9      2586
    6    2    1   12    2   20    0    3    9      1476
    6    2    1   13    1   21    3    3    1      1195
    6    2    1   14    1    2    1    1    1      1404
    6    2    1   15    2   27    0    4    9      1645
    6    2    1   16    1   15    2    2    1      1613
    6    2    1   17    1    3    2    1    0      1086
    6    2    1   18    2   30    0    4    9      1812
    6    2    1   19    1   22    3    3    1      1765
    6    2    1   20    1   15    2    2    1      1448
    6    2    1   21    1   22    3    3    1      2471
    6    2    1   22    2   24    0    3    9      1493
    6    2    1   23    2   17    0    3    9      1827
    6    2    1   24    1    2    1    1    1      1507
    6    2    1   25    2   13    0    1    9       784
    6    2    1   26    1    6    1    1    1       666
    6    2    1   27    2   14    0    1    9       696
    6    2    1   28    1   21    3    3    1      1654
    6    2    1   29    1   19    3    3    1      1133
    6    2    1   30    1   28    4    4    1      1265
    6    2    1   31    2   24    0    3    9      1175
    6    2    1   32    2   14    0    1    9      1385
    6    2    1   33    1    9    1    1    1       572
    6    2    1   34    2    1    0    1    9       510
    6    2    1   35    2   16    0    2    9      1123
    6    2    1   36    2   18    0    3    9      1711
    6    2    1   37    2   23    0    3    9       668
    6    2    1   38    1   25    4    4    1      1123
    6    2    1   39    2    4    0    2    9      1383
    6    2    1   40    1    3    2    2    1       793
    6    2    1   41    1   12    2    2    1       498
    6    2    1   42    2   24    0    3    9      1439
    6    2    1   43    2   32    0    4    9      1215
    6    2    1   44    2   14    0    1    9      2415
    6    2    1   45    1   26    4    1    0      1033
    6    2    1   46    2   29    0    4    9      1848
    6    2    1   47    1    7    2    2    1      1335
    6    2    1   48    1   31    4    4    1      1579
    6    2    1   49    1   19    3    3    1      2022
    6    2    1   50    2   14    0    1    9      1446
    6    2    1   51    1   26    4    4    1      3398
    6    2    1   52    1    6    1    1    1      1512
    6    2    2    1    2   16    0    2    9       853
    6    2    2    2    2   13    0    1    9      1500
    6    2    2    3    1   31    4    4    1      1969
    6    2    2    4    1   19    3    3    1      1411
    6    2    2    5    2   17    0    3    9       612
    6    2    2    6    2   24    0    3    9      1725
    6    2    2    7    2   11    0    2    9      1554
    6    2    2    8    2   23    0    3    9      1934
    6    2    2    9    1   21    3    3    1       737
    6    2    2   10    2   30    0    4    9       709
    6    2    2   11    1   22    3    3    1       874
    6    2    2   12    1   31    4    4    1       744
    6    2    2   13    1   25    4    4    1       620
    6    2    2   14    1   25    4    4    1       620
    6    2    2   15    1   26    4    4    1       525
    6    2    2   16    2    4    0    2    9      1441
    6    2    2   17    1    2    1    1    1       849
    6    2    2   18    1   28    4    4    1      1496
    6    2    2   19    2   24    0    3    9       942
    6    2    2   20    1    7    2    2    1      1097
    6    2    2   21    2   14    0    2    9       599
    6    2    2   22    1    3    2    2    1      1288
    6    2    2   23    2   18    0    3    9      1829
    6    2    2   24    1   19    3    3    1       958
    6    2    2   25    2   14    0    1    9      2433
    6    2    2   26    1   12    2    2    1       841
    6    2    2   27    1   15    2    2    1       649
    6    2    2   28    2   32    0    4    9      1592
    6    2    2   29    1    9    1    1    1      1089
    6    2    2   30    1    9    1    1    1       687
    6    2    2   31    1   26    4    4    1      1557
    6    2    2   32    2   24    0    3    9      2216
    6    2    2   33    1    6    1    1    1      2192
    6    2    2   34    1    2    1    1    1       787
    6    2    2   35    1    6    1    1    1       853
    6    2    2   36    1    7    2    2    1      1252
    6    2    2   37    1    3    2    2    1       482
    6    2    2   38    2    5    0    1    9       664
    6    2    2   39    1   28    4    4    1      1262
    6    2    2   40    2   24    0    3    9       909
    6    2    2   41    2   10    0    1    9      1090
    6    2    2   42    2    1    0    1    9       592
    6    2    2   43    2   20    0    3    9      1218
    6    2    2   44    1   22    3    3    1      1107
    6    2    2   45    2   27    0    4    9      1000
    6    2    2   46    1   12    2    2    1      1185
    6    2    2   47    2   29    0    4    9      1594
    6    2    2   48    2   14    0    1    9      1092
    6    2    2   49    2    8    0    2    9       722
    6    2    2   50    2   14    0    1    9       710
    6    2    2   51    1   15    2    2    1       603
    6    2    2   52    1   21    3    3    1      1172
