   59    1    1    1    1   26    4    1    0      8633
   59    1    1    2    1   31    4    3    0      9020
   59    1    1    3    1   25    4    1    0      2396
   59    1    1    4    1    6    1    4    0       245
   59    1    1    5    1    2    1    1    1      1396
   59    1    1    6    1   15    2    1    0      1421
   59    1    1    7    1    9    1    1    1     31804
   59    1    1    8    1   22    3    4    0      6101
   59    1    1    9    1   21    3    1    0      6473
   59    1    1   10    1   28    4    4    1      5215
   59    1    1   11    1   12    2    4    0      6319
   59    1    1   12    1    3    2    2    1      4459
   59    1    1   13    1    7    2    2    1      6073
   59    1    1   14    1   19    3    3    1      7128
   59    1    2    1    1   31    4    3    0      5694
   59    1    2    2    1   28    4    4    1      3476
   59    1    2    3    1   19    3    3    1      5978
   59    1    2    4    1   22    3    3    1      2716
   59    1    2    5    1    3    2    2    1      5024
   59    1    2    6    1    9    1    1    1      2136
   59    1    2    7    1    2    1    2    0      6579
   59    1    2    8    1    6    1    1    1      2309
   59    1    2    9    1    7    2    2    1      2905
   59    1    2   10    1   25    4    3    0      3670
   59    1    2   11    1   26    4    4    1      3547
   59    1    2   12    1   12    2    2    1      4670
   59    1    2   13    1   15    2    2    1      2452
   59    1    2   14    1   21    3    3    1      6466
   59    1    3    1    1   15    2    2    1      4141
   59    1    3    2    1    3    2    2    1      1514
   59    1    3    3    1   25    4    3    0      6413
   59    1    3    4    1   28    4    4    1      8053
   59    1    3    5    1    2    1    1    1      6100
   59    1    3    6    1   26    4    4    1      2752
   59    1    3    7    1    6    1    1    1      2947
   59    1    3    8    1   12    2    2    1      4061
   59    1    3    9    1   21    3    4    0      4012
   59    1    3   10    1    9    1    1    1      5701
   59    1    3   11    1    7    2    2    1      9504
   59    1    3   12    1   22    3    4    0      3924
   59    1    3   13    1   31    4    3    0      3344
   59    1    3   14    1   19    3    4    0      6179
   59    1    4    1    1    2    1    1    1      4147
   59    1    4    2    1    7    2    2    1     13837
   59    1    4    3    1   25    4    3    0      3189
   59    1    4    4    1   12    2    2    1      3886
   59    1    4    5    1   19    3    3    1      3635
   59    1    4    6    1   21    3    4    0      4066
   59    1    4    7    1    9    1    1    1      3816
   59    1    4    8    1   26    4    4    1      4064
   59    1    4    9    1   22    3    4    0      6189
   59    1    4   10    1   28    4    4    1     10830
   59    1    4   11    1   15    2    2    1      2846
   59    1    4   12    1   31    4    3    0      2813
   59    1    4   13    1    6    1    1    1      8901
   59    1    4   14    1    3    2    2    1      8673
   59    1    5    1    1   31    4    4    1      4972
   59    1    5    2    1    6    1    1    1      7272
   59    1    5    3    1    9    1    1    1      3094
   59    1    5    4    1    3    2    2    1      8651
   59    1    5    5    1   12    2    2    1      3777
   59    1    5    6    1   15    2    2    1      3115
   59    1    5    7    1   22    3    4    0      4319
   59    1    5    8    1   28    4    4    1      8555
   59    1    5    9    1   25    4    4    1      3254
   59    1    5   10    1   19    3    4    0      6468
   59    1    5   11    1    7    2    2    1      7802
   59    1    5   12    1    2    1    1    1      4706
   59    1    5   13    1   26    4    3    0      2583
   59    1    5   14    1   21    3    4    0     12232
   59    1    6    1    1    9    1    1    1      2746
   59    1    6    2    1   19    3    3    1      3406
   59    1    6    3    1   22    3    4    0      5414
   59    1    6    4    1   28    4    4    1      3734
   59    1    6    5    1    3    2    2    1      3441
   59    1    6    6    1   26    4    4    1      4345
   59    1    6    7    1    6    1    1    1      4796
   59    1    6    8    1   31    4    4    1      4333
   59    1    6    9    1   25    4    3    0     15200
   59    1    6   10    1   21    3    4    0      5225
   59    1    6   11    1    2    1    1    1      4848
   59    1    6   12    1    7    2    2    1      4831
   59    1    6   13    1   15    2    2    1      3630
   59    1    6   14    1   12    2    2    1      5742
   59    1    7    1    1   31    4    3    0      4448
   59    1    7    2    1   12    2    2    1      8647
   59    1    7    3    1    3    2    2    1      4270
   59    1    7    4    1   26    4    3    0      2788
   59    1    7    5    1   15    2    2    1      3293
   59    1    7    6    1   21    3    3    1      4394
   59    1    7    7    1   28    4    4    1      5789
   59    1    7    8    1    2    1    1    1      4454
   59    1    7    9    1   25    4    4    1      5732
   59    1    7   10    1    7    2    1    0      4336
   59    1    7   11    1   19    3    3    1      7756
   59    1    7   12    1   22    3    3    1      5719
   59    1    7   13    1    9    1    1    1      1987
   59    1    7   14    1    6    1    1    1      4563
   59    1    8    1    1    7    2    2    1      3602
   59    1    8    2    1   25    4    4    1      6627
   59    1    8    3    1    3    2    2    1     12362
   59    1    8    4    1   15    2    2    1      3660
   59    1    8    5    1   31    4    3    0      3628
   59    1    8    6    1    6    1    1    1      5795
   59    1    8    7    1    9    1    1    1      5117
   59    1    8    8    1   22    3    3    1      5489
   59    1    8    9    1   21    3    3    1     13638
   59    1    8   10    1   19    3    3    1      6789
   59    1    8   11    1   26    4    4    1      9493
   59    1    8   12    1   28    4    4    1      6956
   59    1    8   13    1    2    1    1    1      8166
   59    1    8   14    1   12    2    2    1      4064
   59    1    9    1    1   31    4    3    0     11021
   59    1    9    2    1   19    3    3    1     16573
   59    1    9    3    1   21    3    4    0      5352
   59    1    9    4    1   15    2    2    1     10938
   59    1    9    5    1   26    4    4    1      8884
   59    1    9    6    1   25    4    4    1      8259
   59    1    9    7    1    7    2    2    1      8297
   59    1    9    8    1   22    3    3    1      4638
   59    1    9    9    1    9    1    1    1      3127
   59    1    9   10    1    2    1    1    1      2858
   59    1    9   11    1    6    1    1    1      1545
   59    1    9   12    1   12    2    2    1      3101
   59    1    9   13    1    3    2    2    1      2209
   59    1    9   14    1   28    4    4    1      2906
   59    1   10    1    1    9    1    1    1     10147
   59    1   10    2    1   19    3    4    0      4094
   59    1   10    3    1    2    1    1    1     10562
   59    1   10    4    1   28    4    4    1      4508
   59    1   10    5    1   15    2    2    1      2586
   59    1   10    6    1   25    4    4    1      6819
   59    1   10    7    1   21    3    3    1     23027
   59    1   10    8    1    7    2    2    1      4507
   59    1   10    9    1   31    4    4    1      2857
   59    1   10   10    1   26    4    3    0      5735
   59    1   10   11    1   12    2    2    1      6410
   59    1   10   12    1    3    2    2    1      3148
   59    1   10   13    1    6    1    1    1      5438
   59    1   10   14    1   22    3    3    1      2662
   59    2    1    1    2   18    0    4    9      3474
   59    2    1    2    1    6    1    1    1      9814
   59    2    1    3    2   24    0    4    9      6286
   59    2    1    4    2   20    0    4    9      2676
   59    2    1    5    2    5    0    1    9      2139
   59    2    1    6    1   22    3    3    1      4870
   59    2    1    7    2   24    0    4    9      4484
   59    2    1    8    1   31    4    3    0      4834
   59    2    1    9    2   14    0    1    9     12322
   59    2    1   10    1   28    4    4    1      4342
   59    2    1   11    2   14    0    1    9      2587
   59    2    1   12    2   27    0    3    9      7396
   59    2    1   13    2   11    0    2    9      3404
   59    2    1   14    1   19    3    3    1      5589
   59    2    1   15    2   16    0    2    9      3047
   59    2    1   16    1   21    3    4    0      5021
   59    2    1   17    2    1    0    1    9     10598
   59    2    1   18    1    2    1    1    1      2431
   59    2    1   19    1    2    1    1    1      5567
   59    2    1   20    1    9    1    1    1      2113
   59    2    1   21    2   10    0    1    9      1501
   59    2    1   22    2   14    0    1    9      1169
   59    2    1   23    1   19    3    3    1      3572
   59    2    1   24    1   25    4    4    1      4966
   59    2    1   25    1   28    4    4    1      5440
   59    2    1   26    1   22    3    4    0      5544
   59    2    1   27    1   25    4    3    0      8251
   59    2    1   28    1   15    2    2    1      3249
   59    2    1   29    1   26    4    4    1      2961
   59    2    1   30    2   17    0    4    9      3291
   59    2    1   31    2   32    0    4    9      3833
   59    2    1   32    2   13    0    1    9      1872
   59    2    1   33    1   31    4    4    1      4038
   59    2    1   34    2   23    0    3    9      5990
   59    2    1   35    1    7    2    2    1      2872
   59    2    1   36    1    7    2    2    1      2277
   59    2    1   37    1   12    2    2    1      2956
   59    2    1   38    1    9    1    1    1      1959
   59    2    1   39    1    3    2    2    1      2250
   59    2    1   40    2   24    0    4    9      2993
   59    2    1   41    1   21    3    3    1      5450
   59    2    1   42    2   30    0    3    9      3793
   59    2    1   43    2   29    0    4    9      5483
   59    2    1   44    1   12    2    2    1      3665
   59    2    1   45    1   15    2    2    1      2527
   59    2    1   46    1    3    2    2    1      1676
   59    2    1   47    2    4    0    2    9      2395
   59    2    1   48    1   26    4    4    1      3085
   59    2    1   49    2   24    0    4    9      5378
   59    2    1   50    1    6    1    1    1      3165
   59    2    1   51    2    8    0    2    9      5006
   59    2    1   52    2   14    0    1    9      5127
   59    2    2    1    1   15    2    2    1      3548
   59    2    2    2    2   27    0    4    9      5965
   59    2    2    3    2   14    0    1    9      7393
   59    2    2    4    2   11    0    2    9      7113
   59    2    2    5    1   22    3    3    1      4606
   59    2    2    6    2   16    0    2    9      7015
   59    2    2    7    2    5    0    1    9      2048
   59    2    2    8    2   13    0    1    9      1151
   59    2    2    9    1   26    4    4    1      4114
   59    2    2   10    2    4    0    2    9      8511
   59    2    2   11    2   17    0    3    9      5724
   59    2    2   12    1   25    4    4    1      4760
   59    2    2   13    1   21    3    3    1      2010
   59    2    2   14    1    7    2    2    1      7660
   59    2    2   15    2   10    0    1    9      3290
   59    2    2   16    2    8    0    2    9      2424
   59    2    2   17    2    1    0    1    9      1784
   59    2    2   18    2   30    0    3    9      6178
   59    2    2   19    2   20    0    4    9      4316
   59    2    2   20    1    7    2    2    1      3330
   59    2    2   21    2   14    0    1    9      2765
   59    2    2   22    2   24    0    4    9      3984
   59    2    2   23    2   32    0    4    9      2001
   59    2    2   24    1   26    4    4    1      4642
   59    2    2   25    2   29    0    4    9      4250
   59    2    2   26    1   31    4    3    0      6080
   59    2    2   27    1   15    2    2    1      4815
   59    2    2   28    1   21    3    3    1      9071
   59    2    2   29    1    9    1    1    1      3909
   59    2    2   30    1    6    1    1    1      3547
   59    2    2   31    1   12    2    2    1      3087
   59    2    2   32    1    3    2    2    1      3187
   59    2    2   33    2   24    0    4    9      4773
   59    2    2   34    2   14    0    1    9      2696
   59    2    2   35    2   18    0    3    9      3516
   59    2    2   36    1   22    3    4    0      4657
   59    2    2   37    1   25    4    4    1      6935
   59    2    2   38    1   19    3    3    1      5171
   59    2    2   39    1    2    1    1    1      3158
   59    2    2   40    2   14    0    1    9      2553
   59    2    2   41    1    9    1    1    1      3939
   59    2    2   42    2   24    0    4    9      2599
   59    2    2   43    1   31    4    4    1      4384
   59    2    2   44    2   24    0    4    9      7490
   59    2    2   45    1   19    3    3    1      3351
   59    2    2   46    1   28    4    4    1      4178
   59    2    2   47    1    6    1    1    1      3597
   59    2    2   48    1    2    1    1    1      1838
   59    2    2   49    1   28    4    4    1      2501
   59    2    2   50    1    3    2    2    1      2803
   59    2    2   51    1   12    2    2    1      2405
   59    2    2   52    2   23    0    4    9      4149
