   30    1    1    1    1   22    3    1    0      6095
   30    1    1    2    1   21    3    1    0      7757
   30    1    1    3    1   12    2    1    0      3679
   30    1    1    4    1   26    4    1    0      2757
   30    1    1    5    1    6    1    1    1      6319
   30    1    1    6    1   25    4    3    0      3571
   30    1    1    7    1    9    1    2    0      3565
   30    1    1    8    1   15    2    4    0      2103
   30    1    1    9    1   31    4    4    1      6924
   30    1    1   10    1    3    2    2    1      1735
   30    1    1   11    1    7    2    3    0      4994
   30    1    1   12    1    2    1    1    1      2916
   30    1    1   13    1   28    4    4    1      5296
   30    1    1   14    1   19    3    3    1      3965
   30    1    2    1    1   21    3    3    1     16356
   30    1    2    2    1   15    2    4    0      1398
   30    1    2    3    1    2    1    1    1      1495
   30    1    2    4    1    7    2    3    0      2380
   30    1    2    5    1   26    4    3    0      1078
   30    1    2    6    1   28    4    3    0      5012
   30    1    2    7    1    3    2    1    0      2340
   30    1    2    8    1    6    1    2    0      1760
   30    1    2    9    1   12    2    4    0      2370
   30    1    2   10    1    9    1    4    0      3036
   30    1    2   11    1   25    4    1    0      2028
   30    1    2   12    1   22    3    2    0      1427
   30    1    2   13    1   31    4    4    1      3252
   30    1    2   14    1   19    3    3    1      1970
   30    1    3    1    1    2    1    2    0      2039
   30    1    3    2    1    7    2    1    0      6654
   30    1    3    3    1   26    4    4    1      1421
   30    1    3    4    1   22    3    3    1      1909
   30    1    3    5    1    3    2    1    0      1913
   30    1    3    6    1   21    3    1    0      2341
   30    1    3    7    1   31    4    4    1      1264
   30    1    3    8    1   28    4    4    1      1917
   30    1    3    9    1   25    4    4    1      1681
   30    1    3   10    1    9    1    1    1      3983
   30    1    3   11    1    6    1    3    0      5728
   30    1    3   12    1   15    2    4    0      1236
   30    1    3   13    1   19    3    2    0      1963
   30    1    3   14    1   12    2    1    0      3205
   30    1    4    1    1   15    2    4    0      4930
   30    1    4    2    1    3    2    3    0      5605
   30    1    4    3    1    7    2    3    0      2494
   30    1    4    4    1   21    3    3    1      2131
   30    1    4    5    1   12    2    4    0      1518
   30    1    4    6    1    6    1    3    0      1322
   30    1    4    7    1    9    1    4    0      2191
   30    1    4    8    1   26    4    3    0      1920
   30    1    4    9    1   25    4    4    1     21627
   30    1    4   10    1   22    3    3    1      3788
   30    1    4   11    1    2    1    1    1      1477
   30    1    4   12    1   31    4    4    1      1643
   30    1    4   13    1   28    4    4    1      1386
   30    1    4   14    1   19    3    3    1      4019
   30    1    5    1    1   26    4    4    1      2030
   30    1    5    2    1    3    2    3    0      2110
   30    1    5    3    1   12    2    2    1      1586
   30    1    5    4    1   15    2    2    1      1140
   30    1    5    5    1    6    1    3    0      1607
   30    1    5    6    1    2    1    1    1      1711
   30    1    5    7    1   19    3    3    1      1452
   30    1    5    8    1   31    4    4    1       835
   30    1    5    9    1   28    4    4    1      1314
   30    1    5   10    1   25    4    4    1       655
   30    1    5   11    1    9    1    1    1      1541
   30    1    5   12    1   22    3    3    1      2697
   30    1    5   13    1    7    2    2    1      3005
   30    1    5   14    1   21    3    3    1      1430
   30    1    6    1    1    6    1    1    1      2692
   30    1    6    2    1    2    1    2    0      1849
   30    1    6    3    1   19    3    3    1       952
   30    1    6    4    1   12    2    1    0      3219
   30    1    6    5    1   26    4    4    1      1339
   30    1    6    6    1   15    2    1    0      1510
   30    1    6    7    1   31    4    4    1      1027
   30    1    6    8    1    3    2    1    0      1835
   30    1    6    9    1   25    4    4    1      1579
   30    1    6   10    1    7    2    1    0      1965
   30    1    6   11    1   21    3    3    1      1414
   30    1    6   12    1   28    4    3    0      1006
   30    1    6   13    1   22    3    3    1      2415
   30    1    6   14    1    9    1    2    0      2239
   30    1    7    1    1    3    2    1    0      2267
   30    1    7    2    1   31    4    4    1      1097
   30    1    7    3    1   12    2    2    1      3390
   30    1    7    4    1    2    1    1    1       999
   30    1    7    5    1   28    4    4    1      2256
   30    1    7    6    1   21    3    3    1       934
   30    1    7    7    1   26    4    4    1       786
   30    1    7    8    1   25    4    4    1       756
   30    1    7    9    1   22    3    3    1       982
   30    1    7   10    1    9    1    1    1      2656
   30    1    7   11    1   19    3    3    1      1718
   30    1    7   12    1    6    1    2    0      2434
   30    1    7   13    1    7    2    1    0      1305
   30    1    7   14    1   15    2    2    1      2750
   30    1    8    1    1    7    2    2    1      2063
   30    1    8    2    1   28    4    4    1      1629
   30    1    8    3    1   22    3    3    1      1373
   30    1    8    4    1    2    1    1    1      4039
   30    1    8    5    1   21    3    3    1      1254
   30    1    8    6    1   15    2    2    1      2389
   30    1    8    7    1    3    2    2    1       790
   30    1    8    8    1    9    1    1    1       679
   30    1    8    9    1   25    4    3    0      1149
   30    1    8   10    1   12    2    2    1      2551
   30    1    8   11    1   19    3    3    1      2386
   30    1    8   12    1   26    4    4    1       995
   30    1    8   13    1   31    4    4    1       909
   30    1    8   14    1    6    1    1    1      1274
   30    1    9    1    1   15    2    2    1      1897
   30    1    9    2    1    3    2    2    1       558
   30    1    9    3    1    2    1    1    1       681
   30    1    9    4    1   26    4    4    1      5742
   30    1    9    5    1   22    3    3    1      1705
   30    1    9    6    1    7    2    2    1      2150
   30    1    9    7    1   19    3    3    1      1969
   30    1    9    8    1   28    4    4    1      1859
   30    1    9    9    1   25    4    4    1      1817
   30    1    9   10    1    9    1    1    1      1536
   30    1    9   11    1   21    3    3    1      5669
   30    1    9   12    1   12    2    2    1      1763
   30    1    9   13    1   31    4    4    1      1740
   30    1    9   14    1    6    1    1    1      1993
   30    1   10    1    1    2    1    1    1      2295
   30    1   10    2    1   28    4    4    1      1052
   30    1   10    3    1   21    3    3    1      2547
   30    1   10    4    1    9    1    1    1      1214
   30    1   10    5    1    7    2    2    1      1806
   30    1   10    6    1   25    4    4    1      1398
   30    1   10    7    1   22    3    3    1      1472
   30    1   10    8    1   31    4    4    1      1445
   30    1   10    9    1   15    2    2    1      1309
   30    1   10   10    1    3    2    2    1       858
   30    1   10   11    1   12    2    2    1       760
   30    1   10   12    1   26    4    4    1      1419
   30    1   10   13    1   19    3    3    1      1667
   30    1   10   14    1    6    1    1    1      1073
   30    2    1    1    1    6    1    1    1      2890
   30    2    1    2    1    7    2    2    1      1670
   30    2    1    3    1   19    3    3    1      1636
   30    2    1    4    2   14    0    1    9      1907
   30    2    1    5    2   18    0    3    9      6920
   30    2    1    6    2    5    0    1    9      3892
   30    2    1    7    1   21    3    3    1      9129
   30    2    1    8    1   22    3    3    1      5901
   30    2    1    9    1   26    4    4    1      1122
   30    2    1   10    2    1    0    1    9      4950
   30    2    1   11    1   12    2    2    1      1841
   30    2    1   12    1   28    4    4    1      2056
   30    2    1   13    1   31    4    4    1      1542
   30    2    1   14    1    3    2    2    1      3898
   30    2    1   15    2   24    0    3    9      1774
   30    2    1   16    2   17    0    3    9      1528
   30    2    1   17    1    3    2    2    1      1692
   30    2    1   18    2   32    0    4    9      1178
   30    2    1   19    1   15    2    2    1      1980
   30    2    1   20    2    4    0    2    9      3789
   30    2    1   21    2   27    0    4    9      1542
   30    2    1   22    2   16    0    2    9       890
   30    2    1   23    2   14    0    1    9      1527
   30    2    1   24    1   15    2    2    1      1307
   30    2    1   25    2   14    0    1    9      1096
   30    2    1   26    1   26    4    4    1      1645
   30    2    1   27    1   21    3    3    1      1420
   30    2    1   28    2   13    0    1    9      9587
   30    2    1   29    1    2    1    1    1      1190
   30    2    1   30    1    9    1    1    1      1143
   30    2    1   31    1   25    4    4    1      2619
   30    2    1   32    1   19    3    3    1       931
   30    2    1   33    2    8    0    2    9      1342
   30    2    1   34    1   22    3    3    1      1449
   30    2    1   35    2   20    0    3    9      1232
   30    2    1   36    1    2    1    1    1      2784
   30    2    1   37    1   12    2    2    1      1729
   30    2    1   38    2   10    0    1    9      2125
   30    2    1   39    2   11    0    2    9      1129
   30    2    1   40    1    9    1    1    1      1533
   30    2    1   41    2   24    0    3    9      1536
   30    2    1   42    1   28    4    4    1      1219
   30    2    1   43    2   29    0    4    9      1875
   30    2    1   44    2   14    0    1    9      1321
   30    2    1   45    1   25    4    4    1      1669
   30    2    1   46    1   31    4    4    1       819
   30    2    1   47    2   30    0    4    9       627
   30    2    1   48    1    7    2    2    1      1851
   30    2    1   49    2   23    0    3    9      1138
   30    2    1   50    2   24    0    3    9       709
   30    2    1   51    1    6    1    1    1      1610
   30    2    1   52    2   24    0    3    9      2251
   30    2    2    1    1   26    4    4    1       753
   30    2    2    2    1    2    1    1    1      1268
   30    2    2    3    1   25    4    4    1       706
   30    2    2    4    1   22    3    3    1       967
   30    2    2    5    1    3    2    2    1      1280
   30    2    2    6    1    2    1    1    1      2206
   30    2    2    7    2   24    0    3    9      1079
   30    2    2    8    1   19    3    3    1      1709
   30    2    2    9    2   13    0    1    9      1129
   30    2    2   10    2   18    0    3    9      2685
   30    2    2   11    1    7    2    2    1      3826
   30    2    2   12    2   29    0    3    9       555
   30    2    2   13    1   15    2    2    1      1957
   30    2    2   14    2   14    0    1    9      1240
   30    2    2   15    2   24    0    3    9      1143
   30    2    2   16    2   14    0    1    9      1002
   30    2    2   17    2   23    0    3    9      1171
   30    2    2   18    1    3    2    2    1      3877
   30    2    2   19    1   21    3    3    1      1435
   30    2    2   20    1   31    4    4    1      1202
   30    2    2   21    2   16    0    2    9      1507
   30    2    2   22    1    9    1    1    1      1496
   30    2    2   23    2    8    0    2    9      1517
   30    2    2   24    1    6    1    1    1      3617
   30    2    2   25    2   20    0    3    9      3169
   30    2    2   26    2   10    0    1    9      1939
   30    2    2   27    1   31    4    4    1      1222
   30    2    2   28    2   27    0    4    9       918
   30    2    2   29    1   22    3    3    1       658
   30    2    2   30    2   30    0    4    9       632
   30    2    2   31    1   15    2    2    1      1281
   30    2    2   32    1    9    1    1    1      1614
   30    2    2   33    2   32    0    4    9      2862
   30    2    2   34    1    6    1    1    1      1469
   30    2    2   35    2    5    0    1    9      3843
   30    2    2   36    2   17    0    3    9      2778
   30    2    2   37    1   12    2    2    1      1196
   30    2    2   38    2   14    0    1    9       765
   30    2    2   39    1   25    4    4    1      1375
   30    2    2   40    1   12    2    2    1      1065
   30    2    2   41    2   14    0    1    9       815
   30    2    2   42    1   19    3    3    1      1823
   30    2    2   43    1   28    4    4    1       839
   30    2    2   44    1   21    3    3    1     10982
   30    2    2   45    1   26    4    4    1       895
   30    2    2   46    1    7    2    2    1      1181
   30    2    2   47    2   11    0    2    9      1454
   30    2    2   48    2   24    0    3    9      1621
   30    2    2   49    1   28    4    4    1      1556
   30    2    2   50    2    1    0    1    9      6551
   30    2    2   51    2    4    0    2    9      1698
   30    2    2   52    2   24    0    3    9      1471
