   62    1    1    1    1   21    1    1    1      4273
   62    1    1    2    1   19    1    2    0      1802
   62    1    1    3    1   25    2    1    0       858
   62    1    1    4    1    6    1    2    0      3201
   62    1    1    5    1    9    1    1    1      1658
   62    1    1    6    1   28    2    2    1       952
   62    1    1    7    1   12    2    1    0       738
   62    1    1    8    1   26    2    2    1      5822
   62    1    1    9    1    3    2    1    0       950
   62    1    1   10    1   22    1    2    0      1896
   62    1    1   11    1   31    2    2    1      1109
   62    1    1   12    1   15    2    2    1       890
   62    1    1   13    1    7    2    2    1       839
   62    1    1   14    1    2    1    1    1       870
   62    1    2    1    1    9    1    1    1       607
   62    1    2    2    1   12    2    2    1       583
   62    1    2    3    1   25    2    1    0       449
   62    1    2    4    1   26    2    1    0      2232
   62    1    2    5    1   28    2    2    1       823
   62    1    2    6    1   31    2    2    1      2423
   62    1    2    7    1   19    1    2    0       822
   62    1    2    8    1    6    1    1    1      1071
   62    1    2    9    1    2    1    1    1       325
   62    1    2   10    1   22    1    2    0       408
   62    1    2   11    1   15    2    2    1      2017
   62    1    2   12    1    3    2    2    1       769
   62    1    2   13    1    7    2    2    1      4483
   62    1    2   14    1   21    1    1    1      3120
   62    1    3    1    1    7    2    2    1      1824
   62    1    3    2    1    3    2    2    1      2569
   62    1    3    3    1   25    2    2    1      2338
   62    1    3    4    1   28    2    2    1      2502
   62    1    3    5    1   12    2    2    1      1490
   62    1    3    6    1    9    1    2    0      1816
   62    1    3    7    1   22    1    1    1      2680
   62    1    3    8    1   31    2    2    1      4621
   62    1    3    9    1   26    2    1    0      1813
   62    1    3   10    1   21    1    2    0      2517
   62    1    3   11    1    6    1    1    1      2152
   62    1    3   12    1    2    1    1    1       723
   62    1    3   13    1   19    1    1    1      2071
   62    1    3   14    1   15    2    2    1      1445
   62    1    4    1    1    6    1    1    1      1290
   62    1    4    2    1   31    2    2    1       871
   62    1    4    3    1   28    2    2    1      2533
   62    1    4    4    1    2    1    2    0      2272
   62    1    4    5    1   12    2    2    1      3470
   62    1    4    6    1   21    1    1    1      3076
   62    1    4    7    1   22    1    1    1      4394
   62    1    4    8    1   19    1    2    0      3435
   62    1    4    9    1   26    2    2    1      3210
   62    1    4   10    1    7    2    2    1      5851
   62    1    4   11    1   25    2    2    1      2642
   62    1    4   12    1    9    1    2    0      3881
   62    1    4   13    1    3    2    2    1      9974
   62    1    4   14    1   15    2    1    0      2664
   62    1    5    1    1    9    1    1    1      9697
   62    1    5    2    1   15    2    2    1      3885
   62    1    5    3    1   31    2    2    1      1892
   62    1    5    4    1   25    2    1    0      3545
   62    1    5    5    1    2    1    2    0      4372
   62    1    5    6    1   28    2    2    1      5342
   62    1    5    7    1   12    2    2    1       842
   62    1    5    8    1    6    1    1    1      2457
   62    1    5    9    1   19    1    1    1      3463
   62    1    5   10    1    3    2    1    0      1053
   62    1    5   11    1   26    2    2    1      1372
   62    1    5   12    1   21    1    1    1      1702
   62    1    5   13    1    7    2    1    0      5906
   62    1    5   14    1   22    1    2    0       975
   62    1    6    1    1   25    2    1    0      1225
   62    1    6    2    1   21    1    2    0      2289
   62    1    6    3    1   26    2    2    1      2958
   62    1    6    4    1   12    2    2    1      1849
   62    1    6    5    1    3    2    1    0      1471
   62    1    6    6    1   22    1    2    0       941
   62    1    6    7    1   15    2    1    0       865
   62    1    6    8    1    7    2    2    1       919
   62    1    6    9    1   19    1    2    0       739
   62    1    6   10    1    6    1    2    0      5166
   62    1    6   11    1   31    2    1    0      3784
   62    1    6   12    1   28    2    2    1       713
   62    1    6   13    1    2    1    1    1      1965
   62    1    6   14    1    9    1    1    1      1135
   62    1    7    1    1    7    2    2    1      3785
   62    1    7    2    1   19    1    1    1      1954
   62    1    7    3    1    3    2    1    0      1860
   62    1    7    4    1   28    2    2    1       323
   62    1    7    5    1   22    1    2    0       247
   62    1    7    6    1   31    2    2    1      2341
   62    1    7    7    1   21    1    1    1      4968
   62    1    7    8    1   25    2    2    1      1347
   62    1    7    9    1    9    1    1    1      1294
   62    1    7   10    1    2    1    2    0      2379
   62    1    7   11    1    6    1    1    1       709
   62    1    7   12    1   15    2    1    0      1770
   62    1    7   13    1   26    2    2    1      1420
   62    1    7   14    1   12    2    1    0       724
   62    1    8    1    1   12    2    2    1      1261
   62    1    8    2    1   31    2    2    1       411
   62    1    8    3    1    7    2    1    0       333
   62    1    8    4    1   15    2    1    0       376
   62    1    8    5    1    2    1    2    0       274
   62    1    8    6    1   21    1    1    1       960
   62    1    8    7    1    9    1    1    1      2619
   62    1    8    8    1   19    1    2    0      1299
   62    1    8    9    1   22    1    1    1      1223
   62    1    8   10    1   25    2    1    0      1447
   62    1    8   11    1   28    2    2    1      4518
   62    1    8   12    1   26    2    2    1      1234
   62    1    8   13    1    6    1    2    0       401
   62    1    8   14    1    3    2    1    0      1689
   62    1    9    1    1    3    2    2    1      2012
   62    1    9    2    1   15    2    2    1       333
   62    1    9    3    1   31    2    2    1       496
   62    1    9    4    1   21    1    1    1      1293
   62    1    9    5    1    9    1    1    1      2234
   62    1    9    6    1    2    1    1    1      1441
   62    1    9    7    1   25    2    2    1       424
   62    1    9    8    1   28    2    2    1       312
   62    1    9    9    1   12    2    2    1       445
   62    1    9   10    1   19    1    1    1       284
   62    1    9   11    1   26    2    1    0      1985
   62    1    9   12    1   22    1    2    0       363
   62    1    9   13    1    6    1    1    1       933
   62    1    9   14    1    7    2    1    0       320
   62    1   10    1    1   31    2    1    0      2132
   62    1   10    2    1   12    2    1    0      1368
   62    1   10    3    1    9    1    2    0       970
   62    1   10    4    1    3    2    2    1       716
   62    1   10    5    1   28    2    2    1       256
   62    1   10    6    1    2    1    2    0       310
   62    1   10    7    1    6    1    1    1       275
   62    1   10    8    1   19    1    1    1      2217
   62    1   10    9    1   22    1    1    1      1297
   62    1   10   10    1   25    2    1    0       702
   62    1   10   11    1   21    1    2    0       394
   62    1   10   12    1   26    2    1    0       659
   62    1   10   13    1   15    2    2    1       498
   62    1   10   14    1    7    2    2    1      1807
   62    2    1    1    2   18    0    2    9      2672
   62    2    1    2    1   31    2    2    1      1237
   62    2    1    3    1    7    2    1    0      1780
   62    2    1    4    2    8    0    2    9      1550
   62    2    1    5    1   28    2    2    1      2560
   62    2    1    6    1    2    1    1    1       619
   62    2    1    7    2   32    0    2    9      1267
   62    2    1    8    2   24    0    2    9      1137
   62    2    1    9    2   24    0    2    9       580
   62    2    1   10    2   11    0    1    9      1950
   62    2    1   11    2   14    0    1    9      1008
   62    2    1   12    1   25    2    1    0      1209
   62    2    1   13    1   12    2    2    1      1449
   62    2    1   14    2   30    0    2    9      2544
   62    2    1   15    1   15    2    1    0       491
   62    2    1   16    1   19    1    2    0       376
   62    2    1   17    1   15    2    1    0      4410
   62    2    1   18    2   13    0    1    9      1195
   62    2    1   19    2   27    0    2    9       620
   62    2    1   20    1   26    2    1    0       484
   62    2    1   21    1    6    1    2    0      1345
   62    2    1   22    2   20    0    1    9       973
   62    2    1   23    1    3    2    2    1       951
   62    2    1   24    1   21    1    1    1       993
   62    2    1   25    2   17    0    1    9       875
   62    2    1   26    1    9    1    1    1      2265
   62    2    1   27    1    9    1    1    1       654
   62    2    1   28    2   14    0    1    9      2901
   62    2    1   29    1   19    1    2    0       962
   62    2    1   30    1    7    2    1    0       652
   62    2    1   31    1    6    1    2    0       419
   62    2    1   32    1   22    1    1    1       147
   62    2    1   33    2    5    0    1    9      1006
   62    2    1   34    2   23    0    2    9       742
   62    2    1   35    2   14    0    1    9      1402
   62    2    1   36    2   29    0    2    9       418
   62    2    1   37    1    3    2    1    0      5954
   62    2    1   38    2   14    0    1    9      1333
   62    2    1   39    2    4    0    2    9       752
   62    2    1   40    1   31    2    2    1      2274
   62    2    1   41    2   24    0    2    9      3208
   62    2    1   42    2    1    0    1    9       953
   62    2    1   43    1    2    1    2    0      1012
   62    2    1   44    2   24    0    1    9      1660
   62    2    1   45    1   25    2    1    0      4635
   62    2    1   46    2   16    0    2    9      2338
   62    2    1   47    1   21    1    1    1       661
   62    2    1   48    1   22    1    2    0      2892
   62    2    1   49    1   12    2    2    1       425
   62    2    1   50    2   10    0    1    9       553
   62    2    1   51    1   28    2    2    1       388
   62    2    1   52    1   26    2    2    1       517
   62    2    2    1    1   31    2    1    0       433
   62    2    2    2    2   30    0    1    9       608
   62    2    2    3    1    9    1    1    1       489
   62    2    2    4    2   24    0    2    9       854
   62    2    2    5    2   14    0    1    9       837
   62    2    2    6    1   31    2    2    1       356
   62    2    2    7    2   11    0    2    9       247
   62    2    2    8    1   12    2    2    1       398
   62    2    2    9    1    3    2    2    1       670
   62    2    2   10    1   15    2    1    0      1124
   62    2    2   11    2    5    0    2    9       744
   62    2    2   12    1    6    1    1    1      1436
   62    2    2   13    1   21    1    1    1      1043
   62    2    2   14    1   22    1    1    1      1290
   62    2    2   15    1    9    1    1    1       679
   62    2    2   16    2   27    0    1    9       365
   62    2    2   17    1   15    2    2    1       799
   62    2    2   18    1   28    2    1    0      3712
   62    2    2   19    1    2    1    1    1      1132
   62    2    2   20    2   23    0    1    9      2927
   62    2    2   21    2   16    0    1    9      2828
   62    2    2   22    2   24    0    2    9      3339
   62    2    2   23    1   25    2    2    1      2839
   62    2    2   24    2   10    0    2    9      2294
   62    2    2   25    2   20    0    2    9      3147
   62    2    2   26    2   14    0    2    9      1230
   62    2    2   27    1    6    1    1    1      3165
   62    2    2   28    1   25    2    2    1      2079
   62    2    2   29    2    4    0    2    9      1981
   62    2    2   30    2   24    0    2    9      2878
   62    2    2   31    2   29    0    2    9      3052
   62    2    2   32    2   24    0    2    9      2099
   62    2    2   33    2   14    0    2    9      2256
   62    2    2   34    2   18    0    2    9      2183
   62    2    2   35    1   19    1    2    0      3328
   62    2    2   36    1   21    1    1    1       988
   62    2    2   37    2   17    0    1    9      9732
   62    2    2   38    1   26    2    2    1      2049
   62    2    2   39    2   14    0    2    9      2383
   62    2    2   40    2   13    0    2    9      1681
   62    2    2   41    1   22    1    1    1      2398
   62    2    2   42    1    7    2    2    1      3135
   62    2    2   43    1    7    2    2    1      3730
   62    2    2   44    2    8    0    2    9      1549
   62    2    2   45    1    2    1    2    0      2240
   62    2    2   46    1   28    2    2    1      3223
   62    2    2   47    2   32    0    1    9      2439
   62    2    2   48    2    1    0    1    9      5061
   62    2    2   49    1   19    1    2    0      1821
   62    2    2   50    1   26    2    1    0       821
   62    2    2   51    1    3    2    2    1      1701
   62    2    2   52    1   12    2    2    1      3969
