    4    1    1    1    1   31    4    1    0      9779
    4    1    1    2    1    6    1    2    0      4121
    4    1    1    3    1    9    1    2    0     12060
    4    1    1    4    1   15    2    4    0      3075
    4    1    1    5    1   25    3    1    0      2353
    4    1    1    6    1   19    4    1    0      5499
    4    1    1    7    1    7    2    4    0      2024
    4    1    1    8    1    2    1    4    0      8832
    4    1    1    9    1   12    2    3    0     13863
    4    1    1   10    1   18    3    2    0     12437
    4    1    1   11    1    3    2    1    0      6380
    4    1    1   12    1   23    4    3    0      3285
    4    1    1   13    1   22    3    3    1      2650
    4    1    1   14    1   28    4    1    0      5457
    4    1    2    1    1   31    4    4    1      3705
    4    1    2    2    1    9    1    2    0     13301
    4    1    2    3    1   25    3    4    0      5481
    4    1    2    4    1    7    2    2    1      5415
    4    1    2    5    1   28    4    3    0      4095
    4    1    2    6    1   15    2    1    0      2516
    4    1    2    7    1   18    3    4    0      4456
    4    1    2    8    1   23    4    3    0      1758
    4    1    2    9    1    2    1    1    1      3201
    4    1    2   10    1   12    2    2    1       946
    4    1    2   11    1   19    4    3    0      1165
    4    1    2   12    1    6    1    1    1      2279
    4    1    2   13    1   22    3    3    1      2029
    4    1    2   14    1    3    2    2    1      1309
    4    1    3    1    1   12    2    2    1      2905
    4    1    3    2    1    6    1    1    1      1654
    4    1    3    3    1   15    2    2    1      1044
    4    1    3    4    1   31    4    4    1      1067
    4    1    3    5    1   28    4    3    0       817
    4    1    3    6    1   25    3    3    1       986
    4    1    3    7    1   23    4    3    0      1027
    4    1    3    8    1    9    1    1    1      3555
    4    1    3    9    1    3    2    2    1       869
    4    1    3   10    1   22    3    3    1      1123
    4    1    3   11    1   18    3    3    1      1191
    4    1    3   12    1   19    4    4    1      1704
    4    1    3   13    1    2    1    2    0      3268
    4    1    3   14    1    7    2    2    1      1514
    4    1    4    1    1    7    2    1    0      2687
    4    1    4    2    1    6    1    1    1      1597
    4    1    4    3    1   19    4    3    0       973
    4    1    4    4    1   23    4    4    1      7646
    4    1    4    5    1   12    2    2    1      2109
    4    1    4    6    1   18    3    3    1      1114
    4    1    4    7    1   31    4    3    0      3694
    4    1    4    8    1   25    3    4    0      1331
    4    1    4    9    1    2    1    1    1      8758
    4    1    4   10    1   28    4    4    1      1192
    4    1    4   11    1    9    1    1    1      2170
    4    1    4   12    1   22    3    3    1      2372
    4    1    4   13    1   15    2    2    1      2757
    4    1    4   14    1    3    2    1    0      1080
    4    1    5    1    1    3    2    2    1      1672
    4    1    5    2    1   28    4    4    1      6966
    4    1    5    3    1    9    1    2    0      9952
    4    1    5    4    1   15    2    2    1       874
    4    1    5    5    1   12    2    2    1       920
    4    1    5    6    1   22    3    3    1      3524
    4    1    5    7    1    2    1    1    1      2648
    4    1    5    8    1    6    1    1    1       687
    4    1    5    9    1   23    4    4    1       788
    4    1    5   10    1   25    3    3    1       677
    4    1    5   11    1   19    4    4    1       603
    4    1    5   12    1   18    3    3    1       692
    4    1    5   13    1    7    2    2    1       953
    4    1    5   14    1   31    4    4    1       836
    4    1    6    1    1   15    2    2    1       789
    4    1    6    2    1   28    4    4    1       582
    4    1    6    3    1   25    3    3    1       703
    4    1    6    4    1    9    1    1    1       532
    4    1    6    5    1    2    1    2    0      1279
    4    1    6    6    1   12    2    2    1       725
    4    1    6    7    1    3    2    2    1       617
    4    1    6    8    1    7    2    2    1       545
    4    1    6    9    1   22    3    3    1      1132
    4    1    6   10    1    6    1    1    1       783
    4    1    6   11    1   31    4    4    1       656
    4    1    6   12    1   18    3    3    1       599
    4    1    6   13    1   23    4    4    1       752
    4    1    6   14    1   19    4    4    1       530
    4    1    7    1    1   15    2    2    1       797
    4    1    7    2    1   18    3    3    1       750
    4    1    7    3    1    7    2    2    1       640
    4    1    7    4    1    3    2    2    1       536
    4    1    7    5    1   28    4    4    1       611
    4    1    7    6    1    9    1    1    1       555
    4    1    7    7    1    6    1    1    1       790
    4    1    7    8    1   22    3    3    1       648
    4    1    7    9    1   19    4    4    1       622
    4    1    7   10    1    2    1    1    1       710
    4    1    7   11    1   25    3    3    1       763
    4    1    7   12    1   23    4    4    1       573
    4    1    7   13    1   12    2    2    1       727
    4    1    7   14    1   31    4    4    1       715
    4    1    8    1    1    2    1    1    1      4174
    4    1    8    2    1   23    4    4    1       536
    4    1    8    3    1    3    2    2    1       851
    4    1    8    4    1   19    4    4    1       705
    4    1    8    5    1   18    3    3    1       902
    4    1    8    6    1   25    3    3    1       787
    4    1    8    7    1    9    1    1    1       676
    4    1    8    8    1    6    1    1    1       794
    4    1    8    9    1   12    2    2    1       843
    4    1    8   10    1   31    4    4    1      1899
    4    1    8   11    1   22    3    3    1       591
    4    1    8   12    1    7    2    2    1       680
    4    1    8   13    1   15    2    2    1       861
    4    1    8   14    1   28    4    4    1       508
    4    1    9    1    1   15    2    2    1       763
    4    1    9    2    1    3    2    2    1       477
    4    1    9    3    1    9    1    1    1       667
    4    1    9    4    1   22    3    3    1       769
    4    1    9    5    1   31    4    4    1       515
    4    1    9    6    1    7    2    4    0       543
    4    1    9    7    1   23    4    4    1       738
    4    1    9    8    1   18    3    3    1       613
    4    1    9    9    1   25    3    3    1       605
    4    1    9   10    1   19    4    4    1       790
    4    1    9   11    1    6    1    1    1       775
    4    1    9   12    1    2    1    1    1      1161
    4    1    9   13    1   12    2    2    1       732
    4    1    9   14    1   28    4    4    1       638
    4    1   10    1    1   12    2    2    1       981
    4    1   10    2    1   15    2    2    1      1487
    4    1   10    3    1    3    2    2    1       532
    4    1   10    4    1   28    4    4    1       672
    4    1   10    5    1    2    1    1    1       790
    4    1   10    6    1   18    3    1    0       536
    4    1   10    7    1   19    4    4    1       731
    4    1   10    8    1   22    3    3    1       767
    4    1   10    9    1   31    4    4    1      1233
    4    1   10   10    1    7    2    2    1       784
    4    1   10   11    1    6    1    1    1       690
    4    1   10   12    1   23    4    4    1       695
    4    1   10   13    1    9    1    1    1       732
    4    1   10   14    1   25    3    3    1       703
    4    2    1    1    1   31    4    4    1      2889
    4    2    1    2    1    3    2    2    1       917
    4    2    1    3    1   28    4    4    1       529
    4    2    1    4    2   11    0    2    9       733
    4    2    1    5    2   10    0    1    9      1936
    4    2    1    6    2    4    0    2    9      1684
    4    2    1    7    2   17    0    3    9       769
    4    2    1    8    2   13    0    1    9      1331
    4    2    1    9    1   28    4    4    1       734
    4    2    1   10    1   22    3    3    1       850
    4    2    1   11    1   12    2    2    1      1312
    4    2    1   12    2   30    0    3    9       797
    4    2    1   13    1    2    1    1    1      1134
    4    2    1   14    1   23    4    3    0      1025
    4    2    1   15    1   15    2    2    1      1096
    4    2    1   16    2   14    0    1    9       685
    4    2    1   17    2    5    0    1    9       803
    4    2    1   18    2   29    0    3    9       723
    4    2    1   19    2   14    0    1    9       695
    4    2    1   20    1    9    1    1    1       637
    4    2    1   21    2   16    0    2    9       756
    4    2    1   22    1   18    3    3    1       790
    4    2    1   23    2   27    0    4    9       680
    4    2    1   24    2   26    0    3    9       541
    4    2    1   25    2   14    0    1    9       536
    4    2    1   26    1    6    1    1    1       483
    4    2    1   27    1   23    4    4    1      1889
    4    2    1   28    2    8    0    2    9       726
    4    2    1   29    1   31    4    4    1       762
    4    2    1   30    1    3    2    2    1       749
    4    2    1   31    1    7    2    2    1       576
    4    2    1   32    1   12    2    2    1       761
    4    2    1   33    1   18    3    3    1       956
    4    2    1   34    2   24    0    4    9       535
    4    2    1   35    1   19    4    4    1       674
    4    2    1   36    2   20    0    4    9       552
    4    2    1   37    1   25    3    3    1       883
    4    2    1   38    1   25    3    3    1       672
    4    2    1   39    1    7    2    2    1       806
    4    2    1   40    1    9    1    1    1       566
    4    2    1   41    1    2    1    1    1       720
    4    2    1   42    2   32    0    4    9       772
    4    2    1   43    2   30    0    3    9       774
    4    2    1   44    1    6    1    1    1      1016
    4    2    1   45    2   30    0    1    9       544
    4    2    1   46    1   22    3    3    1       955
    4    2    1   47    2   14    0    1    9      1094
    4    2    1   48    2    1    0    1    9       811
    4    2    1   49    2   30    0    3    9       860
    4    2    1   50    1   19    4    4    1       571
    4    2    1   51    2   21    0    3    9       564
    4    2    1   52    1   15    2    2    1       878
    4    2    2    1    1   15    2    2    1       508
    4    2    2    2    1   23    4    4    1       697
    4    2    2    3    1   22    3    3    1       670
    4    2    2    4    1    7    2    2    1       740
    4    2    2    5    1   18    3    3    1       759
    4    2    2    6    2   32    0    4    9       490
    4    2    2    7    1    7    2    2    1       871
    4    2    2    8    1   12    2    2    1       741
    4    2    2    9    1   12    2    2    1       648
    4    2    2   10    2   30    0    3    9       639
    4    2    2   11    1    6    1    1    1       758
    4    2    2   12    2   30    0    3    9       697
    4    2    2   13    2   10    0    1    9       589
    4    2    2   14    1   31    4    4    1       679
    4    2    2   15    1    2    1    1    1       509
    4    2    2   16    2   14    0    1    9       681
    4    2    2   17    2    4    0    2    9       750
    4    2    2   18    1   19    4    4    1       817
    4    2    2   19    2   24    0    4    9       545
    4    2    2   20    2    8    0    2    9       700
    4    2    2   21    1   28    4    4    1       801
    4    2    2   22    1   28    4    4    1       658
    4    2    2   23    1    3    2    2    1       760
    4    2    2   24    2   17    0    3    9       699
    4    2    2   25    1   25    3    3    1       768
    4    2    2   26    2   30    0    3    9       593
    4    2    2   27    2    5    0    1    9       971
    4    2    2   28    2   21    0    3    9       677
    4    2    2   29    2   16    0    2    9       683
    4    2    2   30    1   19    4    4    1       768
    4    2    2   31    2   14    0    1    9       786
    4    2    2   32    2   27    0    4    9       579
    4    2    2   33    1    2    1    1    1       589
    4    2    2   34    1    6    1    1    1       694
    4    2    2   35    2   30    0    3    9       795
    4    2    2   36    1   15    2    2    1       716
    4    2    2   37    1   22    3    3    1       736
    4    2    2   38    1    9    1    1    1       564
    4    2    2   39    2   14    0    1    9       670
    4    2    2   40    1   31    4    4    1       788
    4    2    2   41    2   11    0    2    9       805
    4    2    2   42    2   14    0    1    9       501
    4    2    2   43    1   23    4    4    1       866
    4    2    2   44    1   25    3    3    1       736
    4    2    2   45    2   13    0    1    9       548
    4    2    2   46    1    3    2    2    1       798
    4    2    2   47    2    1    0    1    9       719
    4    2    2   48    1    9    1    1    1       579
    4    2    2   49    1   18    3    3    1      1117
    4    2    2   50    2   20    0    4    9       561
    4    2    2   51    2   26    0    3    9      1051
    4    2    2   52    2   29    0    3    9       642
