    6    1    1    1    1    6    1    1    1     12979
    6    1    1    2    1   26    2    2    1      1777
    6    1    1    3    1   31    2    2    1      2107
    6    1    1    4    1   12    2    1    0      1784
    6    1    1    5    1    2    1    1    1      1753
    6    1    1    6    1   19    1    2    0      1188
    6    1    1    7    1    9    1    1    1      2861
    6    1    1    8    1   15    2    2    1      3964
    6    1    1    9    1   28    2    2    1      2014
    6    1    1   10    1   22    1    1    1      2622
    6    1    1   11    1    3    2    2    1      1589
    6    1    1   12    1    7    2    2    1      1175
    6    1    1   13    1   21    1    1    1      1545
    6    1    1   14    1   25    2    1    0       732
    6    1    2    1    1    7    2    2    1      1579
    6    1    2    2    1   25    2    2    1      2781
    6    1    2    3    1   28    2    2    1      1310
    6    1    2    4    1   31    2    2    1      1163
    6    1    2    5    1    6    1    1    1      1485
    6    1    2    6    1    9    1    1    1      2690
    6    1    2    7    1   26    2    1    0      1223
    6    1    2    8    1    3    2    2    1      1136
    6    1    2    9    1   21    1    2    0      1795
    6    1    2   10    1   12    2    2    1      1156
    6    1    2   11    1   19    1    2    0      2455
    6    1    2   12    1   15    2    2    1      2157
    6    1    2   13    1   22    1    1    1      1672
    6    1    2   14    1    2    1    1    1      1014
    6    1    3    1    1   19    1    1    1      1949
    6    1    3    2    1   22    1    1    1      1919
    6    1    3    3    1   21    1    1    1       835
    6    1    3    4    1   26    2    2    1       643
    6    1    3    5    1   12    2    2    1      1210
    6    1    3    6    1   15    2    2    1      1579
    6    1    3    7    1    3    2    1    0       781
    6    1    3    8    1    7    2    1    0      1238
    6    1    3    9    1   25    2    2    1       621
    6    1    3   10    1   31    2    2    1       549
    6    1    3   11    1    9    1    2    0       672
    6    1    3   12    1   28    2    2    1      1933
    6    1    3   13    1    2    1    1    1       784
    6    1    3   14    1    6    1    1    1      1042
    6    1    4    1    1    6    1    1    1      2397
    6    1    4    2    1    2    1    1    1       973
    6    1    4    3    1    7    2    2    1      1175
    6    1    4    4    1    3    2    1    0       617
    6    1    4    5    1   31    2    2    1       953
    6    1    4    6    1   25    2    2    1       756
    6    1    4    7    1   12    2    1    0      2182
    6    1    4    8    1   21    1    1    1      1080
    6    1    4    9    1   22    1    1    1      1261
    6    1    4   10    1    9    1    2    0      1116
    6    1    4   11    1   26    2    1    0       727
    6    1    4   12    1   15    2    2    1       611
    6    1    4   13    1   19    1    1    1       860
    6    1    4   14    1   28    2    2    1      2283
    6    1    5    1    1    3    2    1    0       944
    6    1    5    2    1   22    1    2    0      1139
    6    1    5    3    1   28    2    2    1      3550
    6    1    5    4    1    9    1    2    0       801
    6    1    5    5    1   19    1    1    1      1113
    6    1    5    6    1   21    1    1    1      1117
    6    1    5    7    1    6    1    1    1       658
    6    1    5    8    1    2    1    1    1       712
    6    1    5    9    1   25    2    2    1       509
    6    1    5   10    1   26    2    2    1       505
    6    1    5   11    1   31    2    2    1      1110
    6    1    5   12    1    7    2    2    1      1818
    6    1    5   13    1   12    2    2    1       947
    6    1    5   14    1   15    2    2    1      1453
    6    1    6    1    1    9    1    2    0      1022
    6    1    6    2    1   15    2    1    0      1294
    6    1    6    3    1   25    2    2    1       660
    6    1    6    4    1   12    2    2    1      1034
    6    1    6    5    1   22    1    1    1      1313
    6    1    6    6    1    7    2    1    0      2173
    6    1    6    7    1   31    2    2    1       846
    6    1    6    8    1    6    1    1    1      1501
    6    1    6    9    1   19    1    2    0      1058
    6    1    6   10    1   21    1    1    1       592
    6    1    6   11    1    2    1    1    1      1482
    6    1    6   12    1   28    2    2    1      1007
    6    1    6   13    1    3    2    2    1      1288
    6    1    6   14    1   26    2    1    0      1077
    6    1    7    1    1   15    2    2    1      4403
    6    1    7    2    1    7    2    1    0       964
    6    1    7    3    1   28    2    2    1       470
    6    1    7    4    1    2    1    1    1       900
    6    1    7    5    1   12    2    2    1      1121
    6    1    7    6    1   22    1    1    1       981
    6    1    7    7    1   19    1    2    0       926
    6    1    7    8    1   31    2    1    0       962
    6    1    7    9    1    6    1    1    1       549
    6    1    7   10    1    9    1    1    1      1119
    6    1    7   11    1    3    2    2    1       835
    6    1    7   12    1   26    2    2    1      1074
    6    1    7   13    1   21    1    1    1      1736
    6    1    7   14    1   25    2    2    1       659
    6    1    8    1    1   31    2    2    1      1351
    6    1    8    2    1   12    2    2    1       578
    6    1    8    3    1    9    1    1    1      1020
    6    1    8    4    1    6    1    1    1      1156
    6    1    8    5    1   25    2    1    0       726
    6    1    8    6    1   22    1    2    0      1410
    6    1    8    7    1   15    2    2    1       563
    6    1    8    8    1   19    1    1    1       429
    6    1    8    9    1    2    1    1    1       445
    6    1    8   10    1   28    2    2    1       572
    6    1    8   11    1    7    2    2    1      1479
    6    1    8   12    1   26    2    1    0      1501
    6    1    8   13    1    3    2    1    0       905
    6    1    8   14    1   21    1    2    0      1678
    6    1    9    1    1   21    1    1    1      1141
    6    1    9    2    1    7    2    2    1       840
    6    1    9    3    1   31    2    2    1       727
    6    1    9    4    1   22    1    1    1       795
    6    1    9    5    1   12    2    2    1       604
    6    1    9    6    1    3    2    1    0      1781
    6    1    9    7    1    2    1    1    1       758
    6    1    9    8    1    6    1    1    1      1449
    6    1    9    9    1   15    2    2    1       847
    6    1    9   10    1   19    1    2    0      1166
    6    1    9   11    1    9    1    1    1       744
    6    1    9   12    1   25    2    1    0       459
    6    1    9   13    1   28    2    2    1       674
    6    1    9   14    1   26    2    1    0      2936
    6    1   10    1    1   28    2    2    1       848
    6    1   10    2    1   21    1    1    1      1006
    6    1   10    3    1   19    1    2    0      1223
    6    1   10    4    1    6    1    1    1       559
    6    1   10    5    1    2    1    1    1       409
    6    1   10    6    1   12    2    2    1       746
    6    1   10    7    1   31    2    2    1       749
    6    1   10    8    1   15    2    2    1       544
    6    1   10    9    1   26    2    1    0       507
    6    1   10   10    1    9    1    2    0       704
    6    1   10   11    1   22    1    1    1       636
    6    1   10   12    1    3    2    2    1       595
    6    1   10   13    1   25    2    1    0      1548
    6    1   10   14    1    7    2    2    1       759
    6    2    1    1    1   28    2    2    1      5316
    6    2    1    2    1    3    2    1    0      1759
    6    2    1    3    2    1    0    1    9       714
    6    2    1    4    1   26    2    1    0      1165
    6    2    1    5    1   21    1    1    1       671
    6    2    1    6    2   24    0    2    9       901
    6    2    1    7    2   14    0    2    9      2274
    6    2    1    8    1   26    2    2    1      1480
    6    2    1    9    1   19    1    2    0       781
    6    2    1   10    2   24    0    2    9       590
    6    2    1   11    2   16    0    2    9       552
    6    2    1   12    1    7    2    1    0      2034
    6    2    1   13    2   13    0    2    9      1218
    6    2    1   14    2    8    0    2    9      1618
    6    2    1   15    1   21    1    1    1      1346
    6    2    1   16    2   24    0    2    9       813
    6    2    1   17    2   14    0    2    9      1213
    6    2    1   18    2   18    0    1    9      2093
    6    2    1   19    2   23    0    1    9      1178
    6    2    1   20    1   19    1    1    1       716
    6    2    1   21    1   12    2    2    1      1136
    6    2    1   22    2   10    0    2    9      5763
    6    2    1   23    2   14    0    2    9       589
    6    2    1   24    1   15    2    2    1       518
    6    2    1   25    1    9    1    2    0      1138
    6    2    1   26    2   30    0    2    9       933
    6    2    1   27    1   25    2    1    0       881
    6    2    1   28    2   20    0    2    9      1742
    6    2    1   29    1   22    1    1    1       778
    6    2    1   30    1   12    2    2    1       875
    6    2    1   31    2   17    0    1    9       730
    6    2    1   32    1   25    2    1    0      2956
    6    2    1   33    2   24    0    2    9       952
    6    2    1   34    1   15    2    2    1       867
    6    2    1   35    2    5    0    2    9      1121
    6    2    1   36    2   29    0    2    9      1140
    6    2    1   37    2   32    0    2    9      1032
    6    2    1   38    2   27    0    1    9      1471
    6    2    1   39    2   14    0    2    9      1685
    6    2    1   40    1    7    2    1    0       658
    6    2    1   41    1    6    1    1    1      1529
    6    2    1   42    1    2    1    1    1       829
    6    2    1   43    2   11    0    2    9      2061
    6    2    1   44    1    3    2    1    0       651
    6    2    1   45    1   28    2    2    1       673
    6    2    1   46    1   31    2    2    1       615
    6    2    1   47    2    4    0    1    9      2031
    6    2    1   48    1   22    1    1    1      1759
    6    2    1   49    1   31    2    2    1       681
    6    2    1   50    1    2    1    1    1       606
    6    2    1   51    1    6    1    1    1      1159
    6    2    1   52    1    9    1    2    0       666
    6    2    2    1    2   20    0    2    9      1104
    6    2    2    2    1    6    1    1    1       916
    6    2    2    3    1    6    1    1    1       624
    6    2    2    4    2    4    0    2    9       888
    6    2    2    5    2   27    0    2    9       918
    6    2    2    6    1   15    2    2    1      1681
    6    2    2    7    2    1    0    1    9       735
    6    2    2    8    1    9    1    2    0      1139
    6    2    2    9    1   28    2    2    1       854
    6    2    2   10    1    7    2    2    1      2165
    6    2    2   11    1   25    2    1    0      1663
    6    2    2   12    2   14    0    2    9       589
    6    2    2   13    1    9    1    2    0       550
    6    2    2   14    1   26    2    2    1      1649
    6    2    2   15    1   19    1    1    1       592
    6    2    2   16    2   30    0    2    9       793
    6    2    2   17    2   24    0    2    9      1706
    6    2    2   18    2   18    0    1    9      1767
    6    2    2   19    1    3    2    2    1       753
    6    2    2   20    1   12    2    2    1       659
    6    2    2   21    1    2    1    1    1       538
    6    2    2   22    1   21    1    2    0       917
    6    2    2   23    2    5    0    1    9       689
    6    2    2   24    1   21    1    2    0       727
    6    2    2   25    1   22    1    2    0       523
    6    2    2   26    2   13    0    2    9       599
    6    2    2   27    2   14    0    2    9       559
    6    2    2   28    1    7    2    1    0       489
    6    2    2   29    2   16    0    2    9       552
    6    2    2   30    2   24    0    2    9       946
    6    2    2   31    2    8    0    2    9       749
    6    2    2   32    1   15    2    2    1       528
    6    2    2   33    1   12    2    2    1       556
    6    2    2   34    1   25    2    1    0      1078
    6    2    2   35    1   28    2    2    1       588
    6    2    2   36    1   26    2    2    1       454
    6    2    2   37    2   24    0    2    9       548
    6    2    2   38    1   31    2    2    1       447
    6    2    2   39    2   14    0    2    9       446
    6    2    2   40    1    2    1    1    1       829
    6    2    2   41    2   10    0    2    9       845
    6    2    2   42    2   32    0    2    9       556
    6    2    2   43    1    3    2    1    0      1190
    6    2    2   44    2   14    0    2    9       472
    6    2    2   45    2   17    0    1    9       710
    6    2    2   46    2   23    0    2    9      1034
    6    2    2   47    2   24    0    2    9       786
    6    2    2   48    1   31    2    1    0      5859
    6    2    2   49    1   19    1    2    0      2170
    6    2    2   50    2   11    0    2    9      1427
    6    2    2   51    2   29    0    1    9      1627
    6    2    2   52    1   22    1    2    0      1339
