   41    1    1    1    1   25    4    1    0      5098
   41    1    1    2    1   15    2    3    0      2955
   41    1    1    3    1    7    2    2    1      3471
   41    1    1    4    1   28    4    4    1      2261
   41    1    1    5    1    6    1    1    1      2197
   41    1    1    6    1   31    4    3    0      4182
   41    1    1    7    1   12    2    4    0      1785
   41    1    1    8    1    2    1    1    1      3067
   41    1    1    9    1   21    3    2    0      3753
   41    1    1   10    1   22    3    4    0      2597
   41    1    1   11    1    9    1    1    1      4118
   41    1    1   12    1   19    3    3    1      1371
   41    1    1   13    1    3    2    1    0      1749
   41    1    1   14    1   26    4    2    0      2656
   41    1    2    1    1   28    4    4    1      2194
   41    1    2    2    1   31    4    3    0      3228
   41    1    2    3    1   19    3    3    1      1412
   41    1    2    4    1   21    3    3    1      1966
   41    1    2    5    1    2    1    2    0      1360
   41    1    2    6    1   12    2    2    1      1227
   41    1    2    7    1   15    2    2    1      1411
   41    1    2    8    1    6    1    2    0      1852
   41    1    2    9    1   22    3    3    1      1724
   41    1    2   10    1   26    4    4    1      1040
   41    1    2   11    1    7    2    1    0      1904
   41    1    2   12    1    3    2    2    1      1293
   41    1    2   13    1    9    1    1    1      1587
   41    1    2   14    1   25    4    3    0      2788
   41    1    3    1    1    3    2    4    0      3101
   41    1    3    2    1   12    2    1    0      1635
   41    1    3    3    1   22    3    4    0      2762
   41    1    3    4    1    2    1    2    0      2126
   41    1    3    5    1   26    4    4    1      5211
   41    1    3    6    1    6    1    1    1      3540
   41    1    3    7    1   31    4    4    1      2097
   41    1    3    8    1    7    2    2    1      3974
   41    1    3    9    1   28    4    3    0     15736
   41    1    3   10    1    9    1    2    0      2078
   41    1    3   11    1   25    4    4    1      3093
   41    1    3   12    1   15    2    2    1      4971
   41    1    3   13    1   19    3    3    1      1774
   41    1    3   14    1   21    3    3    1      3528
   41    1    4    1    1   22    3    3    1      2832
   41    1    4    2    1    6    1    2    0      2192
   41    1    4    3    1    3    2    2    1      6746
   41    1    4    4    1    9    1    1    1      1798
   41    1    4    5    1   25    4    4    1      2111
   41    1    4    6    1   19    3    3    1      1724
   41    1    4    7    1   12    2    2    1      2872
   41    1    4    8    1    7    2    1    0      2175
   41    1    4    9    1   26    4    3    0      1914
   41    1    4   10    1   31    4    4    1      1046
   41    1    4   11    1   28    4    4    1      1454
   41    1    4   12    1   15    2    1    0      1965
   41    1    4   13    1   21    3    3    1      1432
   41    1    4   14    1    2    1    1    1      1679
   41    1    5    1    1   19    3    3    1      4934
   41    1    5    2    1    6    1    1    1      3098
   41    1    5    3    1   31    4    4    1      2319
   41    1    5    4    1   15    2    2    1      1932
   41    1    5    5    1   25    4    4    1      2719
   41    1    5    6    1    2    1    1    1      1677
   41    1    5    7    1   21    3    3    1      5027
   41    1    5    8    1    3    2    2    1      1812
   41    1    5    9    1   12    2    1    0      2213
   41    1    5   10    1   28    4    3    0      1974
   41    1    5   11    1    9    1    2    0      3760
   41    1    5   12    1   26    4    4    1      3372
   41    1    5   13    1    7    2    1    0      2735
   41    1    5   14    1   22    3    3    1      4299
   41    1    6    1    1    2    1    2    0      3745
   41    1    6    2    1   31    4    4    1      2469
   41    1    6    3    1    7    2    1    0      2235
   41    1    6    4    1   15    2    2    1      1659
   41    1    6    5    1   28    4    4    1      4058
   41    1    6    6    1   25    4    4    1      1562
   41    1    6    7    1    9    1    2    0      1701
   41    1    6    8    1   21    3    3    1      5307
   41    1    6    9    1    6    1    2    0      5305
   41    1    6   10    1   12    2    2    1      1575
   41    1    6   11    1    3    2    1    0      1585
   41    1    6   12    1   26    4    3    0      7227
   41    1    6   13    1   22    3    3    1      1372
   41    1    6   14    1   19    3    4    0      1679
   41    1    7    1    1    9    1    1    1      1925
   41    1    7    2    1    2    1    2    0       881
   41    1    7    3    1    3    2    1    0      1999
   41    1    7    4    1   31    4    4    1      2216
   41    1    7    5    1   15    2    2    1      1409
   41    1    7    6    1   28    4    4    1      1634
   41    1    7    7    1   25    4    1    0       922
   41    1    7    8    1   12    2    1    0      1174
   41    1    7    9    1    7    2    2    1      4593
   41    1    7   10    1   22    3    3    1      1539
   41    1    7   11    1   26    4    4    1      8039
   41    1    7   12    1    6    1    1    1      3063
   41    1    7   13    1   21    3    3    1      2166
   41    1    7   14    1   19    3    3    1      2256
   41    1    8    1    1    3    2    2    1      2423
   41    1    8    2    1    7    2    2    1      1455
   41    1    8    3    1   15    2    2    1      1111
   41    1    8    4    1   28    4    4    1      1532
   41    1    8    5    1   22    3    3    1      1631
   41    1    8    6    1   25    4    3    0      1279
   41    1    8    7    1    6    1    1    1      4221
   41    1    8    8    1   26    4    3    0      5119
   41    1    8    9    1   12    2    2    1      2292
   41    1    8   10    1    9    1    1    1       994
   41    1    8   11    1    2    1    1    1      1669
   41    1    8   12    1   21    3    3    1      3691
   41    1    8   13    1   31    4    4    1      1169
   41    1    8   14    1   19    3    4    0      1972
   41    1    9    1    1    9    1    1    1      1112
   41    1    9    2    1   15    2    2    1       853
   41    1    9    3    1   21    3    3    1      2084
   41    1    9    4    1   19    3    3    1       929
   41    1    9    5    1   31    4    4    1       925
   41    1    9    6    1   28    4    4    1       971
   41    1    9    7    1    2    1    1    1      1565
   41    1    9    8    1   12    2    2    1       807
   41    1    9    9    1    3    2    2    1       960
   41    1    9   10    1   22    3    3    1      2427
   41    1    9   11    1    7    2    2    1      2420
   41    1    9   12    1    6    1    1    1      1684
   41    1    9   13    1   26    4    4    1      1298
   41    1    9   14    1   25    4    4    1       967
   41    1   10    1    1   25    4    4    1      3096
   41    1   10    2    1   28    4    4    1      1270
   41    1   10    3    1    7    2    2    1      1964
   41    1   10    4    1   26    4    4    1      1559
   41    1   10    5    1    2    1    1    1      2258
   41    1   10    6    1   22    3    3    1      3041
   41    1   10    7    1    9    1    2    0      1625
   41    1   10    8    1   12    2    2    1      1858
   41    1   10    9    1    6    1    1    1      1113
   41    1   10   10    1    3    2    2    1       966
   41    1   10   11    1   19    3    3    1      1544
   41    1   10   12    1   31    4    4    1      2220
   41    1   10   13    1   15    2    2    1      2452
   41    1   10   14    1   21    3    3    1      2812
   41    2    1    1    2   20    0    3    9      3239
   41    2    1    2    1   21    3    3    1      3071
   41    2    1    3    1   12    2    2    1      2510
   41    2    1    4    1   19    3    3    1      4876
   41    2    1    5    2    5    0    1    9      2291
   41    2    1    6    2   10    0    1    9      2144
   41    2    1    7    2   24    0    3    9      2284
   41    2    1    8    1    7    2    2    1      3283
   41    2    1    9    1    3    2    2    1      1793
   41    2    1   10    2   14    0    1    9      1674
   41    2    1   11    1   26    4    4    1      2529
   41    2    1   12    1   12    2    2    1      3485
   41    2    1   13    1    2    1    1    1      2467
   41    2    1   14    2   23    0    3    9      5010
   41    2    1   15    2   14    0    1    9      2219
   41    2    1   16    2   11    0    2    9      3620
   41    2    1   17    2   30    0    4    9      1452
   41    2    1   18    1   31    4    4    1      5004
   41    2    1   19    1   15    2    2    1      1645
   41    2    1   20    1    9    1    1    1      2045
   41    2    1   21    2   24    0    3    9      2197
   41    2    1   22    1   28    4    4    1      3294
   41    2    1   23    2   24    0    3    9      3788
   41    2    1   24    1   31    4    4    1      1374
   41    2    1   25    2   17    0    3    9      1912
   41    2    1   26    2   32    0    4    9      2029
   41    2    1   27    2   24    0    3    9      1430
   41    2    1   28    1    3    2    2    1      2246
   41    2    1   29    2   16    0    2    9      1502
   41    2    1   30    1   25    4    4    1      1683
   41    2    1   31    2   29    0    4    9      1305
   41    2    1   32    2   27    0    4    9      5078
   41    2    1   33    1    6    1    1    1      2421
   41    2    1   34    1   22    3    3    1      4541
   41    2    1   35    2    1    0    1    9      3833
   41    2    1   36    2   18    0    3    9      2017
   41    2    1   37    1   19    3    3    1      5266
   41    2    1   38    1    7    2    2    1      2073
   41    2    1   39    1   25    4    4    1      1183
   41    2    1   40    1    2    1    1    1      2929
   41    2    1   41    2   14    0    1    9      3934
   41    2    1   42    1   26    4    4    1      1874
   41    2    1   43    2    8    0    2    9      2384
   41    2    1   44    2   14    0    1    9      1778
   41    2    1   45    1   28    4    4    1      3804
   41    2    1   46    1   15    2    2    1      1598
   41    2    1   47    2   13    0    1    9      1615
   41    2    1   48    1   22    3    3    1      2319
   41    2    1   49    1    6    1    1    1      2444
   41    2    1   50    1   21    3    3    1      2619
   41    2    1   51    1    9    1    1    1      2900
   41    2    1   52    2    4    0    2    9      1337
   41    2    2    1    2   29    0    4    9      4693
   41    2    2    2    1   22    3    3    1      3947
   41    2    2    3    1   25    4    4    1      1054
   41    2    2    4    1   15    2    2    1      2078
   41    2    2    5    2   20    0    3    9      2812
   41    2    2    6    2   13    0    1    9      1605
   41    2    2    7    2   32    0    4    9      1542
   41    2    2    8    2   24    0    3    9      2194
   41    2    2    9    1   22    3    3    1      1476
   41    2    2   10    1    2    1    1    1      2618
   41    2    2   11    1    9    1    1    1      1523
   41    2    2   12    1   28    4    4    1      1320
   41    2    2   13    2   24    0    3    9       877
   41    2    2   14    1    2    1    1    1      3699
   41    2    2   15    2   10    0    1    9      2137
   41    2    2   16    1    3    2    2    1      1317
   41    2    2   17    2   14    0    1    9      2105
   41    2    2   18    2   30    0    4    9      1366
   41    2    2   19    2   14    0    1    9      1536
   41    2    2   20    1   19    3    3    1      1636
   41    2    2   21    1   31    4    4    1       836
   41    2    2   22    2    4    0    2    9      2235
   41    2    2   23    1    9    1    1    1       891
   41    2    2   24    1    3    2    2    1       753
   41    2    2   25    2   24    0    3    9      1660
   41    2    2   26    1   26    4    4    1       947
   41    2    2   27    1   21    3    3    1      2030
   41    2    2   28    1   28    4    4    1      2958
   41    2    2   29    2   14    0    1    9      1817
   41    2    2   30    1   21    3    3    1      2209
   41    2    2   31    2   11    0    2    9       883
   41    2    2   32    2   27    0    4    9      2977
   41    2    2   33    2    1    0    1    9      1971
   41    2    2   34    1    6    1    1    1      1669
   41    2    2   35    1    7    2    2    1      1364
   41    2    2   36    1   19    3    3    1      2446
   41    2    2   37    2   17    0    3    9      3414
   41    2    2   38    2    8    0    2    9      1479
   41    2    2   39    2   23    0    3    9      2493
   41    2    2   40    2    5    0    1    9      3675
   41    2    2   41    1    7    2    2    1      1490
   41    2    2   42    1   26    4    3    0      2327
   41    2    2   43    2   18    0    3    9      1348
   41    2    2   44    2   14    0    1    9      1735
   41    2    2   45    1   25    4    4    1      2283
   41    2    2   46    1   12    2    2    1      2433
   41    2    2   47    1   12    2    2    1      1649
   41    2    2   48    2   16    0    2    9      1080
   41    2    2   49    1   31    4    4    1      1638
   41    2    2   50    1    6    1    1    1      1606
   41    2    2   51    1   15    2    2    1       968
   41    2    2   52    2   24    0    3    9      1674
