    5    1    1    1    1   15    2    3    0     28268
    5    1    1    2    1    3    1    2    0      4420
    5    1    1    3    1   21    3    2    0      4669
    5    1    1    4    1   12    2    4    0     11371
    5    1    1    5    1    5    1    1    1      5959
    5    1    1    6    1   28    4    4    1      2259
    5    1    1    7    1    6    1    2    0      2378
    5    1    1    8    1   22    3    1    0      1557
    5    1    1    9    1    9    2    3    0      3360
    5    1    1   10    1   31    4    3    0     11987
    5    1    1   11    1   19    3    1    0      1495
    5    1    1   12    1   10    2    3    0      3117
    5    1    1   13    1   25    4    1    0      1474
    5    1    1   14    1   26    4    2    0     12008
    5    1    2    1    1   21    3    1    0      4028
    5    1    2    2    1   12    2    4    0      2916
    5    1    2    3    1   31    4    4    1      1537
    5    1    2    4    1   26    4    3    0      1925
    5    1    2    5    1   15    2    4    0      2018
    5    1    2    6    1    3    1    1    1      3674
    5    1    2    7    1    9    2    3    0      4353
    5    1    2    8    1   19    3    3    1      2996
    5    1    2    9    1   10    2    2    1      5030
    5    1    2   10    1    5    1    1    1      5070
    5    1    2   11    1   25    4    1    0      5716
    5    1    2   12    1    6    1    2    0      5458
    5    1    2   13    1   28    4    4    1      2026
    5    1    2   14    1   22    3    2    0      3746
    5    1    3    1    1   31    4    3    0      6383
    5    1    3    2    1   26    4    2    0      1697
    5    1    3    3    1   28    4    3    0      4671
    5    1    3    4    1   22    3    4    0      6022
    5    1    3    5    1   10    2    4    0      4527
    5    1    3    6    1   15    2    3    0      1924
    5    1    3    7    1   25    4    1    0      5984
    5    1    3    8    1    6    1    2    0      7930
    5    1    3    9    1   19    3    1    0      2487
    5    1    3   10    1    3    1    1    1      2109
    5    1    3   11    1   21    3    1    0      3611
    5    1    3   12    1   12    2    4    0      6988
    5    1    3   13    1    9    2    3    0     10134
    5    1    3   14    1    5    1    1    1      7019
    5    1    4    1    1   12    2    4    0      7473
    5    1    4    2    1   22    3    1    0      3480
    5    1    4    3    1    9    2    2    1      4934
    5    1    4    4    1   19    3    2    0      8426
    5    1    4    5    1   25    4    2    0     11828
    5    1    4    6    1   26    4    3    0      2062
    5    1    4    7    1    5    1    1    1       973
    5    1    4    8    1   15    2    2    1      2383
    5    1    4    9    1    6    1    3    0       841
    5    1    4   10    1   10    2    4    0       441
    5    1    4   11    1   21    3    2    0      2865
    5    1    4   12    1   28    4    3    0      4303
    5    1    4   13    1   31    4    3    0      1773
    5    1    4   14    1    3    1    2    0      5015
    5    1    5    1    1   26    4    3    0     13193
    5    1    5    2    1   25    4    4    1      1165
    5    1    5    3    1   12    2    4    0      9775
    5    1    5    4    1    6    1    4    0      8995
    5    1    5    5    1   10    2    2    1     17317
    5    1    5    6    1   19    3    3    1      1436
    5    1    5    7    1   15    2    3    0      1428
    5    1    5    8    1   21    3    1    0      2020
    5    1    5    9    1    3    1    3    0      1341
    5    1    5   10    1   28    4    4    1      2313
    5    1    5   11    1    5    1    2    0      2830
    5    1    5   12    1   22    3    2    0      1190
    5    1    5   13    1    9    2    1    0      1440
    5    1    5   14    1   31    4    3    0      2344
    5    1    6    1    1   15    2    3    0      7264
    5    1    6    2    1   10    2    2    1      1951
    5    1    6    3    1   28    4    4    1      2298
    5    1    6    4    1    9    2    3    0      2511
    5    1    6    5    1    3    1    1    1      2109
    5    1    6    6    1    5    1    2    0      9642
    5    1    6    7    1   31    4    3    0      1571
    5    1    6    8    1   12    2    4    0      4901
    5    1    6    9    1   19    3    1    0      1259
    5    1    6   10    1   21    3    1    0       890
    5    1    6   11    1    6    1    2    0      1392
    5    1    6   12    1   26    4    2    0      2114
    5    1    6   13    1   22    3    2    0      8710
    5    1    6   14    1   25    4    1    0      1700
    5    1    7    1    1   31    4    4    1      1867
    5    1    7    2    1   19    3    4    0      1185
    5    1    7    3    1   25    4    2    0      2763
    5    1    7    4    1    5    1    3    0      2798
    5    1    7    5    1   26    4    2    0      3079
    5    1    7    6    1   15    2    3    0      6854
    5    1    7    7    1    9    2    1    0      2070
    5    1    7    8    1   10    2    2    1      3717
    5    1    7    9    1   22    3    1    0      3025
    5    1    7   10    1    3    1    2    0       394
    5    1    7   11    1   12    2    2    1       340
    5    1    7   12    1   28    4    4    1      2327
    5    1    7   13    1   21    3    1    0      4764
    5    1    7   14    1    6    1    2    0      1407
    5    1    8    1    1   26    4    2    0      2252
    5    1    8    2    1    5    1    1    1      2483
    5    1    8    3    1    3    1    3    0      3241
    5    1    8    4    1   12    2    4    0      4977
    5    1    8    5    1   25    4    1    0      6812
    5    1    8    6    1   28    4    2    0       462
    5    1    8    7    1    6    1    1    1       661
    5    1    8    8    1   15    2    4    0      1420
    5    1    8    9    1   21    3    2    0     22772
    5    1    8   10    1   10    2    2    1      1666
    5    1    8   11    1   22    3    3    1      3592
    5    1    8   12    1    9    2    4    0      1594
    5    1    8   13    1   19    3    3    1      1108
    5    1    8   14    1   31    4    2    0      2090
    5    1    9    1    1    5    1    1    1      3787
    5    1    9    2    1    3    1    2    0      2654
    5    1    9    3    1   26    4    3    0      2053
    5    1    9    4    1   12    2    2    1      1940
    5    1    9    5    1    9    2    4    0      1704
    5    1    9    6    1   28    4    2    0      4837
    5    1    9    7    1    6    1    2    0      1398
    5    1    9    8    1   19    3    3    1      9479
    5    1    9    9    1   21    3    1    0      1486
    5    1    9   10    1   15    2    3    0      1731
    5    1    9   11    1   31    4    2    0      1215
    5    1    9   12    1   25    4    1    0      2560
    5    1    9   13    1   10    2    1    0      6019
    5    1    9   14    1   22    3    2    0      1372
    5    1   10    1    1    3    1    3    0      8634
    5    1   10    2    1    5    1    2    0      2555
    5    1   10    3    1    9    2    1    0      1998
    5    1   10    4    1   15    2    3    0      7623
    5    1   10    5    1   26    4    3    0      1137
    5    1   10    6    1   12    2    4    0      1509
    5    1   10    7    1   28    4    4    1     23273
    5    1   10    8    1   22    3    2    0      2995
    5    1   10    9    1    6    1    2    0      1949
    5    1   10   10    1   19    3    3    1      3096
    5    1   10   11    1   25    4    4    1       598
    5    1   10   12    1   31    4    3    0       359
    5    1   10   13    1   21    3    2    0       490
    5    1   10   14    1   10    2    1    0       311
    5    2    1    1    1   31    4    3    0      5008
    5    2    1    2    2    8    0    2    9      9472
    5    2    1    3    1   10    2    3    0      5536
    5    2    1    4    2    1    0    1    9      3925
    5    2    1    5    1   19    3    3    1      1241
    5    2    1    6    2   24    0    4    9       921
    5    2    1    7    2    4    0    4    9       981
    5    2    1    8    2   24    0    4    9      1247
    5    2    1    9    2   30    0    2    9      1334
    5    2    1   10    1    9    2    1    0      1474
    5    2    1   11    2   32    0    4    9      1241
    5    2    1   12    2   27    0    3    9      1057
    5    2    1   13    1   31    4    3    0       879
    5    2    1   14    2    8    0    4    9      2502
    5    2    1   15    1   22    3    2    0      1051
    5    2    1   16    1   19    3    1    0       258
    5    2    1   17    1   26    4    2    0      2009
    5    2    1   18    1    6    1    2    0      4578
    5    2    1   19    1   25    4    3    0      1709
    5    2    1   20    1    5    1    1    1      4362
    5    2    1   21    1   15    2    3    0      1021
    5    2    1   22    2   24    0    4    9      1622
    5    2    1   23    2    8    0    1    9      2150
    5    2    1   24    2   18    0    2    9      3337
    5    2    1   25    2    2    0    2    9       717
    5    2    1   26    1    3    1    3    0      1546
    5    2    1   27    1   12    2    4    0      2717
    5    2    1   28    1    3    1    3    0      9242
    5    2    1   29    2    7    0    3    9      1843
    5    2    1   30    1    5    1    1    1      1186
    5    2    1   31    2   17    0    1    9       716
    5    2    1   32    2   11    0    2    9      7488
    5    2    1   33    2   13    0    1    9       839
    5    2    1   34    1   22    3    2    0      1230
    5    2    1   35    1   26    4    2    0      1614
    5    2    1   36    1   21    3    1    0       727
    5    2    1   37    1   25    4    1    0       571
    5    2    1   38    2   16    0    4    9      1205
    5    2    1   39    2   20    0    4    9      1622
    5    2    1   40    2   23    0    3    9       919
    5    2    1   41    2   14    0    2    9      1035
    5    2    1   42    1   28    4    2    0       779
    5    2    1   43    1   21    3    1    0       101
    5    2    1   44    1   15    2    3    0      1594
    5    2    1   45    1   28    4    4    1      2548
    5    2    1   46    1   12    2    4    0      1327
    5    2    1   47    2   29    0    1    9      1075
    5    2    1   48    1   10    2    2    1       898
    5    2    1   49    2   24    0    4    9      1407
    5    2    1   50    2    8    0    4    9       752
    5    2    1   51    1    6    1    2    0      1395
    5    2    1   52    1    9    2    1    0      4869
    5    2    2    1    1   12    2    2    1       396
    5    2    2    2    1   12    2    2    1       878
    5    2    2    3    2    7    0    3    9      2260
    5    2    2    4    2    1    0    3    9       531
    5    2    2    5    1   31    4    3    0      2455
    5    2    2    6    1   19    3    4    0       334
    5    2    2    7    2    8    0    4    9       842
    5    2    2    8    2   32    0    4    9       290
    5    2    2    9    1   21    3    1    0      1399
    5    2    2   10    1    9    2    1    0       360
    5    2    2   11    1   28    4    2    0       355
    5    2    2   12    1   22    3    2    0      1182
    5    2    2   13    1   26    4    4    1      1024
    5    2    2   14    2   24    0    4    9       848
    5    2    2   15    2   23    0    3    9       231
    5    2    2   16    2   11    0    2    9       151
    5    2    2   17    1   15    2    1    0       265
    5    2    2   18    1   31    4    1    0       208
    5    2    2   19    1    6    1    4    0       225
    5    2    2   20    1   21    3    3    1       465
    5    2    2   21    1    3    1    2    0      1023
    5    2    2   22    2   17    0    1    9      1240
    5    2    2   23    1    5    1    2    0      1471
    5    2    2   24    1   25    4    3    0       758
    5    2    2   25    2   27    0    3    9     12504
    5    2    2   26    1   10    2    2    1      1375
    5    2    2   27    1    5    1    1    1      2978
    5    2    2   28    2    8    0    4    9      3972
    5    2    2   29    2   30    0    2    9      5183
    5    2    2   30    2   29    0    1    9       697
    5    2    2   31    2   13    0    1    9      1750
    5    2    2   32    1   28    4    4    1      1857
    5    2    2   33    1    3    1    3    0      1944
    5    2    2   34    1   10    2    2    1      1396
    5    2    2   35    2    8    0    4    9      1030
    5    2    2   36    2    4    0    4    9      1198
    5    2    2   37    1   15    2    3    0      1159
    5    2    2   38    1   26    4    2    0      3210
    5    2    2   39    2    8    0    4    9      1203
    5    2    2   40    1   22    3    2    0      2740
    5    2    2   41    1    6    1    2    0       928
    5    2    2   42    2   18    0    2    9       677
    5    2    2   43    2    2    0    2    9      1123
    5    2    2   44    2   24    0    4    9      2607
    5    2    2   45    2   24    0    4    9      1177
    5    2    2   46    2   14    0    2    9      1155
    5    2    2   47    2   24    0    4    9       894
    5    2    2   48    2   20    0    4    9       876
    5    2    2   49    1    9    2    1    0      1050
    5    2    2   50    1   19    3    3    1       953
    5    2    2   51    2   16    0    4    9      1148
    5    2    2   52    1   25    4    1    0       655
