   11    1    1    1    1   18    3    2    0      4580
   11    1    1    2    1   31    4    1    0      3313
   11    1    1    3    1   12    2    1    0      3077
   11    1    1    4    1    7    2    3    0      1650
   11    1    1    5    1   15    2    4    0      8889
   11    1    1    6    1   28    4    3    0      2878
   11    1    1    7    1    9    1    2    0      4004
   11    1    1    8    1   19    4    3    0      2829
   11    1    1    9    1    2    1    4    0      4676
   11    1    1   10    1    3    2    2    1      7746
   11    1    1   11    1   23    4    3    0      2220
   11    1    1   12    1   22    3    4    0      2572
   11    1    1   13    1    6    1    3    0      3006
   11    1    1   14    1   25    3    2    0      4479
   11    1    2    1    1   15    2    4    0      3237
   11    1    2    2    1   12    2    1    0      1916
   11    1    2    3    1    7    2    2    1      4296
   11    1    2    4    1    6    1    1    1      3069
   11    1    2    5    1   28    4    3    0      2051
   11    1    2    6    1   31    4    2    0      2201
   11    1    2    7    1   18    3    3    1      2426
   11    1    2    8    1   23    4    3    0      7018
   11    1    2    9    1   22    3    3    1      3082
   11    1    2   10    1    2    1    1    1      3855
   11    1    2   11    1   19    4    3    0      5333
   11    1    2   12    1   25    3    4    0      2121
   11    1    2   13    1    3    2    4    0      1389
   11    1    2   14    1    9    1    1    1      3774
   11    1    3    1    1   12    2    3    0      8318
   11    1    3    2    1    6    1    3    0      3722
   11    1    3    3    1   25    3    2    0      3566
   11    1    3    4    1    2    1    3    0      5944
   11    1    3    5    1   15    2    4    0      4803
   11    1    3    6    1   28    4    2    0      1500
   11    1    3    7    1   22    3    2    0      3384
   11    1    3    8    1    3    2    1    0      3306
   11    1    3    9    1    9    1    1    1      3646
   11    1    3   10    1   18    3    3    1      1997
   11    1    3   11    1   23    4    4    1      3373
   11    1    3   12    1   31    4    4    1      8503
   11    1    3   13    1   19    4    2    0      2324
   11    1    3   14    1    7    2    2    1      9935
   11    1    4    1    1   19    4    4    1      3804
   11    1    4    2    1    7    2    2    1      2805
   11    1    4    3    1    6    1    3    0      2326
   11    1    4    4    1   28    4    3    0      2082
   11    1    4    5    1   31    4    4    1      2759
   11    1    4    6    1   22    3    1    0      1834
   11    1    4    7    1   25    3    1    0      1593
   11    1    4    8    1   12    2    3    0      8370
   11    1    4    9    1   18    3    1    0      5932
   11    1    4   10    1    3    2    4    0      1943
   11    1    4   11    1    2    1    3    0      8098
   11    1    4   12    1   15    2    4    0      8439
   11    1    4   13    1   23    4    3    0      5806
   11    1    4   14    1    9    1    1    1      5758
   11    1    5    1    1    3    2    3    0      5189
   11    1    5    2    1   28    4    4    1     14382
   11    1    5    3    1   19    4    4    1      7135
   11    1    5    4    1   23    4    2    0      1380
   11    1    5    5    1    6    1    3    0      8741
   11    1    5    6    1   25    3    3    1      2464
   11    1    5    7    1    2    1    2    0      6718
   11    1    5    8    1   15    2    4    0      3354
   11    1    5    9    1    9    1    1    1      3885
   11    1    5   10    1   22    3    1    0     11345
   11    1    5   11    1   12    2    4    0      8837
   11    1    5   12    1   18    3    1    0      4860
   11    1    5   13    1    7    2    4    0      8227
   11    1    5   14    1   31    4    3    0      4498
   11    1    6    1    1   12    2    4    0      4969
   11    1    6    2    1   28    4    4    1      2250
   11    1    6    3    1   31    4    2    0      3953
   11    1    6    4    1   18    3    2    0     10763
   11    1    6    5    1   19    4    4    1     15701
   11    1    6    6    1   22    3    1    0      5233
   11    1    6    7    1    9    1    1    1     10072
   11    1    6    8    1    2    1    1    1      2806
   11    1    6    9    1   15    2    2    1      3895
   11    1    6   10    1   25    3    3    1      3388
   11    1    6   11    1    3    2    2    1     10293
   11    1    6   12    1    7    2    4    0      8170
   11    1    6   13    1    6    1    3    0      3836
   11    1    6   14    1   23    4    4    1      3212
   11    1    7    1    1   12    2    4    0      5863
   11    1    7    2    1   22    3    3    1      5589
   11    1    7    3    1    6    1    1    1      1638
   11    1    7    4    1    9    1    3    0      5317
   11    1    7    5    1   28    4    4    1      3609
   11    1    7    6    1    3    2    2    1      2249
   11    1    7    7    1   25    3    1    0      2160
   11    1    7    8    1   23    4    3    0      8355
   11    1    7    9    1    7    2    2    1      1949
   11    1    7   10    1    2    1    1    1      8863
   11    1    7   11    1   19    4    3    0      2878
   11    1    7   12    1   15    2    2    1      4356
   11    1    7   13    1   18    3    1    0      2054
   11    1    7   14    1   31    4    4    1      3965
   11    1    8    1    1   22    3    3    1      2489
   11    1    8    2    1   25    3    1    0      3767
   11    1    8    3    1    9    1    1    1      1464
   11    1    8    4    1   28    4    4    1      2702
   11    1    8    5    1    6    1    1    1      2659
   11    1    8    6    1   18    3    3    1      2233
   11    1    8    7    1   23    4    4    1      1569
   11    1    8    8    1   12    2    2    1      1442
   11    1    8    9    1   15    2    2    1      4906
   11    1    8   10    1    2    1    3    0      3351
   11    1    8   11    1   31    4    4    1      4025
   11    1    8   12    1    3    2    2    1      2137
   11    1    8   13    1    7    2    2    1      1236
   11    1    8   14    1   19    4    4    1      1204
   11    1    9    1    1   28    4    4    1      3881
   11    1    9    2    1   12    2    2    1      1087
   11    1    9    3    1   31    4    4    1      1508
   11    1    9    4    1    2    1    1    1      3848
   11    1    9    5    1   25    3    3    1      1647
   11    1    9    6    1    7    2    2    1      4030
   11    1    9    7    1   19    4    2    0       845
   11    1    9    8    1   15    2    2    1      1380
   11    1    9    9    1   22    3    3    1      2781
   11    1    9   10    1   23    4    4    1      1983
   11    1    9   11    1    9    1    1    1      2080
   11    1    9   12    1   18    3    3    1      2893
   11    1    9   13    1    3    2    2    1      1211
   11    1    9   14    1    6    1    1    1      5643
   11    1   10    1    1    7    2    2    1      3379
   11    1   10    2    1   12    2    2    1      1293
   11    1   10    3    1   31    4    3    0      1674
   11    1   10    4    1   19    4    4    1      1104
   11    1   10    5    1   15    2    2    1      1413
   11    1   10    6    1    3    2    2    1      1597
   11    1   10    7    1    6    1    1    1      1389
   11    1   10    8    1   22    3    3    1      1127
   11    1   10    9    1    2    1    1    1      1851
   11    1   10   10    1   28    4    2    0      1681
   11    1   10   11    1   18    3    3    1       982
   11    1   10   12    1   25    3    3    1      3696
   11    1   10   13    1    9    1    1    1      1133
   11    1   10   14    1   23    4    4    1      1904
   11    2    1    1    1    7    2    2    1      3111
   11    2    1    2    1    6    1    1    1      2458
   11    2    1    3    2    1    0    1    9      1640
   11    2    1    4    1   22    3    3    1      3416
   11    2    1    5    1   18    3    3    1      1248
   11    2    1    6    1   15    2    2    1      1390
   11    2    1    7    1    6    1    1    1      2103
   11    2    1    8    2   11    0    2    9      4292
   11    2    1    9    1   19    4    4    1      3129
   11    2    1   10    2   30    0    3    9      6860
   11    2    1   11    1    3    2    2    1      2459
   11    2    1   12    1   12    2    2    1      1449
   11    2    1   13    1   18    3    3    1      5344
   11    2    1   14    2   16    0    2    9      2651
   11    2    1   15    1   12    2    2    1      1970
   11    2    1   16    2   24    0    4    9      1940
   11    2    1   17    2   17    0    3    9      1447
   11    2    1   18    1   28    4    4    1      1678
   11    2    1   19    2   13    0    1    9      1964
   11    2    1   20    2   10    0    1    9      2766
   11    2    1   21    2   29    0    3    9      1728
   11    2    1   22    1    9    1    1    1      1372
   11    2    1   23    1    7    2    2    1      1782
   11    2    1   24    2    8    0    2    9      1375
   11    2    1   25    2   14    0    1    9      1961
   11    2    1   26    2   14    0    1    9      1467
   11    2    1   27    2   14    0    1    9      1393
   11    2    1   28    1   28    4    4    1      1387
   11    2    1   29    1   31    4    4    1      2116
   11    2    1   30    1   31    4    4    1      2416
   11    2    1   31    1   23    4    4    1      1072
   11    2    1   32    1   25    3    3    1      4326
   11    2    1   33    1    3    2    2    1      1898
   11    2    1   34    1   15    2    2    1      1118
   11    2    1   35    2    5    0    1    9      2466
   11    2    1   36    1    2    1    1    1      2080
   11    2    1   37    2    4    0    2    9      3117
   11    2    1   38    1   22    3    3    1      2593
   11    2    1   39    2   14    0    1    9      2746
   11    2    1   40    2   21    0    3    9      3645
   11    2    1   41    1    2    1    1    1      1932
   11    2    1   42    2   26    0    3    9      3024
   11    2    1   43    1   23    4    4    1      2712
   11    2    1   44    1   19    4    4    1      4844
   11    2    1   45    1    9    1    1    1      1851
   11    2    1   46    2   20    0    4    9      2578
   11    2    1   47    1   25    3    3    1      2572
   11    2    1   48    2   30    0    3    9      1782
   11    2    1   49    2   30    0    3    9      2031
   11    2    1   50    2   32    0    4    9      1918
   11    2    1   51    2   27    0    4    9      1730
   11    2    1   52    2   30    0    3    9      1838
   11    2    2    1    1   18    3    3    1      1365
   11    2    2    2    2   14    0    1    9       847
   11    2    2    3    1    6    1    1    1       893
   11    2    2    4    2   11    0    2    9      1691
   11    2    2    5    2   30    0    3    9      2808
   11    2    2    6    1    2    1    1    1      1481
   11    2    2    7    1   28    4    4    1      2286
   11    2    2    8    1    7    2    2    1      1715
   11    2    2    9    1    7    2    2    1       911
   11    2    2   10    1   31    4    4    1      1836
   11    2    2   11    1   31    4    4    1       899
   11    2    2   12    2   14    0    1    9      1952
   11    2    2   13    1   23    4    4    1      3586
   11    2    2   14    1   25    3    3    1      1523
   11    2    2   15    1   22    3    3    1      2055
   11    2    2   16    1    3    2    2    1      3350
   11    2    2   17    1   25    3    3    1      1729
   11    2    2   18    2   27    0    4    9      2924
   11    2    2   19    2   10    0    1    9      2681
   11    2    2   20    2   29    0    3    9      1470
   11    2    2   21    2   17    0    3    9      1412
   11    2    2   22    1   19    4    4    1      1900
   11    2    2   23    1   28    4    4    1      1137
   11    2    2   24    2   20    0    4    9       980
   11    2    2   25    1    9    1    1    1       926
   11    2    2   26    2    5    0    1    9       778
   11    2    2   27    1   12    2    2    1      1244
   11    2    2   28    2   16    0    2    9       827
   11    2    2   29    1   19    4    4    1      1707
   11    2    2   30    1   22    3    3    1      2631
   11    2    2   31    2   14    0    1    9      2047
   11    2    2   32    1   15    2    2    1      2461
   11    2    2   33    1   18    3    3    1      1852
   11    2    2   34    1    2    1    1    1      1970
   11    2    2   35    2   30    0    3    9      6500
   11    2    2   36    1    3    2    2    1      1921
   11    2    2   37    2    1    0    1    9      2693
   11    2    2   38    1   23    4    4    1      4378
   11    2    2   39    1    9    1    1    1      1516
   11    2    2   40    2   14    0    1    9      1312
   11    2    2   41    1    6    1    1    1      1148
   11    2    2   42    2   32    0    4    9      1071
   11    2    2   43    2    4    0    2    9      1429
   11    2    2   44    2   26    0    3    9      1565
   11    2    2   45    1   12    2    1    0      1999
   11    2    2   46    2   13    0    1    9      1599
   11    2    2   47    1   15    2    2    1      1648
   11    2    2   48    2   30    0    3    9      2031
   11    2    2   49    2    8    0    2    9      4462
   11    2    2   50    2   30    0    3    9      1341
   11    2    2   51    2   24    0    4    9      1944
   11    2    2   52    2   21    0    3    9      1179
