   12    1    1    1    1   19    4    3    0     21296
   12    1    1    2    1    2    1    3    0     25929
   12    1    1    3    1   22    3    2    0      4629
   12    1    1    4    1   31    4    2    0      4901
   12    1    1    5    1   12    2    3    0      9162
   12    1    1    6    1    3    2    3    0     11492
   12    1    1    7    1   25    3    1    0     12097
   12    1    1    8    1    9    1    3    0      6470
   12    1    1    9    1    7    2    4    0     17436
   12    1    1   10    1    6    1    2    0      2571
   12    1    1   11    1   23    4    3    0      1885
   12    1    1   12    1   18    3    2    0      1098
   12    1    1   13    1   28    4    4    1      2263
   12    1    1   14    1   15    2    3    0      1982
   12    1    2    1    1   18    3    2    0     20000
   12    1    2    2    1    7    2    2    1      2633
   12    1    2    3    1    6    1    3    0      1392
   12    1    2    4    1   12    2    2    1      3553
   12    1    2    5    1    3    2    1    0      7140
   12    1    2    6    1   15    2    2    1      3503
   12    1    2    7    1   23    4    2    0      1316
   12    1    2    8    1    2    1    1    1      2504
   12    1    2    9    1   31    4    4    1      2501
   12    1    2   10    1   19    4    4    1      1841
   12    1    2   11    1    9    1    4    0      2776
   12    1    2   12    1   25    3    4    0      2354
   12    1    2   13    1   28    4    1    0      2157
   12    1    2   14    1   22    3    2    0      1136
   12    1    3    1    1    3    2    4    0      7776
   12    1    3    2    1   12    2    3    0      1522
   12    1    3    3    1   28    4    1    0      2845
   12    1    3    4    1    9    1    1    1      1237
   12    1    3    5    1    6    1    2    0      1396
   12    1    3    6    1   25    3    3    1      3109
   12    1    3    7    1    2    1    2    0      1882
   12    1    3    8    1   15    2    4    0      6519
   12    1    3    9    1   23    4    3    0      1947
   12    1    3   10    1   22    3    3    1      1702
   12    1    3   11    1    7    2    2    1      2258
   12    1    3   12    1   19    4    3    0      1449
   12    1    3   13    1   31    4    4    1       983
   12    1    3   14    1   18    3    3    1      1361
   12    1    4    1    1    7    2    2    1      2137
   12    1    4    2    1   22    3    3    1      5493
   12    1    4    3    1   31    4    4    1       730
   12    1    4    4    1   12    2    1    0      4381
   12    1    4    5    1   28    4    1    0      2855
   12    1    4    6    1   18    3    3    1      2061
   12    1    4    7    1    9    1    4    0      1660
   12    1    4    8    1    3    2    2    1      1570
   12    1    4    9    1   19    4    4    1      3252
   12    1    4   10    1   15    2    2    1      4339
   12    1    4   11    1   23    4    4    1      4294
   12    1    4   12    1   25    3    1    0      1052
   12    1    4   13    1    6    1    2    0      2107
   12    1    4   14    1    2    1    1    1      1023
   12    1    5    1    1   31    4    4    1      1221
   12    1    5    2    1   28    4    4    1      1381
   12    1    5    3    1    7    2    2    1      1903
   12    1    5    4    1   12    2    1    0      1987
   12    1    5    5    1   25    3    4    0      2380
   12    1    5    6    1    6    1    2    0      2038
   12    1    5    7    1   19    4    4    1      1693
   12    1    5    8    1   15    2    2    1      3802
   12    1    5    9    1   18    3    3    1      1411
   12    1    5   10    1   23    4    4    1      1724
   12    1    5   11    1    3    2    2    1      1047
   12    1    5   12    1   22    3    3    1      1582
   12    1    5   13    1    9    1    1    1      1232
   12    1    5   14    1    2    1    1    1      1471
   12    1    6    1    1    9    1    1    1      1591
   12    1    6    2    1   18    3    3    1      1080
   12    1    6    3    1   22    3    3    1       670
   12    1    6    4    1   12    2    2    1      1396
   12    1    6    5    1   23    4    4    1      1165
   12    1    6    6    1   25    3    3    1      1055
   12    1    6    7    1   28    4    4    1       693
   12    1    6    8    1   31    4    3    0       779
   12    1    6    9    1    2    1    1    1      1397
   12    1    6   10    1   19    4    4    1       909
   12    1    6   11    1   15    2    2    1      1194
   12    1    6   12    1    7    2    2    1       731
   12    1    6   13    1    3    2    2    1       863
   12    1    6   14    1    6    1    1    1       973
   12    1    7    1    1   23    4    4    1      1041
   12    1    7    2    1   22    3    3    1       985
   12    1    7    3    1   25    3    3    1       930
   12    1    7    4    1   31    4    4    1       797
   12    1    7    5    1    3    2    2    1       942
   12    1    7    6    1   18    3    3    1      1129
   12    1    7    7    1   19    4    4    1      1661
   12    1    7    8    1    7    2    2    1       844
   12    1    7    9    1   12    2    2    1       619
   12    1    7   10    1    6    1    1    1       563
   12    1    7   11    1   15    2    2    1       621
   12    1    7   12    1    9    1    1    1       613
   12    1    7   13    1    2    1    1    1      1133
   12    1    7   14    1   28    4    4    1       624
   12    1    8    1    1    7    2    2    1      1249
   12    1    8    2    1   19    4    4    1      1311
   12    1    8    3    1   12    2    2    1       764
   12    1    8    4    1    6    1    1    1       862
   12    1    8    5    1   23    4    4    1      1164
   12    1    8    6    1    2    1    1    1       991
   12    1    8    7    1   25    3    3    1      1112
   12    1    8    8    1   22    3    3    1       636
   12    1    8    9    1   31    4    4    1       564
   12    1    8   10    1   28    4    4    1       510
   12    1    8   11    1   15    2    4    0       618
   12    1    8   12    1    3    2    2    1       763
   12    1    8   13    1    9    1    1    1       589
   12    1    8   14    1   18    3    3    1      1446
   12    1    9    1    1    3    2    2    1      1070
   12    1    9    2    1    2    1    1    1       644
   12    1    9    3    1   25    3    3    1       571
   12    1    9    4    1   31    4    4    1       533
   12    1    9    5    1    9    1    1    1       608
   12    1    9    6    1   15    2    2    1       457
   12    1    9    7    1   19    4    4    1       536
   12    1    9    8    1    7    2    2    1       771
   12    1    9    9    1    6    1    1    1       613
   12    1    9   10    1   23    4    4    1       941
   12    1    9   11    1   22    3    3    1       808
   12    1    9   12    1   18    3    3    1       473
   12    1    9   13    1   12    2    2    1      1031
   12    1    9   14    1   28    4    4    1       622
   12    1   10    1    1   25    3    3    1      1133
   12    1   10    2    1    6    1    1    1      1088
   12    1   10    3    1   18    3    3    1       774
   12    1   10    4    1   19    4    4    1       504
   12    1   10    5    1   31    4    4    1       516
   12    1   10    6    1    7    2    2    1       800
   12    1   10    7    1    2    1    1    1       977
   12    1   10    8    1   22    3    3    1       827
   12    1   10    9    1   28    4    4    1       619
   12    1   10   10    1    3    2    2    1       995
   12    1   10   11    1    9    1    1    1       572
   12    1   10   12    1   12    2    2    1       710
   12    1   10   13    1   15    2    2    1       683
   12    1   10   14    1   23    4    4    1      1168
   12    2    1    1    2   30    0    3    9      5023
   12    2    1    2    1   18    3    3    1      2630
   12    2    1    3    1   28    4    4    1      2190
   12    2    1    4    2    1    0    1    9      3447
   12    2    1    5    1   28    4    4    1      1262
   12    2    1    6    2    8    0    1    9      2925
   12    2    1    7    1    6    1    2    0      1208
   12    2    1    8    1    6    1    1    1      2425
   12    2    1    9    2   26    0    4    9      2393
   12    2    1   10    2   17    0    3    9      2282
   12    2    1   11    2    4    0    2    9      4272
   12    2    1   12    1   15    2    3    0      7510
   12    2    1   13    1    3    2    2    1      1498
   12    2    1   14    2   14    0    2    9      3775
   12    2    1   15    1    3    2    1    0      2825
   12    2    1   16    1    7    2    2    1       889
   12    2    1   17    1    2    1    1    1      1462
   12    2    1   18    2   30    0    3    9      1997
   12    2    1   19    1    9    1    2    0      2782
   12    2    1   20    1   31    4    3    0       767
   12    2    1   21    1   12    2    2    1      1553
   12    2    1   22    2    5    0    1    9      1827
   12    2    1   23    1   19    4    4    1      6939
   12    2    1   24    1   19    4    4    1      1863
   12    2    1   25    1   22    3    3    1      1933
   12    2    1   26    1   22    3    3    1      1089
   12    2    1   27    1   15    2    2    1      4806
   12    2    1   28    1    2    1    1    1      1735
   12    2    1   29    2   27    0    4    9      2658
   12    2    1   30    2   10    0    3    9      2745
   12    2    1   31    1   23    4    3    0      1645
   12    2    1   32    2   14    0    2    9       876
   12    2    1   33    2   29    0    3    9      2073
   12    2    1   34    2   14    0    2    9      1511
   12    2    1   35    1    9    1    1    1       811
   12    2    1   36    1   12    2    3    0      4412
   12    2    1   37    2   21    0    3    9      1549
   12    2    1   38    2   30    0    3    9       735
   12    2    1   39    1   25    3    3    1      2867
   12    2    1   40    2   11    0    2    9      1040
   12    2    1   41    2   13    0    1    9      1095
   12    2    1   42    1    7    2    2    1      3789
   12    2    1   43    2   24    0    4    9      1830
   12    2    1   44    1   25    3    4    0      6509
   12    2    1   45    2   20    0    4    9      1338
   12    2    1   46    1   23    4    3    0       469
   12    2    1   47    2   32    0    1    9       531
   12    2    1   48    2   30    0    2    9      2175
   12    2    1   49    1   31    4    2    0      3240
   12    2    1   50    2   14    0    3    9      4360
   12    2    1   51    2   16    0    4    9      2586
   12    2    1   52    1   18    3    3    1      4196
   12    2    2    1    2   26    0    2    9      1949
   12    2    2    2    2   10    0    3    9      2832
   12    2    2    3    2   32    0    4    9      1183
   12    2    2    4    1   12    2    1    0      1984
   12    2    2    5    2   24    0    4    9       913
   12    2    2    6    1   25    3    3    1       269
   12    2    2    7    1    3    2    2    1      1987
   12    2    2    8    1   19    4    4    1      1364
   12    2    2    9    1    7    2    2    1      1150
   12    2    2   10    2    8    0    2    9       608
   12    2    2   11    2   30    0    3    9      2265
   12    2    2   12    1   15    2    2    1      1583
   12    2    2   13    2   16    0    2    9      1120
   12    2    2   14    2   30    0    3    9      1333
   12    2    2   15    1    6    1    2    0      1312
   12    2    2   16    2   11    0    2    9       765
   12    2    2   17    1   18    3    3    1      1663
   12    2    2   18    2   14    0    1    9      2206
   12    2    2   19    2   30    0    2    9      1862
   12    2    2   20    1    7    2    3    0      1229
   12    2    2   21    1   15    2    3    0     10413
   12    2    2   22    2   17    0    2    9      1629
   12    2    2   23    1    6    1    2    0      1277
   12    2    2   24    1   22    3    3    1      1915
   12    2    2   25    2   30    0    2    9      1519
   12    2    2   26    2   13    0    1    9      1107
   12    2    2   27    2   14    0    4    9      1255
   12    2    2   28    2   14    0    3    9       470
   12    2    2   29    1   18    3    3    1      1476
   12    2    2   30    1   23    4    4    1      2874
   12    2    2   31    1   28    4    4    1       696
   12    2    2   32    2   29    0    3    9      1069
   12    2    2   33    1   31    4    4    1       707
   12    2    2   34    2    4    0    2    9      1912
   12    2    2   35    1    9    1    1    1       669
   12    2    2   36    2   20    0    4    9       915
   12    2    2   37    1   19    4    4    1     13966
   12    2    2   38    1   28    4    3    0      2625
   12    2    2   39    1   25    3    1    0      1608
   12    2    2   40    1    9    1    1    1      1465
   12    2    2   41    1   12    2    1    0       575
   12    2    2   42    2   21    0    3    9      3305
   12    2    2   43    1   31    4    4    1      6278
   12    2    2   44    2   27    0    4    9      1068
   12    2    2   45    1    2    1    2    0      6882
   12    2    2   46    2    1    0    1    9      1423
   12    2    2   47    1    3    2    2    1      2743
   12    2    2   48    1   22    3    3    1      1690
   12    2    2   49    1    2    1    1    1      1656
   12    2    2   50    2   14    0    1    9      1926
   12    2    2   51    1   23    4    3    0      1402
   12    2    2   52    2    5    0    1    9      1459
