   21    1    1    1    1   19    1    2    0      6364
   21    1    1    2    1    2    1    2    0      2575
   21    1    1    3    1   21    1    1    1       554
   21    1    1    4    1    9    1    1    1       469
   21    1    1    5    1    3    2    1    0      1907
   21    1    1    6    1   28    2    1    0      1600
   21    1    1    7    1   31    2    2    1      1146
   21    1    1    8    1   12    2    2    1      1589
   21    1    1    9    1   15    2    2    1       863
   21    1    1   10    1   26    2    1    0      1830
   21    1    1   11    1   22    1    1    1      1982
   21    1    1   12    1   25    2    2    1      1376
   21    1    1   13    1    6    1    1    1      1114
   21    1    1   14    1    7    2    2    1       942
   21    1    2    1    1   26    2    2    1      2799
   21    1    2    2    1    2    1    1    1       737
   21    1    2    3    1   21    1    2    0      2292
   21    1    2    4    1   12    2    2    1       842
   21    1    2    5    1   22    1    1    1       682
   21    1    2    6    1   15    2    2    1       728
   21    1    2    7    1   19    1    1    1      1436
   21    1    2    8    1    6    1    1    1      1556
   21    1    2    9    1    3    2    1    0      1983
   21    1    2   10    1   25    2    2    1      3256
   21    1    2   11    1    7    2    1    0      3880
   21    1    2   12    1   28    2    2    1      1494
   21    1    2   13    1   31    2    2    1      1020
   21    1    2   14    1    9    1    1    1      2412
   21    1    3    1    1   28    2    2    1      1276
   21    1    3    2    1    7    2    1    0      4586
   21    1    3    3    1   22    1    1    1      1221
   21    1    3    4    1    3    2    2    1      2021
   21    1    3    5    1    6    1    2    0      3069
   21    1    3    6    1   26    2    2    1      2284
   21    1    3    7    1   15    2    2    1      2218
   21    1    3    8    1    9    1    1    1      2387
   21    1    3    9    1   21    1    2    0      2357
   21    1    3   10    1   12    2    2    1       872
   21    1    3   11    1   25    2    1    0       894
   21    1    3   12    1    2    1    1    1      1092
   21    1    3   13    1   19    1    2    0       906
   21    1    3   14    1   31    2    2    1      2287
   21    1    4    1    1   28    2    2    1      1108
   21    1    4    2    1   12    2    2    1      2569
   21    1    4    3    1   21    1    1    1      1675
   21    1    4    4    1   31    2    2    1      2034
   21    1    4    5    1   19    1    2    0      4298
   21    1    4    6    1    9    1    2    0      2751
   21    1    4    7    1   25    2    2    1      1746
   21    1    4    8    1   15    2    2    1      1006
   21    1    4    9    1   22    1    1    1      1694
   21    1    4   10    1    7    2    2    1      1468
   21    1    4   11    1   26    2    1    0      4091
   21    1    4   12    1    3    2    1    0      1689
   21    1    4   13    1    2    1    1    1      1111
   21    1    4   14    1    6    1    1    1      1180
   21    1    5    1    1   12    2    2    1      1022
   21    1    5    2    1    9    1    1    1      1903
   21    1    5    3    1   21    1    1    1      1764
   21    1    5    4    1   25    2    1    0      1527
   21    1    5    5    1   26    2    2    1      1763
   21    1    5    6    1    7    2    1    0      4589
   21    1    5    7    1    3    2    2    1      1728
   21    1    5    8    1   15    2    2    1       981
   21    1    5    9    1   28    2    2    1       814
   21    1    5   10    1   31    2    2    1       974
   21    1    5   11    1   22    1    1    1      1145
   21    1    5   12    1    2    1    1    1      1012
   21    1    5   13    1    6    1    1    1      1165
   21    1    5   14    1   19    1    2    0      1968
   21    1    6    1    1   22    1    1    1      1328
   21    1    6    2    1   28    2    2    1       845
   21    1    6    3    1    6    1    1    1      1108
   21    1    6    4    1   25    2    2    1      2545
   21    1    6    5    1    2    1    1    1      1445
   21    1    6    6    1   19    1    2    0      1781
   21    1    6    7    1    9    1    1    1      2647
   21    1    6    8    1   15    2    2    1       926
   21    1    6    9    1   12    2    2    1       650
   21    1    6   10    1    3    2    2    1      2889
   21    1    6   11    1    7    2    2    1      1791
   21    1    6   12    1   26    2    2    1      3153
   21    1    6   13    1   21    1    1    1      1748
   21    1    6   14    1   31    2    2    1       928
   21    1    7    1    1   31    2    2    1       886
   21    1    7    2    1    3    2    1    0      2539
   21    1    7    3    1   21    1    1    1      1183
   21    1    7    4    1   28    2    2    1       929
   21    1    7    5    1    7    2    2    1      2405
   21    1    7    6    1    9    1    2    0      3359
   21    1    7    7    1   19    1    1    1       874
   21    1    7    8    1   25    2    1    0      1344
   21    1    7    9    1    6    1    1    1      1916
   21    1    7   10    1   22    1    2    0      1888
   21    1    7   11    1    2    1    1    1      1847
   21    1    7   12    1   15    2    2    1      1030
   21    1    7   13    1   26    2    2    1      1534
   21    1    7   14    1   12    2    2    1       866
   21    1    8    1    1    2    1    1    1      1403
   21    1    8    2    1   22    1    2    0      1539
   21    1    8    3    1    9    1    1    1      1895
   21    1    8    4    1    6    1    1    1      1229
   21    1    8    5    1   25    2    2    1      1158
   21    1    8    6    1   15    2    2    1      2681
   21    1    8    7    1   26    2    2    1      2455
   21    1    8    8    1   21    1    1    1      1751
   21    1    8    9    1   12    2    2    1      1010
   21    1    8   10    1   19    1    2    0      5211
   21    1    8   11    1   28    2    2    1       885
   21    1    8   12    1    7    2    2    1      1843
   21    1    8   13    1   31    2    2    1       642
   21    1    8   14    1    3    2    1    0      1450
   21    1    9    1    1   28    2    2    1       807
   21    1    9    2    1   21    1    1    1      2209
   21    1    9    3    1    9    1    2    0      2314
   21    1    9    4    1    7    2    2    1      2054
   21    1    9    5    1   22    1    2    0      1486
   21    1    9    6    1   26    2    2    1      1452
   21    1    9    7    1   12    2    2    1       756
   21    1    9    8    1   31    2    2    1       847
   21    1    9    9    1    2    1    1    1      1230
   21    1    9   10    1    6    1    1    1      1222
   21    1    9   11    1   25    2    1    0      1518
   21    1    9   12    1   15    2    2    1      1035
   21    1    9   13    1   19    1    1    1      1586
   21    1    9   14    1    3    2    1    0      1508
   21    1   10    1    1    7    2    2    1      1304
   21    1   10    2    1   15    2    2    1       805
   21    1   10    3    1    6    1    1    1      2095
   21    1   10    4    1    3    2    1    0      2348
   21    1   10    5    1    2    1    1    1       991
   21    1   10    6    1   19    1    1    1      1153
   21    1   10    7    1   12    2    2    1       764
   21    1   10    8    1   21    1    1    1      1679
   21    1   10    9    1   28    2    2    1      1037
   21    1   10   10    1    9    1    2    0      1565
   21    1   10   11    1   26    2    2    1      1863
   21    1   10   12    1   22    1    1    1      1621
   21    1   10   13    1   25    2    2    1      1574
   21    1   10   14    1   31    2    2    1       785
   21    2    1    1    2   14    0    2    9      2599
   21    2    1    2    1   21    1    1    1      2888
   21    2    1    3    1    3    2    2    1      1606
   21    2    1    4    2    1    0    1    9      1039
   21    2    1    5    1   21    1    1    1      2335
   21    2    1    6    1   12    2    2    1       978
   21    2    1    7    1   26    2    2    1      2932
   21    2    1    8    2   10    0    2    9      2361
   21    2    1    9    2   11    0    2    9      1204
   21    2    1   10    1   19    1    1    1      2934
   21    2    1   11    1   25    2    2    1      3410
   21    2    1   12    1    9    1    1    1      2075
   21    2    1   13    1   15    2    2    1       962
   21    2    1   14    2   17    0    1    9      1005
   21    2    1   15    2   30    0    2    9      2326
   21    2    1   16    2    5    0    1    9      1650
   21    2    1   17    2   24    0    2    9      2778
   21    2    1   18    1    6    1    1    1      1684
   21    2    1   19    1   26    2    2    1      1362
   21    2    1   20    2   24    0    2    9      2309
   21    2    1   21    1    9    1    1    1      2066
   21    2    1   22    1   12    2    2    1       793
   21    2    1   23    1    7    2    2    1      1634
   21    2    1   24    1   25    2    1    0      1466
   21    2    1   25    1   15    2    2    1      2425
   21    2    1   26    1   22    1    1    1      1737
   21    2    1   27    2   14    0    2    9      1301
   21    2    1   28    1    2    1    1    1       970
   21    2    1   29    2   14    0    2    9      1205
   21    2    1   30    1    3    2    1    0      1590
   21    2    1   31    1    6    1    1    1      1447
   21    2    1   32    2    4    0    2    9      1662
   21    2    1   33    2   27    0    2    9      1269
   21    2    1   34    2   23    0    2    9      1228
   21    2    1   35    2   18    0    1    9      1196
   21    2    1   36    2   14    0    2    9      1438
   21    2    1   37    2   32    0    2    9      1422
   21    2    1   38    2   13    0    1    9      2222
   21    2    1   39    1   22    1    1    1      1431
   21    2    1   40    1   31    2    2    1      1054
   21    2    1   41    2   24    0    2    9      1293
   21    2    1   42    1   31    2    2    1      2547
   21    2    1   43    1   28    2    2    1      1134
   21    2    1   44    2   24    0    2    9      1242
   21    2    1   45    1   28    2    2    1       770
   21    2    1   46    1    7    2    2    1      1516
   21    2    1   47    2   29    0    1    9      1480
   21    2    1   48    1    2    1    1    1      1686
   21    2    1   49    2   16    0    2    9       861
   21    2    1   50    1   19    1    1    1      3243
   21    2    1   51    2    8    0    2    9      1083
   21    2    1   52    2   20    0    1    9      7289
   21    2    2    1    1   21    1    1    1      2672
   21    2    2    2    2   14    0    2    9      1102
   21    2    2    3    2    4    0    2    9      1803
   21    2    2    4    1   12    2    2    1      1252
   21    2    2    5    1    7    2    2    1      2131
   21    2    2    6    1   28    2    2    1       959
   21    2    2    7    1    2    1    1    1      3450
   21    2    2    8    1   19    1    1    1      2129
   21    2    2    9    1   15    2    2    1       782
   21    2    2   10    1    6    1    1    1      1696
   21    2    2   11    1   21    1    1    1      2006
   21    2    2   12    1   25    2    1    0      1463
   21    2    2   13    1    2    1    1    1      1262
   21    2    2   14    1   25    2    2    1      1149
   21    2    2   15    2   11    0    2    9      1112
   21    2    2   16    1    7    2    2    1      1213
   21    2    2   17    1   26    2    2    1      1694
   21    2    2   18    1    3    2    2    1      2540
   21    2    2   19    2    5    0    1    9      1568
   21    2    2   20    2   14    0    2    9      1114
   21    2    2   21    1   19    1    1    1      1879
   21    2    2   22    2   17    0    1    9      1221
   21    2    2   23    2   10    0    2    9      1246
   21    2    2   24    1   31    2    2    1       854
   21    2    2   25    2   18    0    1    9      1309
   21    2    2   26    2   24    0    2    9      2058
   21    2    2   27    2    1    0    1    9       961
   21    2    2   28    1   28    2    2    1      1893
   21    2    2   29    1    3    2    2    1      2163
   21    2    2   30    2   32    0    2    9      1846
   21    2    2   31    1    6    1    1    1      2093
   21    2    2   32    2   14    0    2    9      1171
   21    2    2   33    1   26    2    2    1       902
   21    2    2   34    2   14    0    2    9      2402
   21    2    2   35    1    9    1    2    0     17667
   21    2    2   36    2   27    0    2    9      1028
   21    2    2   37    1   31    2    2    1       685
   21    2    2   38    1   22    1    1    1      1810
   21    2    2   39    2   13    0    1    9      3195
   21    2    2   40    2   30    0    2    9       917
   21    2    2   41    2   20    0    1    9      5873
   21    2    2   42    1   15    2    2    1       840
   21    2    2   43    1   22    1    1    1      1168
   21    2    2   44    2   24    0    2    9      2011
   21    2    2   45    2   24    0    2    9       844
   21    2    2   46    1   12    2    2    1       779
   21    2    2   47    2   16    0    2    9       886
   21    2    2   48    2    8    0    2    9       779
   21    2    2   49    2   29    0    1    9      1717
   21    2    2   50    2   23    0    2    9      2410
   21    2    2   51    2   24    0    2    9       995
   21    2    2   52    1    9    1    1    1      2102
