   25    1    1    1    1   21    3    1    0     10782
   25    1    1    2    1    9    2    2    1      7506
   25    1    1    3    1   10    2    2    1      4967
   25    1    1    4    1    6    1    3    0      2961
   25    1    1    5    1   19    3    1    0      3876
   25    1    1    6    1   25    4    2    0      3522
   25    1    1    7    1   26    4    4    1      3629
   25    1    1    8    1    3    1    3    0      3037
   25    1    1    9    1   22    3    2    0      4638
   25    1    1   10    1   15    2    4    0      2157
   25    1    1   11    1   12    2    3    0     17599
   25    1    1   12    1   31    4    4    1      1880
   25    1    1   13    1   28    4    4    1      2301
   25    1    1   14    1    5    1    3    0      5122
   25    1    2    1    1   15    2    3    0      8780
   25    1    2    2    1    3    1    1    1      4150
   25    1    2    3    1    6    1    3    0      4657
   25    1    2    4    1   12    2    4    0      2175
   25    1    2    5    1   28    4    2    0      1985
   25    1    2    6    1   31    4    4    1      2123
   25    1    2    7    1   25    4    2    0      3239
   25    1    2    8    1   26    4    4    1      1487
   25    1    2    9    1    9    2    4    0      1029
   25    1    2   10    1    5    1    2    0      2805
   25    1    2   11    1   22    3    2    0      2797
   25    1    2   12    1   21    3    1    0      1575
   25    1    2   13    1   10    2    2    1     19858
   25    1    2   14    1   19    3    1    0      3865
   25    1    3    1    1    9    2    2    1      5144
   25    1    3    2    1   28    4    4    1      1516
   25    1    3    3    1   26    4    2    0      1776
   25    1    3    4    1   22    3    2    0      6722
   25    1    3    5    1    6    1    1    1      2638
   25    1    3    6    1    5    1    1    1      1669
   25    1    3    7    1   12    2    4    0      1364
   25    1    3    8    1   21    3    1    0      2230
   25    1    3    9    1   25    4    2    0      2117
   25    1    3   10    1    3    1    1    1      6153
   25    1    3   11    1   10    2    2    1      4068
   25    1    3   12    1   19    3    1    0      2610
   25    1    3   13    1   15    2    4    0      2035
   25    1    3   14    1   31    4    4    1       666
   25    1    4    1    1   25    4    2    0      4752
   25    1    4    2    1   26    4    4    1      2795
   25    1    4    3    1    3    1    1    1      4509
   25    1    4    4    1    5    1    1    1      3754
   25    1    4    5    1   22    3    3    1      2341
   25    1    4    6    1    6    1    3    0      2600
   25    1    4    7    1   15    2    4    0      2712
   25    1    4    8    1   19    3    3    1      4309
   25    1    4    9    1   28    4    4    1      2010
   25    1    4   10    1   21    3    2    0      4394
   25    1    4   11    1    9    2    4    0      3764
   25    1    4   12    1   12    2    2    1      2822
   25    1    4   13    1   10    2    4    0      1814
   25    1    4   14    1   31    4    2    0      4646
   25    1    5    1    1   26    4    2    0     83227
   25    1    5    2    1   10    2    2    1      2372
   25    1    5    3    1    3    1    3    0      2262
   25    1    5    4    1    6    1    3    0      8581
   25    1    5    5    1   31    4    4    1      2918
   25    1    5    6    1   25    4    3    0     13250
   25    1    5    7    1   15    2    4    0      3370
   25    1    5    8    1    9    2    2    1      5404
   25    1    5    9    1   22    3    3    1      4645
   25    1    5   10    1   19    3    2    0      7692
   25    1    5   11    1   21    3    3    1      5203
   25    1    5   12    1    5    1    1    1      2740
   25    1    5   13    1   28    4    2    0      3528
   25    1    5   14    1   12    2    2    1      2228
   25    1    6    1    1   19    3    1    0      4966
   25    1    6    2    1   25    4    4    1      3721
   25    1    6    3    1   26    4    4    1      2517
   25    1    6    4    1    9    2    2    1      2289
   25    1    6    5    1   12    2    2    1      2054
   25    1    6    6    1   22    3    3    1      3429
   25    1    6    7    1   31    4    4    1      2813
   25    1    6    8    1    6    1    1    1      2638
   25    1    6    9    1   10    2    1    0      4934
   25    1    6   10    1   21    3    3    1      4218
   25    1    6   11    1   28    4    2    0      1571
   25    1    6   12    1   15    2    4    0      1773
   25    1    6   13    1    5    1    1    1      4192
   25    1    6   14    1    3    1    1    1      3657
   25    1    7    1    1   22    3    1    0      9437
   25    1    7    2    1   19    3    3    1      4029
   25    1    7    3    1   31    4    4    1      2189
   25    1    7    4    1   21    3    1    0      1862
   25    1    7    5    1    9    2    2    1      2101
   25    1    7    6    1   28    4    4    1      1970
   25    1    7    7    1   26    4    2    0      3045
   25    1    7    8    1   12    2    2    1      1397
   25    1    7    9    1    6    1    3    0      3197
   25    1    7   10    1   15    2    4    0      3606
   25    1    7   11    1   25    4    4    1      2415
   25    1    7   12    1   10    2    2    1      4576
   25    1    7   13    1    5    1    3    0      4154
   25    1    7   14    1    3    1    3    0      1997
   25    1    8    1    1   25    4    1    0      2626
   25    1    8    2    1   21    3    3    1      2739
   25    1    8    3    1    3    1    3    0      2295
   25    1    8    4    1    9    2    4    0      6181
   25    1    8    5    1   28    4    4    1      1542
   25    1    8    6    1   31    4    4    1      2362
   25    1    8    7    1   19    3    1    0      4397
   25    1    8    8    1   26    4    4    1      8406
   25    1    8    9    1   10    2    2    1      1608
   25    1    8   10    1    6    1    1    1      4137
   25    1    8   11    1   12    2    2    1      2116
   25    1    8   12    1    5    1    3    0      4512
   25    1    8   13    1   15    2    2    1      3125
   25    1    8   14    1   22    3    3    1      3274
   25    1    9    1    1   28    4    2    0      3367
   25    1    9    2    1   21    3    1    0      3449
   25    1    9    3    1   15    2    2    1      2680
   25    1    9    4    1    6    1    1    1      2686
   25    1    9    5    1   12    2    4    0      1124
   25    1    9    6    1   19    3    3    1      9600
   25    1    9    7    1    3    1    1    1      1666
   25    1    9    8    1    5    1    2    0      1968
   25    1    9    9    1   25    4    2    0      1211
   25    1    9   10    1   10    2    2    1      5092
   25    1    9   11    1    9    2    2    1      3929
   25    1    9   12    1   22    3    3    1      2717
   25    1    9   13    1   26    4    4    1      1106
   25    1    9   14    1   31    4    4    1      1639
   25    1   10    1    1   25    4    4    1      5093
   25    1   10    2    1   26    4    4    1      2043
   25    1   10    3    1    3    1    1    1      2602
   25    1   10    4    1    9    2    1    0      2708
   25    1   10    5    1   19    3    3    1      1617
   25    1   10    6    1   28    4    4    1      3265
   25    1   10    7    1   15    2    2    1      1296
   25    1   10    8    1   22    3    3    1      2205
   25    1   10    9    1   12    2    2    1      1238
   25    1   10   10    1    5    1    1    1      1799
   25    1   10   11    1   10    2    2    1      3183
   25    1   10   12    1    6    1    1    1      2130
   25    1   10   13    1   21    3    3    1      1357
   25    1   10   14    1   31    4    4    1      1688
   25    2    1    1    1   10    2    2    1      1667
   25    2    1    2    1    6    1    1    1      2224
   25    2    1    3    2    7    0    1    9      2360
   25    2    1    4    1   21    3    3    1      2572
   25    2    1    5    1   12    2    2    1      1494
   25    2    1    6    2   13    0    2    9      3788
   25    2    1    7    1   21    3    3    1      1942
   25    2    1    8    1    3    1    1    1      2202
   25    2    1    9    2   17    0    3    9      2835
   25    2    1   10    1   19    3    3    1      2179
   25    2    1   11    1   22    3    3    1      2125
   25    2    1   12    1   25    4    4    1      1386
   25    2    1   13    2   18    0    3    9      1396
   25    2    1   14    1   22    3    3    1      2973
   25    2    1   15    2    4    0    1    9      1879
   25    2    1   16    1   26    4    4    1      3149
   25    2    1   17    1    9    2    2    1      2864
   25    2    1   18    1   31    4    4    1      2079
   25    2    1   19    2    1    0    1    9      1613
   25    2    1   20    2    8    0    2    9      4190
   25    2    1   21    2   24    0    4    9      1175
   25    2    1   22    1   31    4    4    1      1514
   25    2    1   23    2    8    0    2    9      1998
   25    2    1   24    1   26    4    4    1      2671
   25    2    1   25    2    8    0    2    9      3894
   25    2    1   26    2   23    0    4    9     21611
   25    2    1   27    1    6    1    1    1      6269
   25    2    1   28    2   14    0    2    9      1332
   25    2    1   29    1    5    1    1    1      2335
   25    2    1   30    2   27    0    4    9      1284
   25    2    1   31    1   15    2    2    1      1570
   25    2    1   32    2   11    0    2    9      1684
   25    2    1   33    1   10    2    2    1      1330
   25    2    1   34    2   29    0    4    9      1133
   25    2    1   35    1    5    1    1    1      1794
   25    2    1   36    2   24    0    4    9      1484
   25    2    1   37    2    8    0    2    9      1218
   25    2    1   38    1   25    4    4    1      3651
   25    2    1   39    1   28    4    4    1       850
   25    2    1   40    2   20    0    3    9      1410
   25    2    1   41    2   30    0    4    9      1115
   25    2    1   42    2   32    0    4    9       816
   25    2    1   43    2   16    0    2    9       976
   25    2    1   44    1   19    3    3    1       923
   25    2    1   45    2   24    0    4    9       903
   25    2    1   46    1   15    2    2    1      1477
   25    2    1   47    1    3    1    1    1      2107
   25    2    1   48    2    2    0    1    9     20600
   25    2    1   49    2   24    0    4    9      8497
   25    2    1   50    1   12    2    2    1      1246
   25    2    1   51    1   28    4    4    1      2734
   25    2    1   52    1    9    2    2    1      1986
   25    2    2    1    2    4    0    1    9      2387
   25    2    2    2    2   11    0    2    9      1318
   25    2    2    3    1   15    2    2    1      1378
   25    2    2    4    2    8    0    1    9      2861
   25    2    2    5    1    6    1    1    1      1452
   25    2    2    6    1   22    3    3    1      2771
   25    2    2    7    2   14    0    2    9      2774
   25    2    2    8    1    5    1    1    1      2216
   25    2    2    9    2    2    0    1    9     24305
   25    2    2   10    1   22    3    3    1      1783
   25    2    2   11    2   16    0    2    9      4464
   25    2    2   12    1   12    2    2    1      1935
   25    2    2   13    1   26    4    4    1      2146
   25    2    2   14    2   13    0    2    9      1405
   25    2    2   15    1    6    1    1    1      1847
   25    2    2   16    2   32    0    4    9      1374
   25    2    2   17    1   15    2    2    1      1448
   25    2    2   18    1   31    4    4    1      3024
   25    2    2   19    1   28    4    4    1      1592
   25    2    2   20    1    9    2    2    1      3305
   25    2    2   21    2    1    0    1    9      1623
   25    2    2   22    2   24    0    3    9      1624
   25    2    2   23    1   12    2    2    1      2632
   25    2    2   24    1   31    4    4    1      1440
   25    2    2   25    1   19    3    3    1      1592
   25    2    2   26    2   23    0    3    9      1306
   25    2    2   27    1   10    2    2    1      8343
   25    2    2   28    2    7    0    1    9     19051
   25    2    2   29    1    9    2    2    1      2675
   25    2    2   30    1   19    3    3    1      1481
   25    2    2   31    1    3    1    1    1      1279
   25    2    2   32    2    8    0    1    9      3501
   25    2    2   33    2   27    0    4    9      2547
   25    2    2   34    1   28    4    4    1      1533
   25    2    2   35    2    8    0    1    9      2081
   25    2    2   36    1    3    1    1    1      1247
   25    2    2   37    2   30    0    4    9      1102
   25    2    2   38    2   24    0    3    9      1475
   25    2    2   39    2   29    0    4    9      1177
   25    2    2   40    1   21    3    3    1      1900
   25    2    2   41    2    8    0    1    9      2353
   25    2    2   42    1   25    4    4    1      1717
   25    2    2   43    1   21    3    3    1      4017
   25    2    2   44    2   18    0    3    9      1970
   25    2    2   45    1    5    1    1    1      2148
   25    2    2   46    2   24    0    3    9      1470
   25    2    2   47    2   20    0    3    9      1382
   25    2    2   48    1   25    4    4    1      1712
   25    2    2   49    2   24    0    3    9      1532
   25    2    2   50    2   17    0    3    9      1793
   25    2    2   51    1   26    4    4    1      1914
   25    2    2   52    1   10    2    2    1     33710
