   26    1    1    1    1    3    2    2    1      4085
   26    1    1    2    1   19    4    2    0      1805
   26    1    1    3    1    2    1    1    1      2030
   26    1    1    4    1    9    1    3    0      1485
   26    1    1    5    1   22    3    2    0      1178
   26    1    1    6    1    7    2    3    0       820
   26    1    1    7    1   28    4    4    1      1308
   26    1    1    8    1   31    4    2    0      1417
   26    1    1    9    1   25    3    1    0      1512
   26    1    1   10    1   15    2    2    1      1573
   26    1    1   11    1   23    4    2    0       823
   26    1    1   12    1   12    2    4    0      2831
   26    1    1   13    1   18    3    1    0      8885
   26    1    1   14    1    6    1    3    0      1340
   26    1    2    1    1    2    1    2    0      2851
   26    1    2    2    1    7    2    2    1      1482
   26    1    2    3    1   28    4    4    1      1360
   26    1    2    4    1   25    3    1    0      3449
   26    1    2    5    1    6    1    2    0      2313
   26    1    2    6    1   22    3    1    0      1365
   26    1    2    7    1   18    3    1    0      2103
   26    1    2    8    1    3    2    2    1      1053
   26    1    2    9    1   12    2    4    0      1331
   26    1    2   10    1   19    4    3    0      3527
   26    1    2   11    1   15    2    3    0       899
   26    1    2   12    1   31    4    3    0      1385
   26    1    2   13    1    9    1    3    0      1258
   26    1    2   14    1   23    4    2    0       737
   26    1    3    1    1   28    4    4    1       994
   26    1    3    2    1    2    1    2    0       955
   26    1    3    3    1   25    3    3    1      2077
   26    1    3    4    1    3    2    2    1      2236
   26    1    3    5    1    7    2    2    1       804
   26    1    3    6    1   18    3    1    0      2373
   26    1    3    7    1    9    1    1    1      1456
   26    1    3    8    1   23    4    4    1      2135
   26    1    3    9    1   19    4    2    0      1556
   26    1    3   10    1   12    2    4    0      1022
   26    1    3   11    1   22    3    4    0      1518
   26    1    3   12    1   15    2    1    0      2202
   26    1    3   13    1   31    4    3    0      1403
   26    1    3   14    1    6    1    2    0       940
   26    1    4    1    1   15    2    2    1      7007
   26    1    4    2    1   12    2    4    0      1015
   26    1    4    3    1   23    4    1    0      2487
   26    1    4    4    1    7    2    3    0      2284
   26    1    4    5    1    2    1    1    1      1290
   26    1    4    6    1    6    1    1    1       745
   26    1    4    7    1   18    3    3    1      1196
   26    1    4    8    1   19    4    3    0       573
   26    1    4    9    1    3    2    3    0      1487
   26    1    4   10    1   25    3    1    0      1229
   26    1    4   11    1   22    3    3    1      1108
   26    1    4   12    1    9    1    1    1      1386
   26    1    4   13    1   31    4    3    0      1203
   26    1    4   14    1   28    4    4    1       748
   26    1    5    1    1    6    1    2    0      1134
   26    1    5    2    1    3    2    2    1       474
   26    1    5    3    1    7    2    3    0      4007
   26    1    5    4    1   18    3    1    0      3153
   26    1    5    5    1   25    3    1    0       556
   26    1    5    6    1    9    1    1    1       638
   26    1    5    7    1   23    4    3    0       886
   26    1    5    8    1   19    4    2    0       843
   26    1    5    9    1   28    4    4    1       610
   26    1    5   10    1   31    4    2    0      2843
   26    1    5   11    1   15    2    2    1      1010
   26    1    5   12    1    2    1    1    1      2796
   26    1    5   13    1   12    2    4    0      1229
   26    1    5   14    1   22    3    3    1      1349
   26    1    6    1    1    3    2    2    1       867
   26    1    6    2    1   15    2    2    1      1185
   26    1    6    3    1   23    4    4    1      2739
   26    1    6    4    1   22    3    3    1      1015
   26    1    6    5    1    6    1    1    1      1727
   26    1    6    6    1   12    2    4    0       891
   26    1    6    7    1   25    3    1    0       720
   26    1    6    8    1    2    1    1    1      1052
   26    1    6    9    1   31    4    4    1      1588
   26    1    6   10    1   18    3    3    1      1269
   26    1    6   11    1    7    2    2    1       867
   26    1    6   12    1   28    4    4    1       833
   26    1    6   13    1    9    1    1    1       992
   26    1    6   14    1   19    4    4    1      2185
   26    1    7    1    1   18    3    3    1      3088
   26    1    7    2    1   23    4    4    1      1141
   26    1    7    3    1    2    1    1    1      1018
   26    1    7    4    1    9    1    1    1      1042
   26    1    7    5    1    7    2    2    1      1337
   26    1    7    6    1   19    4    4    1      1525
   26    1    7    7    1   28    4    4    1       649
   26    1    7    8    1   15    2    2    1      2047
   26    1    7    9    1    6    1    1    1      1678
   26    1    7   10    1   22    3    3    1       492
   26    1    7   11    1    3    2    2    1      2329
   26    1    7   12    1   31    4    4    1       653
   26    1    7   13    1   12    2    2    1      2051
   26    1    7   14    1   25    3    3    1      3745
   26    1    8    1    1    7    2    2    1      3046
   26    1    8    2    1   19    4    4    1      1229
   26    1    8    3    1    6    1    1    1      2541
   26    1    8    4    1    2    1    1    1       601
   26    1    8    5    1   22    3    3    1       578
   26    1    8    6    1   25    3    3    1      1292
   26    1    8    7    1   18    3    3    1       794
   26    1    8    8    1   23    4    4    1      1468
   26    1    8    9    1    3    2    2    1       706
   26    1    8   10    1   12    2    2    1       871
   26    1    8   11    1   31    4    4    1      1956
   26    1    8   12    1   28    4    4    1       791
   26    1    8   13    1   15    2    2    1      1273
   26    1    8   14    1    9    1    1    1       839
   26    1    9    1    1   15    2    2    1      1427
   26    1    9    2    1   25    3    3    1      1403
   26    1    9    3    1   18    3    3    1      1699
   26    1    9    4    1   28    4    4    1       753
   26    1    9    5    1    9    1    1    1      1492
   26    1    9    6    1    2    1    1    1       729
   26    1    9    7    1    7    2    2    1      1869
   26    1    9    8    1   31    4    4    1      1459
   26    1    9    9    1   23    4    4    1       602
   26    1    9   10    1    6    1    1    1      2451
   26    1    9   11    1   22    3    3    1      1410
   26    1    9   12    1   19    4    4    1       875
   26    1    9   13    1    3    2    2    1       762
   26    1    9   14    1   12    2    2    1      1676
   26    2    1    1    1   22    3    3    1      4684
   26    2    1    2    2   16    0    2    9      2785
   26    2    1    3    2   24    0    4    9       962
   26    2    1    4    1   23    4    4    1      5405
   26    2    1    5    2   30    0    3    9      2853
   26    2    1    6    1    9    1    1    1      1124
   26    2    1    7    1    6    1    1    1      2344
   26    2    1    8    2   27    0    4    9      2363
   26    2    1    9    1    3    2    2    1      1469
   26    2    1   10    1   19    4    4    1       788
   26    2    1   11    2   11    0    2    9      3077
   26    2    1   12    1   12    2    2    1      1019
   26    2    1   13    2   29    0    3    9      1251
   26    2    1   14    1    7    2    2    1      1665
   26    2    1   15    1   28    4    4    1      2863
   26    2    1   16    1   19    4    4    1      1213
   26    2    1   17    1   25    3    3    1      2509
   26    2    1   18    1    9    1    1    1      1530
   26    2    1   19    1   23    4    4    1      1917
   26    2    1   20    2   30    0    3    9      2081
   26    2    1   21    1   31    4    4    1      3615
   26    2    1   22    1   15    2    2    1       846
   26    2    1   23    2   20    0    4    9      1341
   26    2    1   24    1   18    3    3    1      1176
   26    2    1   25    1   22    3    3    1       906
   26    2    1   26    1   28    4    4    1       823
   26    2    1   27    2   21    0    3    9      6807
   26    2    1   28    2   26    0    3    9       984
   26    2    1   29    1    2    1    1    1      1473
   26    2    1   30    2   30    0    1    9       615
   26    2    1   31    1   25    3    3    1      1439
   26    2    1   32    1   18    3    3    1      5110
   26    2    1   33    2   30    0    3    9       955
   26    2    1   34    2    8    0    2    9      1654
   26    2    1   35    2   14    0    1    9      1668
   26    2    1   36    1   15    2    2    1      4162
   26    2    1   37    1    2    1    1    1      2957
   26    2    1   38    1    6    1    1    1      1400
   26    2    1   39    2    4    0    2    9      2016
   26    2    1   40    2   14    0    1    9      4432
   26    2    1   41    2   13    0    1    9       976
   26    2    1   42    2    1    0    1    9      1690
   26    2    1   43    2   14    0    1    9       823
   26    2    1   44    2   14    0    1    9      1271
   26    2    1   45    1    3    2    2    1       629
   26    2    1   46    1    7    2    2    1       813
   26    2    1   47    2    5    0    1    9       669
   26    2    1   48    1   31    4    4    1      1091
   26    2    1   49    2   32    0    4    9       792
   26    2    1   50    2   10    0    1    9      1034
   26    2    1   51    2   17    0    1    9       609
   26    2    1   52    1   12    2    2    1      4185
   26    2    2    1    1    7    2    2    1       851
   26    2    2    2    1   31    4    4    1       753
   26    2    2    3    2   30    0    3    9      1764
   26    2    2    4    1    7    2    2    1       862
   26    2    2    5    2   20    0    4    9      6669
   26    2    2    6    2    4    0    2    9      2307
   26    2    2    7    1    2    1    1    1     20471
   26    2    2    8    2   29    0    3    9       853
   26    2    2    9    2   17    0    3    9       660
   26    2    2   10    1   19    4    4    1       859
   26    2    2   11    1   28    4    4    1      1177
   26    2    2   12    1   23    4    4    1       811
   26    2    2   13    2    8    0    2    9      1132
   26    2    2   14    1    2    1    1    1      1087
   26    2    2   15    2   14    0    1    9       853
   26    2    2   16    2   24    0    4    9       899
   26    2    2   17    2   14    0    2    9       944
   26    2    2   18    2   14    0    1    9       603
   26    2    2   19    2   32    0    4    9       932
   26    2    2   20    2    1    0    1    9      3327
   26    2    2   21    2   14    0    1    9       923
   26    2    2   22    1   31    4    3    0      1255
   26    2    2   23    1   18    3    3    1      7526
   26    2    2   24    2   26    0    3    9      1034
   26    2    2   25    2   16    0    2    9      1089
   26    2    2   26    1    9    1    1    1       774
   26    2    2   27    1   15    2    2    1       680
   26    2    2   28    1    9    1    1    1       782
   26    2    2   29    1   15    2    2    1       879
   26    2    2   30    2   30    0    3    9       797
   26    2    2   31    2   21    0    3    9       990
   26    2    2   32    2   11    0    2    9      1479
   26    2    2   33    1   28    4    4    1      4141
   26    2    2   34    1   23    4    4    1      1080
   26    2    2   35    2   13    0    1    9      3758
   26    2    2   36    1   22    3    3    1      1656
   26    2    2   37    2   27    0    4    9      3703
   26    2    2   38    2    5    0    1    9      1619
   26    2    2   39    1   12    2    2    1      1764
   26    2    2   40    1   22    3    3    1      1469
   26    2    2   41    1    3    2    2    1      3859
   26    2    2   42    1   25    3    3    1      1338
   26    2    2   43    1   18    3    3    1      1254
   26    2    2   44    1   25    3    3    1       900
   26    2    2   45    2   30    0    3    9       817
   26    2    2   46    1   19    4    4    1       769
   26    2    2   47    1    6    1    2    0       899
   26    2    2   48    1    3    2    2    1      4192
   26    2    2   49    2   30    0    3    9      1001
   26    2    2   50    1   12    2    2    1      1138
   26    2    2   51    2   10    0    1    9      1333
   26    2    2   52    1    6    1    1    1      4032
