   35    1    1    1    1   15    2    1    0      3136
   35    1    1    2    1   22    3    1    0      1199
   35    1    1    3    1   26    4    2    0      1992
   35    1    1    4    1   31    4    1    0       817
   35    1    1    5    1   25    4    1    0       841
   35    1    1    6    1   28    4    4    1      1360
   35    1    1    7    1   12    2    2    1      1931
   35    1    1    8    1    7    2    1    0      1438
   35    1    1    9    1    6    1    2    0       893
   35    1    1   10    1   19    3    3    1      1635
   35    1    1   11    1    2    1    1    1      2034
   35    1    1   12    1    9    1    2    0      1105
   35    1    1   13    1   21    3    4    0      1390
   35    1    1   14    1    3    2    1    0      3487
   35    1    2    1    1   22    3    4    0      2639
   35    1    2    2    1   28    4    4    1      2254
   35    1    2    3    1    9    1    1    1      1541
   35    1    2    4    1    2    1    1    1      2104
   35    1    2    5    1   21    3    3    1      2516
   35    1    2    6    1   12    2    2    1      2880
   35    1    2    7    1    7    2    2    1      1917
   35    1    2    8    1   19    3    4    0      1553
   35    1    2    9    1    3    2    1    0      1228
   35    1    2   10    1   31    4    4    1       899
   35    1    2   11    1   25    4    3    0      3616
   35    1    2   12    1   15    2    1    0      1480
   35    1    2   13    1    6    1    1    1      1669
   35    1    2   14    1   26    4    4    1      1427
   35    1    3    1    1   12    2    2    1      3034
   35    1    3    2    1   22    3    3    1      3537
   35    1    3    3    1   25    4    4    1      1732
   35    1    3    4    1   15    2    2    1      2319
   35    1    3    5    1    2    1    1    1       755
   35    1    3    6    1   31    4    4    1      1094
   35    1    3    7    1   28    4    4    1       859
   35    1    3    8    1   21    3    3    1       794
   35    1    3    9    1   26    4    4    1      1115
   35    1    3   10    1    3    2    1    0      1022
   35    1    3   11    1    9    1    1    1       814
   35    1    3   12    1   19    3    3    1      1582
   35    1    3   13    1    6    1    2    0       768
   35    1    3   14    1    7    2    1    0       905
   35    1    4    1    1   21    3    3    1      1999
   35    1    4    2    1   12    2    1    0      2575
   35    1    4    3    1    3    2    2    1      1249
   35    1    4    4    1   19    3    3    1      2896
   35    1    4    5    1   26    4    4    1      1789
   35    1    4    6    1   15    2    1    0      3110
   35    1    4    7    1   31    4    4    1      1443
   35    1    4    8    1   22    3    3    1      1370
   35    1    4    9    1    9    1    2    0      1556
   35    1    4   10    1    6    1    1    1      2847
   35    1    4   11    1    2    1    2    0      1453
   35    1    4   12    1    7    2    1    0      1163
   35    1    4   13    1   25    4    4    1      4885
   35    1    4   14    1   28    4    4    1      1250
   35    1    5    1    1    2    1    1    1      2071
   35    1    5    2    1   22    3    3    1      2261
   35    1    5    3    1    6    1    1    1      1020
   35    1    5    4    1    3    2    2    1      2243
   35    1    5    5    1   15    2    2    1      1627
   35    1    5    6    1   31    4    4    1      1179
   35    1    5    7    1    9    1    1    1       893
   35    1    5    8    1   21    3    3    1      1514
   35    1    5    9    1   25    4    4    1      1134
   35    1    5   10    1   19    3    3    1      1729
   35    1    5   11    1    7    2    2    1      3325
   35    1    5   12    1   12    2    2    1      1753
   35    1    5   13    1   28    4    4    1      1348
   35    1    5   14    1   26    4    4    1      1006
   35    1    6    1    1   25    4    4    1      2930
   35    1    6    2    1   28    4    4    1       797
   35    1    6    3    1   12    2    2    1      1614
   35    1    6    4    1   21    3    3    1      1438
   35    1    6    5    1   31    4    4    1       965
   35    1    6    6    1    6    1    1    1      1919
   35    1    6    7    1    2    1    1    1       723
   35    1    6    8    1   19    3    3    1      1559
   35    1    6    9    1   26    4    4    1      1034
   35    1    6   10    1    7    2    2    1      2929
   35    1    6   11    1    9    1    1    1      1741
   35    1    6   12    1   15    2    2    1      1272
   35    1    6   13    1    3    2    2    1       774
   35    1    6   14    1   22    3    3    1      1863
   35    1    7    1    1    2    1    1    1      2083
   35    1    7    2    1   22    3    3    1      1665
   35    1    7    3    1   28    4    4    1      4942
   35    1    7    4    1    6    1    1    1      1354
   35    1    7    5    1   31    4    4    1      1141
   35    1    7    6    1    7    2    2    1      1575
   35    1    7    7    1    3    2    2    1      1466
   35    1    7    8    1   26    4    4    1      1183
   35    1    7    9    1   21    3    3    1      1169
   35    1    7   10    1   19    3    3    1      4179
   35    1    7   11    1   15    2    2    1      1421
   35    1    7   12    1   12    2    2    1       805
   35    1    7   13    1   25    4    4    1      1285
   35    1    7   14    1    9    1    1    1      1938
   35    2    1    1    2   16    0    2    9      4337
   35    2    1    2    2    4    0    2    9      3795
   35    2    1    3    1    9    1    1    1      1245
   35    2    1    4    1   26    4    4    1      4396
   35    2    1    5    2    1    0    1    9      1149
   35    2    1    6    2   14    0    1    9      1616
   35    2    1    7    2   24    0    3    9      2671
   35    2    1    8    1    9    1    1    1      1253
   35    2    1    9    1    6    1    1    1       772
   35    2    1   10    1   28    4    4    1      2582
   35    2    1   11    1   28    4    4    1       783
   35    2    1   12    1    3    2    2    1      1408
   35    2    1   13    1    3    2    2    1       809
   35    2    1   14    1   12    2    2    1       921
   35    2    1   15    2   17    0    3    9      1526
   35    2    1   16    2   32    0    4    9      1273
   35    2    1   17    2   24    0    3    9      1256
   35    2    1   18    1   19    3    3    1       757
   35    2    1   19    2   30    0    4    9       986
   35    2    1   20    2   23    0    3    9      1091
   35    2    1   21    1   21    3    3    1       888
   35    2    1   22    1   31    4    4    1       821
   35    2    1   23    1   21    3    3    1       917
   35    2    1   24    2    8    0    2    9      1425
   35    2    1   25    1   25    4    4    1      1929
   35    2    1   26    2   11    0    2    9      1757
   35    2    1   27    2   29    0    4    9      1128
   35    2    1   28    1   12    2    2    1      1500
   35    2    1   29    1   15    2    2    1      1504
   35    2    1   30    1   19    3    3    1      1205
   35    2    1   31    2   10    0    1    9      1286
   35    2    1   32    1   26    4    4    1      2723
   35    2    1   33    1    2    1    1    1      1415
   35    2    1   34    2   20    0    3    9      3695
   35    2    1   35    1   31    4    4    1       780
   35    2    1   36    1    6    1    1    1      1357
   35    2    1   37    1   15    2    2    1       936
   35    2    1   38    2   24    0    3    9      1763
   35    2    1   39    2   14    0    1    9      1373
   35    2    1   40    2   13    0    1    9      1111
   35    2    1   41    1    2    1    1    1       939
   35    2    1   42    2   14    0    1    9       631
   35    2    1   43    1   22    3    3    1      1422
   35    2    1   44    1   25    4    4    1       790
   35    2    1   45    2   14    0    1    9      1271
   35    2    1   46    2   18    0    3    9       885
   35    2    1   47    1   22    3    3    1       931
   35    2    1   48    1    7    2    2    1      1374
   35    2    1   49    1    7    2    2    1       632
   35    2    1   50    2   24    0    3    9      1263
   35    2    1   51    2   27    0    4    9       749
   35    2    1   52    2    5    0    1    9      1232
   35    2    2    1    2   27    0    4    9      2511
   35    2    2    2    2   23    0    3    9       972
   35    2    2    3    1    6    1    1    1      1126
   35    2    2    4    1   31    4    4    1      1658
   35    2    2    5    2   32    0    4    9       696
   35    2    2    6    2   14    0    1    9      1229
   35    2    2    7    1    9    1    1    1       637
   35    2    2    8    1   22    3    3    1      1140
   35    2    2    9    2   14    0    1    9       999
   35    2    2   10    2   10    0    1    9       592
   35    2    2   11    1   31    4    4    1      1369
   35    2    2   12    1    3    2    2    1      1283
   35    2    2   13    1    2    1    1    1       864
   35    2    2   14    2   24    0    3    9      1231
   35    2    2   15    1   26    4    4    1       766
   35    2    2   16    1   12    2    2    1      1328
   35    2    2   17    1   12    2    2    1       748
   35    2    2   18    2   30    0    4    9      1166
   35    2    2   19    2   17    0    3    9      1456
   35    2    2   20    1    9    1    1    1      1287
   35    2    2   21    1   28    4    4    1      1492
   35    2    2   22    1   19    3    3    1       858
   35    2    2   23    2    4    0    2    9      2040
   35    2    2   24    2   18    0    3    9      1223
   35    2    2   25    2   24    0    3    9      1831
   35    2    2   26    2   11    0    2    9      1839
   35    2    2   27    1    7    2    2    1       806
   35    2    2   28    2   29    0    4    9      1254
   35    2    2   29    1   21    3    3    1      1109
   35    2    2   30    1    3    2    2    1      1290
   35    2    2   31    1   15    2    2    1       759
   35    2    2   32    2   14    0    1    9       761
   35    2    2   33    2    1    0    1    9       700
   35    2    2   34    1    2    1    1    1       609
   35    2    2   35    2   24    0    3    9      1529
   35    2    2   36    2    5    0    1    9      1133
   35    2    2   37    1    6    1    1    1       768
   35    2    2   38    1   26    4    4    1      1074
   35    2    2   39    2   20    0    3    9      1208
   35    2    2   40    1   28    4    4    1      1081
   35    2    2   41    2   24    0    3    9       910
   35    2    2   42    2   13    0    1    9      1098
   35    2    2   43    1   19    3    3    1      1791
   35    2    2   44    1   15    2    2    1      1336
   35    2    2   45    1    7    2    2    1      1444
   35    2    2   46    2    8    0    2    9       955
   35    2    2   47    1   25    4    4    1      3126
   35    2    2   48    1   22    3    3    1       794
   35    2    2   49    1   25    4    4    1       764
   35    2    2   50    2   14    0    1    9      1325
   35    2    2   51    2   16    0    2    9       713
   35    2    2   52    1   21    3    3    1      1741
