   42    1    1    1    1   22    3    2    0      4665
   42    1    1    2    1   18    3    3    1      2636
   42    1    1    3    1   28    4    2    0      2755
   42    1    1    4    1   25    3    1    0      1406
   42    1    1    5    1   19    4    1    0      5599
   42    1    1    6    1    6    1    2    0      3145
   42    1    1    7    1   31    4    4    1      3028
   42    1    1    8    1   23    4    3    0      1037
   42    1    1    9    1    2    1    1    1      2508
   42    1    1   10    1   12    2    2    1       969
   42    1    1   11    1    9    1    3    0      2563
   42    1    1   12    1   15    2    2    1      2567
   42    1    1   13    1    3    2    2    1       849
   42    1    1   14    1    7    2    2    1      3792
   42    1    2    1    1   15    2    2    1      2776
   42    1    2    2    1    2    1    1    1       874
   42    1    2    3    1    9    1    1    1       809
   42    1    2    4    1   25    3    3    1      1467
   42    1    2    5    1   19    4    4    1      1088
   42    1    2    6    1    7    2    2    1      1398
   42    1    2    7    1   31    4    4    1      2720
   42    1    2    8    1   12    2    2    1      3651
   42    1    2    9    1   28    4    4    1      1124
   42    1    2   10    1   23    4    3    0      2519
   42    1    2   11    1   22    3    3    1       780
   42    1    2   12    1    6    1    1    1      1966
   42    1    2   13    1   18    3    3    1      1055
   42    1    2   14    1    3    2    2    1       870
   42    1    3    1    1   23    4    3    0      1926
   42    1    3    2    1    7    2    2    1      1154
   42    1    3    3    1    9    1    1    1       612
   42    1    3    4    1   28    4    4    1       877
   42    1    3    5    1    3    2    2    1      1675
   42    1    3    6    1    6    1    1    1       810
   42    1    3    7    1    2    1    1    1       475
   42    1    3    8    1   22    3    3    1       825
   42    1    3    9    1   25    3    3    1      1049
   42    1    3   10    1   19    4    4    1       656
   42    1    3   11    1   18    3    3    1       792
   42    1    3   12    1   15    2    2    1      1257
   42    1    3   13    1   12    2    2    1       649
   42    1    3   14    1   31    4    4    1      2191
   42    1    4    1    1    3    2    2    1      2706
   42    1    4    2    1    6    1    1    1       678
   42    1    4    3    1   31    4    3    0      1373
   42    1    4    4    1   12    2    2    1      2911
   42    1    4    5    1    9    1    1    1       748
   42    1    4    6    1   28    4    4    1       848
   42    1    4    7    1   23    4    4    1      1630
   42    1    4    8    1   19    4    4    1      1134
   42    1    4    9    1   15    2    2    1       946
   42    1    4   10    1    7    2    2    1       573
   42    1    4   11    1   25    3    1    0       696
   42    1    4   12    1   18    3    3    1      1077
   42    1    4   13    1    2    1    1    1      2188
   42    1    4   14    1   22    3    3    1      1077
   42    1    5    1    1   23    4    4    1      2408
   42    1    5    2    1   12    2    2    1      1080
   42    1    5    3    1   28    4    4    1       701
   42    1    5    4    1   25    3    3    1      1523
   42    1    5    5    1    2    1    1    1      1190
   42    1    5    6    1    3    2    2    1      1705
   42    1    5    7    1   22    3    3    1      1141
   42    1    5    8    1   19    4    4    1      1129
   42    1    5    9    1   31    4    4    1       652
   42    1    5   10    1   18    3    3    1      1252
   42    1    5   11    1   15    2    2    1      2163
   42    1    5   12    1    7    2    2    1       669
   42    1    5   13    1    6    1    1    1       772
   42    1    5   14    1    9    1    1    1       759
   42    1    6    1    1    2    1    1    1       722
   42    1    6    2    1   25    3    3    1       774
   42    1    6    3    1    6    1    1    1      1049
   42    1    6    4    1   18    3    3    1       800
   42    1    6    5    1   15    2    2    1      1057
   42    1    6    6    1   23    4    4    1       920
   42    1    6    7    1   19    4    4    1       532
   42    1    6    8    1    7    2    2    1      2496
   42    1    6    9    1   22    3    3    1      1454
   42    1    6   10    1    3    2    2    1       837
   42    1    6   11    1   31    4    4    1      1605
   42    1    6   12    1   12    2    2    1      1446
   42    1    6   13    1    9    1    1    1       957
   42    1    6   14    1   28    4    4    1      1497
   42    1    7    1    1   18    3    3    1      3041
   42    1    7    2    1   22    3    3    1       616
   42    1    7    3    1    7    2    2    1      1328
   42    1    7    4    1   23    4    4    1      1005
   42    1    7    5    1    9    1    1    1      1285
   42    1    7    6    1    6    1    1    1      2579
   42    1    7    7    1    2    1    1    1       749
   42    1    7    8    1   25    3    3    1      1248
   42    1    7    9    1   28    4    4    1       800
   42    1    7   10    1   15    2    2    1      1617
   42    1    7   11    1   12    2    2    1       913
   42    1    7   12    1    3    2    2    1       878
   42    1    7   13    1   19    4    4    1      1147
   42    1    7   14    1   31    4    4    1      1071
   42    2    1    1    1   12    2    2    1      4126
   42    2    1    2    2   11    0    2    9       873
   42    2    1    3    1   22    3    3    1      2839
   42    2    1    4    1    9    1    1    1       934
   42    2    1    5    2   29    0    3    9       882
   42    2    1    6    2   32    0    4    9      1199
   42    2    1    7    2   24    0    4    9      1696
   42    2    1    8    1   15    2    2    1      1709
   42    2    1    9    2   30    0    3    9      2169
   42    2    1   10    1   18    3    3    1      1267
   42    2    1   11    1   28    4    4    1       689
   42    2    1   12    1   18    3    3    1       599
   42    2    1   13    1   31    4    4    1       639
   42    2    1   14    2   14    0    1    9      1174
   42    2    1   15    2   21    0    3    9      1064
   42    2    1   16    1   23    4    4    1      1022
   42    2    1   17    1   23    4    4    1      1686
   42    2    1   18    1   19    4    4    1       628
   42    2    1   19    1   25    3    3    1      1387
   42    2    1   20    1    3    2    2    1      1653
   42    2    1   21    1   12    2    2    1       707
   42    2    1   22    2   16    0    2    9       776
   42    2    1   23    1   19    4    4    1      4938
   42    2    1   24    1   15    2    2    1      1893
   42    2    1   25    2   14    0    1    9      1019
   42    2    1   26    1    6    1    1    1      3810
   42    2    1   27    1    6    1    1    1      1147
   42    2    1   28    1    2    1    1    1      1662
   42    2    1   29    2   26    0    3    9      3852
   42    2    1   30    1   22    3    3    1       995
   42    2    1   31    1    7    2    2    1      2028
   42    2    1   32    1    7    2    2    1      1020
   42    2    1   33    2   30    0    3    9      2532
   42    2    1   34    2   14    0    1    9      1375
   42    2    1   35    1    3    2    2    1      1161
   42    2    1   36    2   30    0    3    9      3884
   42    2    1   37    2    1    0    1    9      1681
   42    2    1   38    2   30    0    3    9      3214
   42    2    1   39    2   13    0    1    9      1006
   42    2    1   40    1   25    3    3    1       999
   42    2    1   41    2   27    0    4    9      1343
   42    2    1   42    1    9    1    1    1      4491
   42    2    1   43    2    4    0    2    9       968
   42    2    1   44    1   31    4    4    1      1250
   42    2    1   45    2    5    0    1    9       881
   42    2    1   46    2   10    0    1    9       750
   42    2    1   47    1    2    1    1    1      1360
   42    2    1   48    2   17    0    3    9      1131
   42    2    1   49    1   28    4    4    1      1214
   42    2    1   50    2   20    0    4    9       558
   42    2    1   51    2    8    0    2    9      1417
   42    2    1   52    2   14    0    1    9       769
   42    2    2    1    1   22    3    3    1       771
   42    2    2    2    2   30    0    3    9       613
   42    2    2    3    2   14    0    1    9       701
   42    2    2    4    1   18    3    3    1       673
   42    2    2    5    2   30    0    3    9       552
   42    2    2    6    1   23    4    4    1       850
   42    2    2    7    1    2    1    1    1       817
   42    2    2    8    2   14    0    1    9       689
   42    2    2    9    2   30    0    3    9       870
   42    2    2   10    1   31    4    4    1      1492
   42    2    2   11    1   15    2    2    1       953
   42    2    2   12    2   14    0    1    9       756
   42    2    2   13    1   23    4    4    1      1366
   42    2    2   14    1    7    2    2    1      1056
   42    2    2   15    1    2    1    1    1      3015
   42    2    2   16    1   15    2    2    1       815
   42    2    2   17    2   27    0    4    9       879
   42    2    2   18    1   18    3    3    1      1869
   42    2    2   19    2    5    0    1    9       867
   42    2    2   20    1   28    4    4    1      1105
   42    2    2   21    1   25    3    3    1      1605
   42    2    2   22    1    7    2    2    1      2038
   42    2    2   23    1   12    2    2    1       821
   42    2    2   24    1   31    4    4    1      1701
   42    2    2   25    1   28    4    4    1      1090
   42    2    2   26    2   26    0    3    9      1527
   42    2    2   27    1    9    1    1    1       875
   42    2    2   28    2   13    0    1    9       937
   42    2    2   29    2   21    0    3    9       980
   42    2    2   30    1   12    2    2    1      4702
   42    2    2   31    2    4    0    2    9       594
   42    2    2   32    2   14    0    1    9       491
   42    2    2   33    1    6    1    1    1      1113
   42    2    2   34    1    6    1    1    1       621
   42    2    2   35    1   19    4    4    1      2005
   42    2    2   36    1    3    2    2    1      1990
   42    2    2   37    2   29    0    3    9      3575
   42    2    2   38    1   22    3    3    1       745
   42    2    2   39    2    8    0    2    9      1037
   42    2    2   40    2   16    0    2    9       708
   42    2    2   41    2    1    0    1    9       648
   42    2    2   42    1    3    2    2    1      1199
   42    2    2   43    2   17    0    1    9       879
   42    2    2   44    1   19    4    4    1      1117
   42    2    2   45    1   25    3    3    1       641
   42    2    2   46    2   24    0    4    9       856
   42    2    2   47    2   11    0    2    9      2183
   42    2    2   48    2   30    0    3    9      1664
   42    2    2   49    1    9    1    1    1       878
   42    2    2   50    2   10    0    1    9      5916
   42    2    2   51    2   32    0    4    9      1248
   42    2    2   52    2   20    0    4    9       574
