    4    1    1    1    1   31    4    3    0      8869
    4    1    1    2    1   12    2    1    0      5078
    4    1    1    3    1   19    3    4    0      2180
    4    1    1    4    1    2    1    1    1      8565
    4    1    1    5    1   25    4    2    0      5903
    4    1    1    6    1   28    4    4    1      6028
    4    1    1    7    1    7    2    3    0      4700
    4    1    1    8    1   22    3    3    1      4953
    4    1    1    9    1    6    1    3    0      2691
    4    1    1   10    1    9    1    3    0     10289
    4    1    1   11    1   21    3    2    0      3390
    4    1    1   12    1    3    2    2    1      6943
    4    1    1   13    1   15    2    1    0      7018
    4    1    1   14    1   26    4    4    1      6538
    4    1    2    1    1    2    1    3    0      4147
    4    1    2    2    1   31    4    1    0      8581
    4    1    2    3    1    3    2    2    1      8359
    4    1    2    4    1    9    1    3    0      4250
    4    1    2    5    1   21    3    3    1      7304
    4    1    2    6    1   15    2    4    0      4260
    4    1    2    7    1   28    4    4    1      3219
    4    1    2    8    1    6    1    1    1      4627
    4    1    2    9    1   22    3    2    0      3370
    4    1    2   10    1   26    4    2    0      4189
    4    1    2   11    1   19    3    2    0      2639
    4    1    2   12    1   25    4    1    0      6622
    4    1    2   13    1    7    2    1    0      3406
    4    1    2   14    1   12    2    3    0      3023
    4    1    3    1    1   31    4    1    0      4987
    4    1    3    2    1   28    4    3    0      5596
    4    1    3    3    1    3    2    1    0      4117
    4    1    3    4    1   25    4    1    0      2297
    4    1    3    5    1   22    3    3    1      1974
    4    1    3    6    1   21    3    3    1      1448
    4    1    3    7    1    6    1    2    0      1790
    4    1    3    8    1   12    2    2    1      2032
    4    1    3    9    1   19    3    3    1      2671
    4    1    3   10    1    2    1    2    0      4869
    4    1    3   11    1   26    4    4    1      1819
    4    1    3   12    1   15    2    1    0      3714
    4    1    3   13    1    7    2    1    0      4438
    4    1    3   14    1    9    1    1    1      2686
    4    1    4    1    1   26    4    4    1      3726
    4    1    4    2    1   22    3    3    1      1337
    4    1    4    3    1   21    3    3    1       869
    4    1    4    4    1   25    4    4    1      1427
    4    1    4    5    1   31    4    4    1       955
    4    1    4    6    1    2    1    1    1      2629
    4    1    4    7    1   12    2    2    1       749
    4    1    4    8    1   28    4    4    1      1424
    4    1    4    9    1    6    1    2    0      1783
    4    1    4   10    1   19    3    3    1      1753
    4    1    4   11    1    9    1    2    0      3475
    4    1    4   12    1    3    2    2    1      1538
    4    1    4   13    1   15    2    1    0       901
    4    1    4   14    1    7    2    1    0      2137
    4    1    5    1    1   31    4    4    1      1389
    4    1    5    2    1   21    3    3    1      1190
    4    1    5    3    1    3    2    1    0      1799
    4    1    5    4    1   25    4    4    1      2121
    4    1    5    5    1   19    3    3    1      1221
    4    1    5    6    1    9    1    2    0      3445
    4    1    5    7    1   15    2    1    0      1028
    4    1    5    8    1    6    1    2    0      2692
    4    1    5    9    1    2    1    1    1      1265
    4    1    5   10    1   28    4    4    1      2095
    4    1    5   11    1   22    3    3    1      1581
    4    1    5   12    1    7    2    2    1      5998
    4    1    5   13    1   26    4    4    1      1695
    4    1    5   14    1   12    2    2    1      1676
    4    1    6    1    1   26    4    4    1      2513
    4    1    6    2    1    7    2    1    0      2253
    4    1    6    3    1   25    4    4    1      4188
    4    1    6    4    1    9    1    2    0      2661
    4    1    6    5    1   28    4    4    1      3364
    4    1    6    6    1   15    2    2    1      1694
    4    1    6    7    1   12    2    1    0      1547
    4    1    6    8    1   21    3    3    1      2294
    4    1    6    9    1    3    2    1    0      2778
    4    1    6   10    1   31    4    4    1      2597
    4    1    6   11    1    2    1    1    1      6445
    4    1    6   12    1   19    3    3    1      6989
    4    1    6   13    1   22    3    3    1      3702
    4    1    6   14    1    6    1    1    1      2755
    4    1    7    1    1    6    1    1    1      2119
    4    1    7    2    1   19    3    3    1      1875
    4    1    7    3    1   15    2    2    1      2713
    4    1    7    4    1   28    4    4    1      1709
    4    1    7    5    1    7    2    2    1      4265
    4    1    7    6    1    3    2    2    1      3279
    4    1    7    7    1   12    2    2    1      3325
    4    1    7    8    1    9    1    1    1      1224
    4    1    7    9    1   26    4    4    1      1865
    4    1    7   10    1   21    3    3    1      1567
    4    1    7   11    1   22    3    3    1      1729
    4    1    7   12    1    2    1    1    1      2909
    4    1    7   13    1   25    4    4    1      2362
    4    1    7   14    1   31    4    4    1      3116
    4    1    8    1    1    9    1    1    1      1704
    4    1    8    2    1    6    1    1    1      1333
    4    1    8    3    1   12    2    2    1      1392
    4    1    8    4    1    2    1    1    1      1145
    4    1    8    5    1   22    3    3    1      1500
    4    1    8    6    1   15    2    2    1      1890
    4    1    8    7    1   28    4    4    1      2039
    4    1    8    8    1   21    3    3    1       982
    4    1    8    9    1   25    4    4    1      1104
    4    1    8   10    1   26    4    4    1      1220
    4    1    8   11    1   19    3    3    1      1221
    4    1    8   12    1   31    4    4    1       884
    4    1    8   13    1    3    2    2    1      1026
    4    1    8   14    1    7    2    2    1       746
    4    1    9    1    1   31    4    4    1      2048
    4    1    9    2    1   15    2    2    1      1375
    4    1    9    3    1   12    2    2    1       809
    4    1    9    4    1   22    3    3    1       746
    4    1    9    5    1    9    1    1    1      1277
    4    1    9    6    1    7    2    2    1      1291
    4    1    9    7    1   19    3    3    1      1384
    4    1    9    8    1   21    3    3    1      1218
    4    1    9    9    1   26    4    4    1      1010
    4    1    9   10    1   28    4    4    1       906
    4    1    9   11    1    3    2    2    1      1431
    4    1    9   12    1   25    4    4    1      1342
    4    1    9   13    1    2    1    1    1      1321
    4    1    9   14    1    6    1    1    1       870
    4    2    1    1    1   26    4    4    1      4300
    4    2    1    2    2   13    0    1    9      1568
    4    2    1    3    1    3    2    2    1      2418
    4    2    1    4    1    2    1    1    1      1746
    4    2    1    5    2   18    0    3    9      1357
    4    2    1    6    1   19    3    3    1      3623
    4    2    1    7    1   28    4    4    1      2103
    4    2    1    8    1   22    3    3    1      1892
    4    2    1    9    1   22    3    3    1      2121
    4    2    1   10    2   24    0    3    9      1957
    4    2    1   11    2   24    0    4    9      6984
    4    2    1   12    1   28    4    4    1      2993
    4    2    1   13    1   19    3    3    1      6586
    4    2    1   14    2   30    0    4    9      5140
    4    2    1   15    1   31    4    4    1      4487
    4    2    1   16    1   25    4    4    1      4068
    4    2    1   17    2   29    0    4    9      4418
    4    2    1   18    1   12    2    2    1     10674
    4    2    1   19    2   17    0    3    9      5096
    4    2    1   20    2    8    0    2    9      5613
    4    2    1   21    2   24    0    4    9      5373
    4    2    1   22    2   10    0    2    9     10551
    4    2    1   23    1    3    2    1    0      2370
    4    2    1   24    1    6    1    1    1      6067
    4    2    1   25    1   15    2    2    1      5906
    4    2    1   26    2   14    0    1    9      4982
    4    2    1   27    2   32    0    4    9      3071
    4    2    1   28    2   24    0    4    9      6741
    4    2    1   29    2   20    0    3    9     13225
    4    2    1   30    2   27    0    4    9      2345
    4    2    1   31    1   15    2    2    1      2364
    4    2    1   32    1   31    4    4    1      2142
    4    2    1   33    1   25    4    4    1      1145
    4    2    1   34    1   12    2    2    1      1629
    4    2    1   35    2   23    0    3    9      2605
    4    2    1   36    1    7    2    2    1      1461
    4    2    1   37    2   16    0    2    9      3164
    4    2    1   38    1   21    3    3    1      3438
    4    2    1   39    1    2    1    1    1      3269
    4    2    1   40    1    7    2    2    1      4723
    4    2    1   41    2    4    0    2    9      2663
    4    2    1   42    1    9    1    1    1      7069
    4    2    1   43    2    5    0    1    9      5843
    4    2    1   44    1    9    1    1    1      1482
    4    2    1   45    2   11    0    2    9      1376
    4    2    1   46    1   21    3    3    1      5514
    4    2    1   47    1    6    1    1    1      1342
    4    2    1   48    2   14    0    1    9       761
    4    2    1   49    1   26    4    4    1      1388
    4    2    1   50    2   14    0    1    9      1413
    4    2    1   51    2    1    0    1    9       941
    4    2    1   52    2   14    0    1    9      4184
    4    2    2    1    1    2    1    1    1      5698
    4    2    2    2    2   32    0    4    9      3807
    4    2    2    3    1   31    4    4    1      2183
    4    2    2    4    1   25    4    4    1      5857
    4    2    2    5    1   21    3    3    1       808
    4    2    2    6    1   21    3    3    1       568
    4    2    2    7    1   22    3    3    1       690
    4    2    2    8    1    3    2    2    1      1144
    4    2    2    9    1    6    1    1    1       923
    4    2    2   10    2   24    0    3    9      1239
    4    2    2   11    1    3    2    2    1      1174
    4    2    2   12    2   29    0    4    9      1176
    4    2    2   13    1    9    1    2    0      1418
    4    2    2   14    1   25    4    4    1      1314
    4    2    2   15    1   15    2    2    1      1854
    4    2    2   16    1    6    1    1    1      2197
    4    2    2   17    2   14    0    1    9       877
    4    2    2   18    1    7    2    2    1      2027
    4    2    2   19    1   26    4    3    0      1387
    4    2    2   20    2   14    0    1    9      1781
    4    2    2   21    1   15    2    2    1      1678
    4    2    2   22    2   24    0    3    9      1500
    4    2    2   23    1   12    2    2    1      1217
    4    2    2   24    2   10    0    1    9      1025
    4    2    2   25    1    9    1    1    1       953
    4    2    2   26    2   13    0    1    9      1252
    4    2    2   27    2   23    0    3    9      1139
    4    2    2   28    1   28    4    4    1       822
    4    2    2   29    1   31    4    4    1       726
    4    2    2   30    1   12    2    2    1      1386
    4    2    2   31    2    1    0    1    9      1331
    4    2    2   32    1    7    2    2    1      1679
    4    2    2   33    2   20    0    3    9      6460
    4    2    2   34    1   19    3    3    1       619
    4    2    2   35    2   18    0    3    9       691
    4    2    2   36    2   17    0    3    9       553
    4    2    2   37    1   28    4    4    1      1699
    4    2    2   38    2    4    0    2    9      5168
    4    2    2   39    1   22    3    3    1      2146
    4    2    2   40    2    8    0    2    9      1453
    4    2    2   41    1   26    4    4    1      7316
    4    2    2   42    2   24    0    3    9      1568
    4    2    2   43    2   27    0    4    9       834
    4    2    2   44    2   24    0    3    9      2417
    4    2    2   45    2   11    0    2    9      1601
    4    2    2   46    2   14    0    1    9      3490
    4    2    2   47    1    2    1    1    1      1223
    4    2    2   48    2   16    0    2    9       855
    4    2    2   49    2   14    0    1    9       790
    4    2    2   50    1   19    3    4    0      2263
    4    2    2   51    2    5    0    1    9      4749
    4    2    2   52    2   30    0    4    9      1440
