   51    1    1    1    1   31    4    1    0      7239
   51    1    1    2    1    6    1    4    0      2322
   51    1    1    3    1    9    1    2    0      2927
   51    1    1    4    1   19    3    2    0      2850
   51    1    1    5    1   25    4    1    0      1177
   51    1    1    6    1   21    3    1    0      3235
   51    1    1    7    1   15    2    3    0      1963
   51    1    1    8    1   26    4    3    0      2869
   51    1    1    9    1    2    1    1    1      2891
   51    1    1   10    1    3    2    2    1      1913
   51    1    1   11    1   12    2    4    0      2541
   51    1    1   12    1    7    2    3    0      1937
   51    1    1   13    1   22    3    2    0      2109
   51    1    1   14    1   28    4    4    1      1633
   51    1    2    1    1   19    3    3    1      4186
   51    1    2    2    1   22    3    3    1      5667
   51    1    2    3    1   28    4    2    0      6769
   51    1    2    4    1   21    3    4    0      2285
   51    1    2    5    1    7    2    4    0      2634
   51    1    2    6    1    6    1    3    0      3081
   51    1    2    7    1    2    1    2    0      1895
   51    1    2    8    1   12    2    4    0      2196
   51    1    2    9    1   31    4    3    0      2710
   51    1    2   10    1    3    2    3    0      1650
   51    1    2   11    1   26    4    2    0      2314
   51    1    2   12    1   25    4    4    1      1527
   51    1    2   13    1   15    2    2    1      2570
   51    1    2   14    1    9    1    3    0      1397
   51    1    3    1    1   31    4    2    0      3344
   51    1    3    2    1   25    4    2    0      2131
   51    1    3    3    1    3    2    3    0      1847
   51    1    3    4    1    6    1    3    0      3045
   51    1    3    5    1   12    2    2    1      4565
   51    1    3    6    1   28    4    2    0      1856
   51    1    3    7    1   22    3    3    1      1471
   51    1    3    8    1    2    1    4    0      3941
   51    1    3    9    1    9    1    4    0      1681
   51    1    3   10    1    7    2    2    1      1895
   51    1    3   11    1   15    2    3    0      1709
   51    1    3   12    1   19    3    2    0      1936
   51    1    3   13    1   26    4    1    0      1612
   51    1    3   14    1   21    3    1    0      1301
   51    1    4    1    1   12    2    4    0      3154
   51    1    4    2    1    7    2    2    1      3357
   51    1    4    3    1   26    4    3    0      1432
   51    1    4    4    1   31    4    1    0      3448
   51    1    4    5    1   25    4    1    0      1015
   51    1    4    6    1    6    1    2    0      2551
   51    1    4    7    1    2    1    1    1      1609
   51    1    4    8    1   19    3    3    1      1483
   51    1    4    9    1   15    2    4    0      1920
   51    1    4   10    1   22    3    2    0      1292
   51    1    4   11    1    3    2    3    0      1202
   51    1    4   12    1    9    1    1    1      1002
   51    1    4   13    1   21    3    4    0      1411
   51    1    4   14    1   28    4    4    1      1493
   51    1    5    1    1   12    2    1    0      2389
   51    1    5    2    1   31    4    4    1       799
   51    1    5    3    1   26    4    4    1       720
   51    1    5    4    1    6    1    2    0      2037
   51    1    5    5    1    3    2    3    0      1613
   51    1    5    6    1   22    3    2    0      1094
   51    1    5    7    1    2    1    2    0      1363
   51    1    5    8    1   21    3    1    0      1093
   51    1    5    9    1   15    2    4    0      3234
   51    1    5   10    1    9    1    1    1      1162
   51    1    5   11    1   19    3    4    0      1868
   51    1    5   12    1   25    4    1    0       970
   51    1    5   13    1    7    2    3    0      1694
   51    1    5   14    1   28    4    1    0      2259
   51    1    6    1    1    9    1    1    1      1368
   51    1    6    2    1   28    4    4    1       995
   51    1    6    3    1   22    3    4    0       252
   51    1    6    4    1   19    3    3    1      1435
   51    1    6    5    1   25    4    2    0       978
   51    1    6    6    1   12    2    4    0      2212
   51    1    6    7    1   31    4    3    0      1413
   51    1    6    8    1    6    1    2    0      1317
   51    1    6    9    1   26    4    3    0      1752
   51    1    6   10    1    2    1    4    0      1245
   51    1    6   11    1    3    2    3    0      1092
   51    1    6   12    1   21    3    1    0      1025
   51    1    6   13    1    7    2    3    0      1410
   51    1    6   14    1   15    2    3    0       978
   51    1    7    1    1   12    2    2    1      4136
   51    1    7    2    1   15    2    4    0       996
   51    1    7    3    1   21    3    4    0       436
   51    1    7    4    1   25    4    4    1       317
   51    1    7    5    1    7    2    3    0      2384
   51    1    7    6    1    2    1    3    0       283
   51    1    7    7    1   19    3    3    1       408
   51    1    7    8    1   22    3    3    1       921
   51    1    7    9    1   28    4    3    0       581
   51    1    7   10    1    9    1    3    0      1622
   51    1    7   11    1   26    4    2    0      1295
   51    1    7   12    1    3    2    3    0      1140
   51    1    7   13    1    6    1    3    0       944
   51    1    7   14    1   31    4    3    0       611
   51    1    8    1    1   12    2    2    1      3386
   51    1    8    2    1   22    3    3    1       307
   51    1    8    3    1   26    4    4    1       616
   51    1    8    4    1    3    2    2    1      1217
   51    1    8    5    1   25    4    1    0      1040
   51    1    8    6    1   21    3    1    0      1088
   51    1    8    7    1    6    1    2    0      1549
   51    1    8    8    1    2    1    3    0      1688
   51    1    8    9    1   28    4    4    1      1437
   51    1    8   10    1    9    1    1    1      1301
   51    1    8   11    1   15    2    3    0      1249
   51    1    8   12    1   31    4    3    0      1176
   51    1    8   13    1   19    3    3    1      1410
   51    1    8   14    1    7    2    2    1      1451
   51    1    9    1    1   25    4    2    0      1080
   51    1    9    2    1    7    2    2    1      1221
   51    1    9    3    1   19    3    4    0      1269
   51    1    9    4    1   26    4    1    0       716
   51    1    9    5    1   22    3    1    0       376
   51    1    9    6    1    3    2    1    0       322
   51    1    9    7    1   12    2    1    0       430
   51    1    9    8    1   15    2    1    0       694
   51    1    9    9    1    2    1    1    1       451
   51    1    9   10    1   31    4    2    0       722
   51    1    9   11    1   21    3    1    0       878
   51    1    9   12    1    9    1    1    1       835
   51    1    9   13    1    6    1    4    0      2532
   51    1    9   14    1   28    4    3    0      3047
   51    1   10    1    1    3    2    3    0      2277
   51    1   10    2    1    2    1    3    0       979
   51    1   10    3    1   15    2    4    0      1301
   51    1   10    4    1   12    2    4    0      1754
   51    1   10    5    1   26    4    3    0      1308
   51    1   10    6    1    6    1    3    0       786
   51    1   10    7    1   25    4    3    0      1146
   51    1   10    8    1   19    3    3    1       790
   51    1   10    9    1   28    4    4    1      1543
   51    1   10   10    1    9    1    1    1      1227
   51    1   10   11    1    7    2    2    1      1596
   51    1   10   12    1   31    4    4    1      1965
   51    1   10   13    1   21    3    1    0      1295
   51    1   10   14    1   22    3    2    0      1364
   51    2    1    1    1   26    4    2    0      4545
   51    2    1    2    2   24    0    4    9      2299
   51    2    1    3    2   23    0    2    9      3584
   51    2    1    4    1   12    2    3    0      2610
   51    2    1    5    2   16    0    4    9      1179
   51    2    1    6    2   14    0    1    9      2829
   51    2    1    7    2   10    0    3    9      1453
   51    2    1    8    2   13    0    3    9      1380
   51    2    1    9    2   14    0    2    9      1053
   51    2    1   10    1    9    1    1    1      1108
   51    2    1   11    1   21    3    3    1      1737
   51    2    1   12    2   14    0    2    9      2740
   51    2    1   13    1    6    1    4    0      1463
   51    2    1   14    1   25    4    1    0      1293
   51    2    1   15    1   21    3    1    0      1210
   51    2    1   16    2   24    0    4    9      1132
   51    2    1   17    2   20    0    4    9      1007
   51    2    1   18    2   18    0    3    9      1272
   51    2    1   19    1    3    2    2    1      1014
   51    2    1   20    2   24    0    3    9      1023
   51    2    1   21    2   30    0    2    9      1271
   51    2    1   22    1   28    4    4    1      1334
   51    2    1   23    2    5    0    1    9      1105
   51    2    1   24    2    1    0    2    9      1302
   51    2    1   25    1    7    2    1    0      1218
   51    2    1   26    2   11    0    2    9       691
   51    2    1   27    1   22    3    3    1      1096
   51    2    1   28    1   22    3    3    1      1326
   51    2    1   29    2   14    0    3    9       938
   51    2    1   30    1    2    1    3    0       917
   51    2    1   31    1   31    4    4    1      2017
   51    2    1   32    1   15    2    4    0       529
   51    2    1   33    1   19    3    4    0      1261
   51    2    1   34    1   31    4    4    1       844
   51    2    1   35    1    3    2    2    1      2027
   51    2    1   36    2   24    0    4    9      1275
   51    2    1   37    2   32    0    4    9       953
   51    2    1   38    1   26    4    2    0      3124
   51    2    1   39    1   19    3    3    1      1512
   51    2    1   40    1    2    1    2    0      1324
   51    2    1   41    1    9    1    1    1      1368
   51    2    1   42    1   25    4    1    0      1107
   51    2    1   43    1   12    2    4    0      2184
   51    2    1   44    1   15    2    2    1      1169
   51    2    1   45    2    4    0    3    9       595
   51    2    1   46    2    8    0    4    9       444
   51    2    1   47    1    7    2    3    0       796
   51    2    1   48    1    6    1    2    0      1325
   51    2    1   49    2   29    0    1    9      2633
   51    2    1   50    2   17    0    1    9      1105
   51    2    1   51    2   27    0    3    9      1174
   51    2    1   52    1   28    4    4    1       775
   51    2    2    1    2   27    0    3    9      1034
   51    2    2    2    1   25    4    1    0       722
   51    2    2    3    1   22    3    2    0       679
   51    2    2    4    1   22    3    3    1      1197
   51    2    2    5    2   32    0    4    9       766
   51    2    2    6    1    9    1    1    1       576
   51    2    2    7    2   13    0    1    9       634
   51    2    2    8    2   30    0    2    9       961
   51    2    2    9    1   15    2    3    0       828
   51    2    2   10    1    3    2    3    0       700
   51    2    2   11    1   28    4    4    1       561
   51    2    2   12    2   20    0    4    9       587
   51    2    2   13    2   29    0    1    9       613
   51    2    2   14    1    2    1    2    0       718
   51    2    2   15    1   12    2    3    0       658
   51    2    2   16    1   31    4    4    1       841
   51    2    2   17    2   24    0    4    9       632
   51    2    2   18    2   17    0    1    9       848
   51    2    2   19    2   23    0    2    9       479
   51    2    2   20    2    1    0    1    9       572
   51    2    2   21    1    3    2    3    0       823
   51    2    2   22    1    7    2    4    0       407
   51    2    2   23    2   14    0    2    9       937
   51    2    2   24    2   10    0    1    9       245
   51    2    2   25    1   19    3    4    0      1133
   51    2    2   26    1   21    3    1    0       752
   51    2    2   27    1   15    2    2    1       708
   51    2    2   28    1   19    3    3    1      1049
   51    2    2   29    1   26    4    2    0       864
   51    2    2   30    1    6    1    3    0      1166
   51    2    2   31    1   26    4    2    0       752
   51    2    2   32    1    6    1    2    0       771
   51    2    2   33    2   14    0    1    9      1685
   51    2    2   34    2   11    0    3    9       482
   51    2    2   35    1   12    2    4    0       431
   51    2    2   36    2   14    0    1    9       367
   51    2    2   37    1    7    2    2    1       241
   51    2    2   38    1   25    4    3    0      1864
   51    2    2   39    1    9    1    4    0       879
   51    2    2   40    2    4    0    3    9       605
   51    2    2   41    1   31    4    1    0       501
   51    2    2   42    1   28    4    2    0       274
   51    2    2   43    2   16    0    3    9       297
   51    2    2   44    2   18    0    4    9       270
   51    2    2   45    2   24    0    1    9         0
   51    2    2   46    2   24    0    3    9         0
   51    2    2   47    2   24    0    2    9       550
   51    2    2   48    2    8    0    3    9       465
   51    2    2   49    1    2    1    4    0       655
   51    2    2   50    1   21    3    2    0       230
   51    2    2   51    2   14    0    3    9       750
   51    2    2   52    2    5    0    3    9      1057
