   12    1    1    1    1    2    1    1    1      4578
   12    1    1    2    1    9    1    1    1      2144
   12    1    1    3    1   21    3    2    0      1692
   12    1    1    4    1   26    4    3    0      1489
   12    1    1    5    1    3    2    1    0      7422
   12    1    1    6    1   19    3    4    0      4350
   12    1    1    7    1   25    4    4    1      2697
   12    1    1    8    1   22    3    3    1      1550
   12    1    1    9    1   31    4    3    0      1456
   12    1    1   10    1    6    1    2    0      1327
   12    1    1   11    1    7    2    1    0       979
   12    1    1   12    1   15    2    2    1      1413
   12    1    1   13    1   28    4    4    1      3549
   12    1    1   14    1   12    2    2    1      2096
   12    1    2    1    1   22    3    3    1      5730
   12    1    2    2    1    6    1    1    1      1534
   12    1    2    3    1    3    2    2    1      1344
   12    1    2    4    1   31    4    4    1       940
   12    1    2    5    1   28    4    4    1       903
   12    1    2    6    1   21    3    3    1       900
   12    1    2    7    1   15    2    2    1      2784
   12    1    2    8    1    2    1    2    0      2546
   12    1    2    9    1   25    4    3    0      1093
   12    1    2   10    1   26    4    4    1      2306
   12    1    2   11    1    7    2    2    1      1335
   12    1    2   12    1    9    1    1    1       802
   12    1    2   13    1   19    3    4    0      1619
   12    1    2   14    1   12    2    2    1       875
   12    1    3    1    1   31    4    4    1      2546
   12    1    3    2    1   12    2    2    1       830
   12    1    3    3    1   25    4    3    0       669
   12    1    3    4    1   19    3    4    0      1387
   12    1    3    5    1    9    1    1    1       732
   12    1    3    6    1   21    3    4    0      1008
   12    1    3    7    1   15    2    2    1      1296
   12    1    3    8    1   28    4    4    1      1245
   12    1    3    9    1    6    1    2    0      1164
   12    1    3   10    1    2    1    1    1       998
   12    1    3   11    1    3    2    2    1      2431
   12    1    3   12    1   26    4    4    1      9726
   12    1    3   13    1   22    3    4    0      1082
   12    1    3   14    1    7    2    2    1      1527
   12    1    4    1    1    7    2    2    1       959
   12    1    4    2    1   15    2    2    1       873
   12    1    4    3    1    3    2    2    1      1319
   12    1    4    4    1    9    1    1    1       723
   12    1    4    5    1   19    3    4    0      1081
   12    1    4    6    1   21    3    3    1      1526
   12    1    4    7    1   25    4    3    0       858
   12    1    4    8    1   28    4    4    1       849
   12    1    4    9    1    2    1    2    0      1887
   12    1    4   10    1   26    4    4    1      1964
   12    1    4   11    1   22    3    4    0      1934
   12    1    4   12    1   12    2    2    1      1003
   12    1    4   13    1   31    4    4    1       947
   12    1    4   14    1    6    1    2    0      1742
   12    1    5    1    1   15    2    2    1      1026
   12    1    5    2    1   28    4    4    1      1610
   12    1    5    3    1   19    3    4    0      1883
   12    1    5    4    1    7    2    2    1       824
   12    1    5    5    1    9    1    1    1      2248
   12    1    5    6    1   21    3    3    1       927
   12    1    5    7    1   12    2    2    1       763
   12    1    5    8    1    2    1    1    1      2397
   12    1    5    9    1    6    1    2    0      1982
   12    1    5   10    1   31    4    4    1      1111
   12    1    5   11    1    3    2    1    0      2332
   12    1    5   12    1   25    4    3    0       871
   12    1    5   13    1   26    4    3    0      2621
   12    1    5   14    1   22    3    4    0      1725
   12    1    6    1    1   12    2    2    1       923
   12    1    6    2    1   28    4    4    1      2935
   12    1    6    3    1    3    2    1    0      3154
   12    1    6    4    1   25    4    3    0       973
   12    1    6    5    1    2    1    1    1      1151
   12    1    6    6    1   26    4    3    0      2146
   12    1    6    7    1    9    1    1    1       997
   12    1    6    8    1    7    2    2    1      2302
   12    1    6    9    1   22    3    3    1      1650
   12    1    6   10    1   21    3    3    1       897
   12    1    6   11    1   31    4    4    1       830
   12    1    6   12    1   15    2    2    1       893
   12    1    6   13    1    6    1    1    1      1066
   12    1    6   14    1   19    3    4    0       816
   12    1    7    1    1   22    3    3    1      2429
   12    1    7    2    1   26    4    3    0      2557
   12    1    7    3    1   12    2    2    1      1072
   12    1    7    4    1   19    3    3    1      1670
   12    1    7    5    1   25    4    3    0      1668
   12    1    7    6    1   31    4    4    1      1081
   12    1    7    7    1    9    1    1    1      2095
   12    1    7    8    1    7    2    2    1      1132
   12    1    7    9    1   15    2    2    1       687
   12    1    7   10    1    6    1    1    1      1462
   12    1    7   11    1   21    3    3    1      3148
   12    1    7   12    1    3    2    1    0      2479
   12    1    7   13    1   28    4    4    1      1045
   12    1    7   14    1    2    1    1    1      1068
   12    1    8    1    1   21    3    3    1      1686
   12    1    8    2    1   31    4    4    1       884
   12    1    8    3    1   28    4    4    1      1089
   12    1    8    4    1    2    1    1    1      1542
   12    1    8    5    1    7    2    2    1      1978
   12    1    8    6    1   19    3    4    0      1803
   12    1    8    7    1   12    2    2    1      1276
   12    1    8    8    1   25    4    4    1      1866
   12    1    8    9    1    9    1    1    1      1440
   12    1    8   10    1   26    4    4    1      1319
   12    1    8   11    1   22    3    3    1      1427
   12    1    8   12    1    3    2    2    1      1755
   12    1    8   13    1   15    2    2    1      2215
   12    1    8   14    1    6    1    1    1      1887
   12    1    9    1    1   21    3    3    1      1275
   12    1    9    2    1   22    3    3    1       969
   12    1    9    3    1   25    4    4    1      1140
   12    1    9    4    1    6    1    1    1      1911
   12    1    9    5    1    2    1    1    1       924
   12    1    9    6    1   28    4    4    1      1048
   12    1    9    7    1   19    3    4    0      1231
   12    1    9    8    1   31    4    4    1      1109
   12    1    9    9    1   26    4    4    1       779
   12    1    9   10    1   12    2    2    1      2013
   12    1    9   11    1    9    1    1    1      2541
   12    1    9   12    1   15    2    2    1      2344
   12    1    9   13    1    3    2    2    1      1244
   12    1    9   14    1    7    2    2    1       907
   12    1   10    1    1   26    4    4    1      5025
   12    1   10    2    1   22    3    3    1      1401
   12    1   10    3    1    2    1    1    1      7714
   12    1   10    4    1    7    2    2    1       974
   12    1   10    5    1   12    2    2    1       760
   12    1   10    6    1   28    4    4    1      2410
   12    1   10    7    1   25    4    4    1       859
   12    1   10    8    1    3    2    2    1      2601
   12    1   10    9    1   31    4    4    1      2179
   12    1   10   10    1    9    1    1    1      2109
   12    1   10   11    1   15    2    2    1      1802
   12    1   10   12    1   21    3    3    1      1570
   12    1   10   13    1   19    3    3    1      1572
   12    1   10   14    1    6    1    1    1      3190
   12    2    1    1    2   14    0    1    9      3254
   12    2    1    2    1   31    4    4    1      6404
   12    2    1    3    2   14    0    1    9      4389
   12    2    1    4    1    3    2    2    1      5078
   12    2    1    5    1   15    2    2    1      2588
   12    2    1    6    2   13    0    1    9      2997
   12    2    1    7    2   24    0    3    9      2526
   12    2    1    8    1   19    3    3    1      1514
   12    2    1    9    1   12    2    2    1      1838
   12    2    1   10    1   26    4    4    1      3173
   12    2    1   11    1    2    1    1    1      1895
   12    2    1   12    2    4    0    2    9      2301
   12    2    1   13    1   15    2    2    1      1025
   12    2    1   14    1   21    3    3    1      1561
   12    2    1   15    2   16    0    2    9      1660
   12    2    1   16    1    9    1    1    1      1915
   12    2    1   17    1   25    4    4    1      1599
   12    2    1   18    2   23    0    3    9      2287
   12    2    1   19    1   28    4    4    1      1813
   12    2    1   20    1    3    2    2    1      1629
   12    2    1   21    2   18    0    3    9      2781
   12    2    1   22    2   29    0    4    9      2334
   12    2    1   23    2   27    0    4    9      1377
   12    2    1   24    1   22    3    3    1      1691
   12    2    1   25    1    6    1    1    1      2025
   12    2    1   26    1    7    2    2    1      1737
   12    2    1   27    1    2    1    1    1       868
   12    2    1   28    2   11    0    2    9      2914
   12    2    1   29    2   10    0    1    9      3118
   12    2    1   30    1   21    3    3    1      2978
   12    2    1   31    1   26    4    4    1      4236
   12    2    1   32    1   22    3    3    1      1763
   12    2    1   33    2   14    0    1    9      1469
   12    2    1   34    1   31    4    4    1      1811
   12    2    1   35    2    8    0    2    9      3628
   12    2    1   36    2   32    0    4    9      3548
   12    2    1   37    2   24    0    3    9      1503
   12    2    1   38    1   25    4    4    1      1795
   12    2    1   39    1    7    2    2    1      3484
   12    2    1   40    2   24    0    3    9      1618
   12    2    1   41    2   30    0    4    9      1762
   12    2    1   42    2   17    0    3    9       940
   12    2    1   43    2   14    0    1    9      2424
   12    2    1   44    1    6    1    1    1      1384
   12    2    1   45    2   20    0    3    9      2209
   12    2    1   46    2    5    0    1    9      9273
   12    2    1   47    1   19    3    3    1      3192
   12    2    1   48    1   28    4    4    1      1257
   12    2    1   49    2   24    0    3    9      2136
   12    2    1   50    1    9    1    1    1      1347
   12    2    1   51    2    1    0    1    9      1262
   12    2    1   52    1   12    2    2    1      2332
   12    2    2    1    1    3    2    2    1       784
   12    2    2    2    1    9    1    1    1      1697
   12    2    2    3    1   15    2    2    1       941
   12    2    2    4    2   20    0    3    9      2073
   12    2    2    5    2   16    0    2    9      1191
   12    2    2    6    1   19    3    3    1      2584
   12    2    2    7    2   23    0    3    9      1170
   12    2    2    8    1   22    3    3    1      1428
   12    2    2    9    1    6    1    1    1      6155
   12    2    2   10    1   31    4    4    1      1574
   12    2    2   11    1   26    4    4    1      2360
   12    2    2   12    2   27    0    4    9      1099
   12    2    2   13    2   24    0    3    9       944
   12    2    2   14    2   14    0    1    9      2475
   12    2    2   15    1   25    4    4    1      2217
   12    2    2   16    1    7    2    2    1      1377
   12    2    2   17    2   13    0    1    9      1483
   12    2    2   18    1    2    1    1    1      2352
   12    2    2   19    1   31    4    4    1      2355
   12    2    2   20    2   24    0    3    9      3109
   12    2    2   21    1    6    1    1    1      2666
   12    2    2   22    2   32    0    4    9      1776
   12    2    2   23    1   26    4    4    1      1402
   12    2    2   24    1    3    2    2    1      1955
   12    2    2   25    2    1    0    1    9      4949
   12    2    2   26    2    4    0    2    9      1568
   12    2    2   27    2   24    0    3    9      1234
   12    2    2   28    1   21    3    3    1      1938
   12    2    2   29    1    2    1    1    1      1717
   12    2    2   30    2    5    0    1    9       609
   12    2    2   31    2   18    0    3    9      2201
   12    2    2   32    1   22    3    3    1       882
   12    2    2   33    1   12    2    2    1      1311
   12    2    2   34    1   12    2    2    1      1740
   12    2    2   35    2   29    0    4    9      1959
   12    2    2   36    1   28    4    4    1       970
   12    2    2   37    2   30    0    4    9       692
   12    2    2   38    2   24    0    3    9      1001
   12    2    2   39    1   25    4    4    1      5394
   12    2    2   40    2   10    0    1    9      4636
   12    2    2   41    1   28    4    4    1      1123
   12    2    2   42    1   21    3    3    1       743
   12    2    2   43    2   11    0    2    9      2282
   12    2    2   44    2    8    0    2    9      1648
   12    2    2   45    2   14    0    1    9      1647
   12    2    2   46    1   19    3    3    1      2685
   12    2    2   47    2   17    0    3    9       707
   12    2    2   48    2   14    0    1    9      2567
   12    2    2   49    2   14    0    1    9       833
   12    2    2   50    1    9    1    1    1       689
   12    2    2   51    1   15    2    2    1       934
   12    2    2   52    1    7    2    2    1       977
