   41    1    1    1    1   22    1    2    0      6420
   41    1    1    2    1   31    2    2    1      2911
   41    1    1    3    1    7    2    2    1      1596
   41    1    1    4    1    6    1    1    1       957
   41    1    1    5    1    2    1    1    1       664
   41    1    1    6    1   28    2    1    0      1549
   41    1    1    7    1   12    2    2    1       600
   41    1    1    8    1    3    2    2    1      1121
   41    1    1    9    1    9    1    1    1       741
   41    1    1   10    1   21    1    1    1       584
   41    1    1   11    1   15    2    2    1       705
   41    1    1   12    1   26    2    1    0       630
   41    1    1   13    1   19    1    2    0      5189
   41    1    1   14    1   25    2    1    0      4015
   41    1    2    1    1   25    2    1    0      1460
   41    1    2    2    1   12    2    2    1      1139
   41    1    2    3    1   26    2    2    1       967
   41    1    2    4    1   31    2    2    1       945
   41    1    2    5    1    9    1    2    0       684
   41    1    2    6    1   28    2    2    1      1305
   41    1    2    7    1   19    1    1    1      1126
   41    1    2    8    1   21    1    2    0      2122
   41    1    2    9    1    2    1    1    1      3198
   41    1    2   10    1   15    2    2    1      1407
   41    1    2   11    1    7    2    1    0      2055
   41    1    2   12    1   22    1    2    0      3198
   41    1    2   13    1    6    1    1    1       822
   41    1    2   14    1    3    2    2    1      9382
   41    1    3    1    1    7    2    1    0      1992
   41    1    3    2    1    9    1    1    1      3153
   41    1    3    3    1   21    1    2    0      1140
   41    1    3    4    1   31    2    1    0      1279
   41    1    3    5    1   15    2    2    1       357
   41    1    3    6    1   12    2    2    1       680
   41    1    3    7    1    2    1    1    1       509
   41    1    3    8    1    3    2    2    1       473
   41    1    3    9    1   19    1    2    0       264
   41    1    3   10    1   25    2    1    0       214
   41    1    3   11    1   22    1    1    1       118
   41    1    3   12    1    6    1    1    1       146
   41    1    3   13    1   26    2    2    1        61
   41    1    3   14    1   28    2    2    1       252
   41    1    4    1    1   31    2    1    0       457
   41    1    4    2    1    7    2    2    1       704
   41    1    4    3    1   22    1    2    0       229
   41    1    4    4    1   19    1    1    1       149
   41    1    4    5    1   12    2    1    0       176
   41    1    4    6    1    2    1    2    0       226
   41    1    4    7    1    6    1    1    1       178
   41    1    4    8    1   26    2    1    0       172
   41    1    4    9    1    3    2    1    0       350
   41    1    4   10    1   15    2    1    0        89
   41    1    4   11    1   28    2    1    0       190
   41    1    4   12    1   21    1    1    1       368
   41    1    4   13    1    9    1    2    0       274
   41    1    4   14    1   25    2    1    0      2384
   41    1    5    1    1   31    2    2    1      1059
   41    1    5    2    1   22    1    1    1      1418
   41    1    5    3    1    6    1    1    1      1378
   41    1    5    4    1   28    2    2    1       908
   41    1    5    5    1   26    2    2    1       937
   41    1    5    6    1   25    2    2    1       676
   41    1    5    7    1    2    1    1    1       810
   41    1    5    8    1    3    2    1    0       539
   41    1    5    9    1   15    2    2    1      1358
   41    1    5   10    1   21    1    2    0      1977
   41    1    5   11    1    7    2    1    0      1427
   41    1    5   12    1   19    1    2    0       547
   41    1    5   13    1    9    1    2    0      1157
   41    1    5   14    1   12    2    1    0       144
   41    1    6    1    1   12    2    2    1      1712
   41    1    6    2    1   31    2    2    1       573
   41    1    6    3    1    7    2    1    0      1127
   41    1    6    4    1   26    2    1    0       355
   41    1    6    5    1   15    2    1    0       493
   41    1    6    6    1   22    1    1    1       227
   41    1    6    7    1   19    1    2    0       779
   41    1    6    8    1    2    1    1    1      3525
   41    1    6    9    1   25    2    1    0       857
   41    1    6   10    1    3    2    2    1      1487
   41    1    6   11    1    9    1    1    1      1573
   41    1    6   12    1   21    1    1    1       774
   41    1    6   13    1   28    2    2    1       937
   41    1    6   14    1    6    1    1    1      7524
   41    1    7    1    1   12    2    2    1       968
   41    1    7    2    1   15    2    2    1       626
   41    1    7    3    1    7    2    2    1       570
   41    1    7    4    1    3    2    2    1       564
   41    1    7    5    1   25    2    1    0       526
   41    1    7    6    1   28    2    2    1      2738
   41    1    7    7    1    9    1    2    0      2309
   41    1    7    8    1   19    1    2    0      2018
   41    1    7    9    1    6    1    1    1       842
   41    1    7   10    1   31    2    2    1       746
   41    1    7   11    1   26    2    1    0       477
   41    1    7   12    1    2    1    1    1       563
   41    1    7   13    1   21    1    1    1       637
   41    1    7   14    1   22    1    1    1      1188
   41    1    8    1    1    2    1    1    1       959
   41    1    8    2    1   19    1    2    0       410
   41    1    8    3    1    3    2    2    1       770
   41    1    8    4    1   31    2    2    1       564
   41    1    8    5    1   28    2    2    1       510
   41    1    8    6    1    6    1    1    1       507
   41    1    8    7    1   25    2    1    0       551
   41    1    8    8    1   21    1    1    1       698
   41    1    8    9    1   12    2    2    1       495
   41    1    8   10    1   22    1    1    1       444
   41    1    8   11    1   15    2    2    1       428
   41    1    8   12    1    7    2    2    1       652
   41    1    8   13    1    9    1    1    1       306
   41    1    8   14    1   26    2    1    0       711
   41    1    9    1    1   25    2    1    0       733
   41    1    9    2    1    3    2    2    1       536
   41    1    9    3    1   26    2    1    0       355
   41    1    9    4    1    2    1    1    1       510
   41    1    9    5    1   21    1    1    1       427
   41    1    9    6    1   22    1    1    1       619
   41    1    9    7    1    6    1    1    1       483
   41    1    9    8    1   31    2    2    1       448
   41    1    9    9    1   28    2    2    1       399
   41    1    9   10    1   15    2    2    1       415
   41    1    9   11    1   12    2    2    1       415
   41    1    9   12    1    7    2    2    1       511
   41    1    9   13    1   19    1    2    0       396
   41    1    9   14    1    9    1    1    1      3381
   41    1   10    1    1    6    1    1    1      1996
   41    1   10    2    1    3    2    1    0      1469
   41    1   10    3    1   22    1    1    1      1067
   41    1   10    4    1   19    1    2    0       529
   41    1   10    5    1   26    2    1    0      4773
   41    1   10    6    1    7    2    2    1       783
   41    1   10    7    1   28    2    2    1       928
   41    1   10    8    1   31    2    2    1      1436
   41    1   10    9    1    9    1    1    1       852
   41    1   10   10    1    2    1    1    1      1490
   41    1   10   11    1   21    1    1    1       744
   41    1   10   12    1   15    2    2    1      3803
   41    1   10   13    1   12    2    2    1      1268
   41    1   10   14    1   25    2    1    0       770
   41    2    1    1    1   12    2    2    1      2849
   41    2    1    2    2    4    0    2    9      1551
   41    2    1    3    1    2    1    1    1      1074
   41    2    1    4    1   21    1    1    1       935
   41    2    1    5    2   32    0    2    9       771
   41    2    1    6    1   21    1    1    1       821
   41    2    1    7    2   16    0    2    9       661
   41    2    1    8    1   26    2    1    0      1836
   41    2    1    9    2   20    0    2    9       979
   41    2    1   10    1    7    2    1    0      3005
   41    2    1   11    1   15    2    2    1      1093
   41    2    1   12    2   27    0    2    9      2331
   41    2    1   13    1   31    2    2    1       606
   41    2    1   14    1    3    2    2    1       695
   41    2    1   15    1    6    1    1    1       700
   41    2    1   16    1    7    2    2    1       529
   41    2    1   17    1   25    2    1    0       813
   41    2    1   18    1   28    2    2    1       477
   41    2    1   19    2   18    0    1    9       603
   41    2    1   20    1   31    2    2    1      1347
   41    2    1   21    2   17    0    1    9       510
   41    2    1   22    1   22    1    1    1       539
   41    2    1   23    2    5    0    1    9       486
   41    2    1   24    2   14    0    1    9       643
   41    2    1   25    2    1    0    1    9       651
   41    2    1   26    2   24    0    2    9       513
   41    2    1   27    2   24    0    2    9       637
   41    2    1   28    2   23    0    2    9      2645
   41    2    1   29    2   13    0    1    9       588
   41    2    1   30    1   28    2    2    1       549
   41    2    1   31    1   15    2    1    0       752
   41    2    1   32    1   12    2    2    1       578
   41    2    1   33    1   25    2    1    0       508
   41    2    1   34    2   24    0    2    9       649
   41    2    1   35    1    2    1    1    1       448
   41    2    1   36    1   26    2    1    0       446
   41    2    1   37    2    8    0    2    9       381
   41    2    1   38    1    9    1    1    1       463
   41    2    1   39    2   14    0    1    9       413
   41    2    1   40    1   19    1    2    0       445
   41    2    1   41    2   10    0    1    9       428
   41    2    1   42    2   24    0    2    9       428
   41    2    1   43    1   22    1    1    1       444
   41    2    1   44    2   30    0    1    9       444
   41    2    1   45    1    3    2    2    1       539
   41    2    1   46    2   14    0    1    9       327
   41    2    1   47    2   11    0    2    9       890
   41    2    1   48    1   19    1    2    0       488
   41    2    1   49    1    9    1    1    1       533
   41    2    1   50    2   29    0    1    9       433
   41    2    1   51    1    6    1    1    1       336
   41    2    1   52    2   14    0    1    9       403
   41    2    2    1    1   22    1    1    1       340
   41    2    2    2    2   10    0    1    9       359
   41    2    2    3    1    3    2    2    1       426
   41    2    2    4    1   15    2    2    1       442
   41    2    2    5    2   17    0    1    9       393
   41    2    2    6    1    2    1    1    1       538
   41    2    2    7    1   21    1    1    1       374
   41    2    2    8    1   22    1    1    1       744
   41    2    2    9    1    6    1    1    1       395
   41    2    2   10    1    3    2    2    1       444
   41    2    2   11    2   24    0    2    9       380
   41    2    2   12    2   14    0    1    9       349
   41    2    2   13    1   25    2    1    0       448
   41    2    2   14    1   15    2    1    0       414
   41    2    2   15    2   27    0    2    9       622
   41    2    2   16    1   12    2    2    1       406
   41    2    2   17    1   25    2    1    0       391
   41    2    2   18    1    9    1    1    1       440
   41    2    2   19    2    8    0    2    9       424
   41    2    2   20    1    9    1    1    1       376
   41    2    2   21    2   24    0    2    9       378
   41    2    2   22    1   12    2    2    1       460
   41    2    2   23    2   23    0    2    9       522
   41    2    2   24    2   13    0    1    9       486
   41    2    2   25    1   19    1    2    0       451
   41    2    2   26    1   28    2    2    1       370
   41    2    2   27    2    1    0    1    9       420
   41    2    2   28    1    7    2    2    1       388
   41    2    2   29    1   31    2    2    1       389
   41    2    2   30    2   24    0    2    9       343
   41    2    2   31    2   14    0    1    9       826
   41    2    2   32    1   19    1    2    0       442
   41    2    2   33    2   14    0    1    9       553
   41    2    2   34    2   16    0    2    9       276
   41    2    2   35    1   28    2    2    1       266
   41    2    2   36    2   20    0    2    9       432
   41    2    2   37    2   18    0    1    9       351
   41    2    2   38    2   32    0    2    9       178
   41    2    2   39    2   30    0    1    9       220
   41    2    2   40    1   21    1    2    0       180
   41    2    2   41    2    5    0    1    9       461
   41    2    2   42    1   31    2    2    1       508
   41    2    2   43    1   26    2    1    0       377
   41    2    2   44    2    4    0    2    9       203
   41    2    2   45    2   24    0    2    9       403
   41    2    2   46    1    6    1    1    1       500
   41    2    2   47    1   26    2    1    0       369
   41    2    2   48    2   14    0    1    9       387
   41    2    2   49    1    7    2    2    1       484
   41    2    2   50    1    2    1    1    1       625
   41    2    2   51    2   29    0    1    9       409
   41    2    2   52    2   11    0    2    9       634
