   16    1    1    1    1    6    1    1    1      3927
   16    1    1    2    1   15    2    4    0      2895
   16    1    1    3    1   28    4    4    1      1517
   16    1    1    4    1   22    3    1    0      1258
   16    1    1    5    1    5    1    4    0      3633
   16    1    1    6    1   25    4    2    0      1409
   16    1    1    7    1    3    1    1    1      4858
   16    1    1    8    1   31    4    4    1      3418
   16    1    1    9    1   26    4    4    1      1163
   16    1    1   10    1   19    3    3    1      2254
   16    1    1   11    1   12    2    2    1      1397
   16    1    1   12    1   10    2    2    1       862
   16    1    1   13    1    9    2    2    1       613
   16    1    1   14    1   21    3    3    1      4574
   16    1    2    1    1   31    4    4    1       877
   16    1    2    2    1    3    1    2    0       851
   16    1    2    3    1    6    1    1    1      1042
   16    1    2    4    1   12    2    2    1      2634
   16    1    2    5    1   21    3    3    1      1114
   16    1    2    6    1   26    4    4    1       662
   16    1    2    7    1   19    3    3    1      3533
   16    1    2    8    1   25    4    4    1      1009
   16    1    2    9    1   15    2    2    1      1770
   16    1    2   10    1    9    2    2    1       812
   16    1    2   11    1   22    3    3    1      1221
   16    1    2   12    1   10    2    2    1      2430
   16    1    2   13    1    5    1    1    1       997
   16    1    2   14    1   28    4    4    1      2990
   16    1    3    1    1   22    3    3    1      1598
   16    1    3    2    1   19    3    3    1       871
   16    1    3    3    1   31    4    4    1       645
   16    1    3    4    1    3    1    1    1      1453
   16    1    3    5    1   25    4    4    1       900
   16    1    3    6    1   12    2    2    1       473
   16    1    3    7    1   10    2    2    1       831
   16    1    3    8    1   21    3    3    1       839
   16    1    3    9    1    6    1    1    1       942
   16    1    3   10    1    5    1    1    1       690
   16    1    3   11    1   28    4    4    1      1624
   16    1    3   12    1    9    2    2    1       913
   16    1    3   13    1   26    4    4    1      1382
   16    1    3   14    1   15    2    2    1      1839
   16    1    4    1    1   19    3    3    1      1976
   16    1    4    2    1   10    2    2    1      2514
   16    1    4    3    1   12    2    2    1       567
   16    1    4    4    1    6    1    1    1       489
   16    1    4    5    1    5    1    1    1       767
   16    1    4    6    1   21    3    3    1       937
   16    1    4    7    1   31    4    4    1       605
   16    1    4    8    1   25    4    4    1       550
   16    1    4    9    1   22    3    3    1      1033
   16    1    4   10    1   15    2    2    1       553
   16    1    4   11    1   26    4    4    1       916
   16    1    4   12    1   28    4    4    1      1088
   16    1    4   13    1    9    2    2    1       526
   16    1    4   14    1    3    1    1    1       474
   16    1    5    1    1   12    2    2    1       721
   16    1    5    2    1   10    2    2    1       565
   16    1    5    3    1   15    2    2    1       816
   16    1    5    4    1   21    3    3    1       600
   16    1    5    5    1   31    4    4    1       561
   16    1    5    6    1   25    4    4    1       532
   16    1    5    7    1   26    4    4    1       511
   16    1    5    8    1    3    1    1    1       548
   16    1    5    9    1   28    4    4    1       703
   16    1    5   10    1    6    1    1    1       988
   16    1    5   11    1   19    3    3    1       590
   16    1    5   12    1    5    1    1    1       823
   16    1    5   13    1   22    3    3    1       720
   16    1    5   14    1    9    2    2    1       692
   16    2    1    1    2   17    0    3    9      3325
   16    2    1    2    1    6    1    1    1      1185
   16    2    1    3    1   15    2    2    1       827
   16    2    1    4    2   27    0    4    9      1211
   16    2    1    5    1    6    1    1    1      1148
   16    2    1    6    1   25    4    4    1       927
   16    2    1    7    1    5    1    1    1       732
   16    2    1    8    1   26    4    4    1      1663
   16    2    1    9    1    9    2    2    1       654
   16    2    1   10    1   31    4    4    1       973
   16    2    1   11    2   24    0    3    9       767
   16    2    1   12    1    5    1    1    1      1105
   16    2    1   13    2   18    0    3    9      1014
   16    2    1   14    1   25    4    4    1      1495
   16    2    1   15    1   22    3    3    1      1469
   16    2    1   16    1    3    1    1    1       851
   16    2    1   17    1   12    2    2    1       866
   16    2    1   18    2    7    0    1    9       680
   16    2    1   19    2   13    0    2    9       830
   16    2    1   20    1   31    4    4    1      2238
   16    2    1   21    2    8    0    2    9      8718
   16    2    1   22    2   20    0    4    9      7187
   16    2    1   23    2    8    0    2    9      1478
   16    2    1   24    1   28    4    4    1      1652
   16    2    1   25    2   32    0    4    9       859
   16    2    1   26    2   14    0    2    9      4010
   16    2    1   27    2   24    0    4    9      1643
   16    2    1   28    1   15    2    2    1      1596
   16    2    1   29    1    9    2    2    1      1790
   16    2    1   30    2   29    0    4    9      1864
   16    2    1   31    1   26    4    4    1      4790
   16    2    1   32    1   12    2    2    1       928
   16    2    1   33    1   10    2    2    1      1861
   16    2    1   34    2   24    0    3    9      2123
   16    2    1   35    2    4    0    1    9      1760
   16    2    1   36    2   30    0    4    9       499
   16    2    1   37    1   22    3    3    1       696
   16    2    1   38    2   23    0    3    9       638
   16    2    1   39    2    2    0    1    9       621
   16    2    1   40    1   19    3    3    1       709
   16    2    1   41    2    1    0    1    9       714
   16    2    1   42    2   24    0    3    9       759
   16    2    1   43    2   16    0    2    9       682
   16    2    1   44    1   21    3    1    0      1103
   16    2    1   45    2   11    0    2    9      1732
   16    2    1   46    1   10    2    2    1      1560
   16    2    1   47    2    8    0    2    9       899
   16    2    1   48    2    8    0    2    9      1432
   16    2    1   49    1   19    3    3    1       728
   16    2    1   50    1    3    1    1    1       660
   16    2    1   51    1   28    4    4    1       763
   16    2    1   52    1   21    3    3    1       734
   16    2    2    1    1   28    4    2    0      1010
   16    2    2    2    1    9    2    2    1      1139
   16    2    2    3    1   22    3    3    1       839
   16    2    2    4    2   27    0    4    9       582
   16    2    2    5    2   17    0    3    9       600
   16    2    2    6    1   28    4    4    1       593
   16    2    2    7    2    8    0    1    9      2266
   16    2    2    8    1   26    4    4    1      8057
   16    2    2    9    1   25    4    4    1       697
   16    2    2   10    2   11    0    2    9      1246
   16    2    2   11    2   13    0    2    9       590
   16    2    2   12    2   14    0    2    9       727
   16    2    2   13    1   15    2    2    1       555
   16    2    2   14    2   30    0    4    9       718
   16    2    2   15    1   15    2    2    1       427
   16    2    2   16    1   19    3    3    1       859
   16    2    2   17    2   32    0    4    9       642
   16    2    2   18    2   24    0    3    9       713
   16    2    2   19    1   10    2    2    1       926
   16    2    2   20    1    3    1    1    1      2082
   16    2    2   21    2    1    0    1    9       792
   16    2    2   22    1   12    2    2    1       994
   16    2    2   23    1   21    3    3    1       955
   16    2    2   24    1   26    4    4    1       462
   16    2    2   25    2   16    0    2    9       685
   16    2    2   26    1   22    3    3    1      3339
   16    2    2   27    1   12    2    2    1      1463
   16    2    2   28    1   31    4    4    1       734
   16    2    2   29    1   21    3    3    1      1458
   16    2    2   30    2    8    0    1    9      1377
   16    2    2   31    1   25    4    3    0      5060
   16    2    2   32    2    2    0    1    9      1604
   16    2    2   33    2   23    0    3    9       757
   16    2    2   34    2   20    0    3    9       800
   16    2    2   35    2   29    0    4    9       369
   16    2    2   36    2   24    0    4    9      1963
   16    2    2   37    2    7    0    2    9      4062
   16    2    2   38    2   18    0    3    9       990
   16    2    2   39    2   24    0    3    9      2575
   16    2    2   40    1   31    4    4    1       794
   16    2    2   41    1    9    2    2    1       996
   16    2    2   42    2    8    0    2    9      1726
   16    2    2   43    1   19    3    3    1       835
   16    2    2   44    2    4    0    1    9       875
   16    2    2   45    1    3    1    1    1       490
   16    2    2   46    1    6    1    1    1       904
   16    2    2   47    1   10    2    2    1       957
   16    2    2   48    2   24    0    4    9      1080
   16    2    2   49    1    5    1    1    1      1405
   16    2    2   50    1    6    1    1    1       830
   16    2    2   51    1    5    1    1    1       494
   16    2    2   52    2    8    0    2    9      1748
