   13    1    1    1    1   31    4    1    0      9814
   13    1    1    2    1   19    3    3    1      2490
   13    1    1    3    1    3    2    2    1      2455
   13    1    1    4    1   26    4    2    0      1685
   13    1    1    5    1   28    4    4    1      1947
   13    1    1    6    1   22    3    2    0      9917
   13    1    1    7    1    2    1    2    0      1897
   13    1    1    8    1   25    4    1    0      5910
   13    1    1    9    1    9    1    3    0      3506
   13    1    1   10    1   21    3    2    0      5231
   13    1    1   11    1   15    2    3    0      1334
   13    1    1   12    1   12    2    3    0      1322
   13    1    1   13    1    7    2    2    1      1343
   13    1    1   14    1    6    1    2    0      1162
   13    1    2    1    1   21    3    1    0      1009
   13    1    2    2    1    7    2    4    0      1298
   13    1    2    3    1    6    1    2    0      1366
   13    1    2    4    1   12    2    3    0      2073
   13    1    2    5    1   22    3    2    0      7646
   13    1    2    6    1   26    4    4    1       853
   13    1    2    7    1   31    4    1    0       548
   13    1    2    8    1   19    3    4    0       902
   13    1    2    9    1   28    4    4    1       859
   13    1    2   10    1    9    1    1    1      8793
   13    1    2   11    1   15    2    3    0      5578
   13    1    2   12    1    3    2    4    0      1797
   13    1    2   13    1    2    1    2    0      1542
   13    1    2   14    1   25    4    1    0      1745
   13    1    3    1    1   21    3    2    0      1701
   13    1    3    2    1    6    1    3    0      2170
   13    1    3    3    1   31    4    3    0       556
   13    1    3    4    1    9    1    4    0       383
   13    1    3    5    1   12    2    1    0      1672
   13    1    3    6    1    7    2    3    0      1502
   13    1    3    7    1   25    4    3    0      1227
   13    1    3    8    1   26    4    2    0      1859
   13    1    3    9    1    3    2    2    1      1954
   13    1    3   10    1   28    4    4    1      4372
   13    1    3   11    1    2    1    1    1      2390
   13    1    3   12    1   15    2    3    0      1640
   13    1    3   13    1   22    3    1    0      3359
   13    1    3   14    1   19    3    2    0      1425
   13    1    4    1    1   31    4    3    0      5213
   13    1    4    2    1    9    1    1    1      1333
   13    1    4    3    1    2    1    2    0      1552
   13    1    4    4    1   21    3    1    0      1083
   13    1    4    5    1   15    2    4    0      2888
   13    1    4    6    1   25    4    3    0       733
   13    1    4    7    1   19    3    2    0      3481
   13    1    4    8    1    3    2    3    0      1302
   13    1    4    9    1   22    3    2    0      1035
   13    1    4   10    1   26    4    4    1      1562
   13    1    4   11    1   12    2    4    0       877
   13    1    4   12    1   28    4    1    0       626
   13    1    4   13    1    6    1    3    0         0
   13    1    4   14    1    7    2    3    0       555
   13    1    5    1    1    9    1    1    1      1016
   13    1    5    2    1   25    4    1    0      1152
   13    1    5    3    1   21    3    1    0       907
   13    1    5    4    1    6    1    3    0      1040
   13    1    5    5    1   26    4    3    0      1551
   13    1    5    6    1   22    3    3    1      8698
   13    1    5    7    1    7    2    3    0      1022
   13    1    5    8    1   12    2    4    0      2799
   13    1    5    9    1   19    3    4    0       952
   13    1    5   10    1   15    2    2    1     11162
   13    1    5   11    1    3    2    1    0      1821
   13    1    5   12    1   31    4    2    0      1117
   13    1    5   13    1    2    1    1    1      1241
   13    1    5   14    1   28    4    3    0      1688
   13    1    6    1    1   22    3    3    1      8453
   13    1    6    2    1   15    2    1    0      1044
   13    1    6    3    1   21    3    3    1      1603
   13    1    6    4    1    6    1    3    0      1475
   13    1    6    5    1    7    2    1    0      2610
   13    1    6    6    1    9    1    3    0      2003
   13    1    6    7    1   19    3    3    1      4299
   13    1    6    8    1    3    2    2    1      1168
   13    1    6    9    1   25    4    1    0      1059
   13    1    6   10    1   12    2    4    0      1234
   13    1    6   11    1   31    4    3    0      1145
   13    1    6   12    1   26    4    2    0      1284
   13    1    6   13    1   28    4    4    1      1178
   13    1    6   14    1    2    1    2    0      1627
   13    1    7    1    1   25    4    1    0      1126
   13    1    7    2    1    2    1    2    0       770
   13    1    7    3    1   26    4    4    1       236
   13    1    7    4    1    6    1    3    0      1076
   13    1    7    5    1   19    3    1    0       370
   13    1    7    6    1   21    3    2    0       315
   13    1    7    7    1   31    4    3    0       103
   13    1    7    8    1   22    3    2    0       604
   13    1    7    9    1    3    2    4    0      1453
   13    1    7   10    1    9    1    3    0       587
   13    1    7   11    1   15    2    1    0      1308
   13    1    7   12    1    7    2    2    1      1554
   13    1    7   13    1   12    2    4    0      1429
   13    1    7   14    1   28    4    2    0       741
   13    1    8    1    1   25    4    1    0      1431
   13    1    8    2    1   31    4    3    0      1174
   13    1    8    3    1    6    1    2    0      1264
   13    1    8    4    1   19    3    2    0      3925
   13    1    8    5    1    9    1    4    0      5330
   13    1    8    6    1   26    4    2    0       838
   13    1    8    7    1   28    4    4    1      1213
   13    1    8    8    1   12    2    4    0       813
   13    1    8    9    1   22    3    2    0      9317
   13    1    8   10    1   21    3    1    0      5465
   13    1    8   11    1    2    1    2    0      1063
   13    1    8   12    1    3    2    3    0      1909
   13    1    8   13    1    7    2    2    1       818
   13    1    8   14    1   15    2    2    1       914
   13    1    9    1    1   25    4    1    0      1920
   13    1    9    2    1   22    3    2    0      1980
   13    1    9    3    1   12    2    3    0      1046
   13    1    9    4    1   15    2    4    0      1317
   13    1    9    5    1   31    4    2    0      7177
   13    1    9    6    1   19    3    4    0      1138
   13    1    9    7    1    3    2    1    0      1535
   13    1    9    8    1    6    1    1    1      1978
   13    1    9    9    1   26    4    2    0      2908
   13    1    9   10    1   21    3    1    0      1856
   13    1    9   11    1    2    1    3    0       608
   13    1    9   12    1    9    1    1    1      1089
   13    1    9   13    1   28    4    4    1      4134
   13    1    9   14    1    7    2    3    0      1666
   13    1   10    1    1   25    4    1    0       801
   13    1   10    2    1    2    1    2    0       666
   13    1   10    3    1    6    1    2    0       584
   13    1   10    4    1   26    4    1    0      1257
   13    1   10    5    1   12    2    4    0       991
   13    1   10    6    1   15    2    2    1       913
   13    1   10    7    1   22    3    1    0      1005
   13    1   10    8    1    9    1    2    0      1038
   13    1   10    9    1   21    3    2    0      1117
   13    1   10   10    1   19    3    3    1      1785
   13    1   10   11    1    3    2    3    0      1458
   13    1   10   12    1   28    4    4    1      8945
   13    1   10   13    1    7    2    1    0      4588
   13    1   10   14    1   31    4    3    0      1917
   13    2    1    1    1   12    2    4    0      1991
   13    2    1    2    1    6    1    2    0      1063
   13    2    1    3    2   11    0    1    9      1757
   13    2    1    4    1   21    3    1    0       968
   13    2    1    5    1    3    2    3    0       514
   13    2    1    6    1    3    2    2    1      1118
   13    2    1    7    1   28    4    4    1      1858
   13    2    1    8    1    6    1    2    0      1240
   13    2    1    9    1   25    4    1    0       536
   13    2    1   10    2   14    0    3    9       771
   13    2    1   11    1   22    3    2    0      5285
   13    2    1   12    2   29    0    2    9      1667
   13    2    1   13    1   12    2    4    0       912
   13    2    1   14    2   24    0    3    9       685
   13    2    1   15    1   25    4    2    0       770
   13    2    1   16    2   17    0    1    9       548
   13    2    1   17    2   24    0    2    9      6047
   13    2    1   18    1   26    4    1    0      6590
   13    2    1   19    2   27    0    3    9       887
   13    2    1   20    2   14    0    2    9       724
   13    2    1   21    1   31    4    4    1      1256
   13    2    1   22    1   31    4    3    0      3399
   13    2    1   23    2   14    0    2    9      2575
   13    2    1   24    2   14    0    2    9      3482
   13    2    1   25    2   10    0    1    9      3487
   13    2    1   26    1   19    3    4    0      4836
   13    2    1   27    2   24    0    2    9     10019
   13    2    1   28    1    2    1    3    0       532
   13    2    1   29    2   30    0    4    9       767
   13    2    1   30    1    9    1    1    1       849
   13    2    1   31    1   26    4    2    0       848
   13    2    1   32    2   32    0    4    9       622
   13    2    1   33    1    2    1    2    0      1270
   13    2    1   34    1    7    2    3    0       660
   13    2    1   35    2    1    0    1    9       603
   13    2    1   36    2   13    0    4    9       468
   13    2    1   37    1    7    2    3    0       529
   13    2    1   38    2   16    0    2    9       365
   13    2    1   39    2   24    0    3    9       703
   13    2    1   40    2   23    0    4    9       611
   13    2    1   41    1   15    2    1    0       684
   13    2    1   42    2    5    0    1    9      1186
   13    2    1   43    1   21    3    1    0      1971
   13    2    1   44    1   19    3    2    0       309
   13    2    1   45    1    9    1    3    0      1129
   13    2    1   46    1   28    4    2    0       557
   13    2    1   47    2    4    0    4    9       392
   13    2    1   48    1   22    3    2    0      1097
   13    2    1   49    2   18    0    2    9      4542
   13    2    1   50    2    8    0    4    9       729
   13    2    1   51    1   15    2    3    0       733
   13    2    1   52    2   20    0    4    9       608
   13    2    2    1    2   14    0    2    9       841
   13    2    2    2    1   26    4    2    0      1064
   13    2    2    3    1   21    3    1    0       638
   13    2    2    4    2   14    0    4    9       917
   13    2    2    5    2   10    0    3    9      1073
   13    2    2    6    1   25    4    1    0      1143
   13    2    2    7    1   31    4    3    0       907
   13    2    2    8    2   20    0    4    9       599
   13    2    2    9    2    8    0    4    9       752
   13    2    2   10    2   29    0    1    9       419
   13    2    2   11    1   26    4    2    0       579
   13    2    2   12    2   24    0    3    9       733
   13    2    2   13    1   12    2    3    0       496
   13    2    2   14    1    2    1    2    0       269
   13    2    2   15    1   21    3    1    0        35
   13    2    2   16    2    1    0    3    9       515
   13    2    2   17    1    2    1    4    0       495
   13    2    2   18    1   12    2    2    1       588
   13    2    2   19    2   32    0    2    9       837
   13    2    2   20    1    6    1    1    1      1013
   13    2    2   21    2   13    0    1    9       957
   13    2    2   22    1   15    2    2    1       760
   13    2    2   23    1   31    4    3    0       955
   13    2    2   24    1    9    1    2    0       517
   13    2    2   25    1   22    3    4    0       961
   13    2    2   26    2   18    0    1    9       476
   13    2    2   27    2    5    0    2    9       666
   13    2    2   28    1    3    2    3    0       576
   13    2    2   29    2   24    0    4    9       890
   13    2    2   30    2   24    0    1    9       727
   13    2    2   31    2   24    0    2    9       699
   13    2    2   32    1    6    1    2    0      2672
   13    2    2   33    1   25    4    1    0       566
   13    2    2   34    1   19    3    3    1       832
   13    2    2   35    1    7    2    3    0       799
   13    2    2   36    1   22    3    2    0       704
   13    2    2   37    2   17    0    1    9       789
   13    2    2   38    1    7    2    3    0      1159
   13    2    2   39    2   11    0    3    9       777
   13    2    2   40    1    3    2    3    0       620
   13    2    2   41    1   19    3    3    1       676
   13    2    2   42    2    4    0    4    9       730
   13    2    2   43    1    9    1    1    1       717
   13    2    2   44    2   30    0    2    9       705
   13    2    2   45    2   14    0    2    9       774
   13    2    2   46    2   23    0    3    9       936
   13    2    2   47    1   15    2    3    0       548
   13    2    2   48    2   16    0    4    9       816
   13    2    2   49    1   28    4    4    1      3344
   13    2    2   50    2   14    0    2    9       779
   13    2    2   51    2   27    0    3    9       909
   13    2    2   52    1   28    4    4    1       523
