   24    1    1    1    1   22    3    1    0      5312
   24    1    1    2    1   19    3    1    0      2777
   24    1    1    3    1   21    3    2    0     10930
   24    1    1    4    1   12    2    4    0      7782
   24    1    1    5    1    3    2    3    0      5191
   24    1    1    6    1   26    4    3    0      4592
   24    1    1    7    1   31    4    4    1      4097
   24    1    1    8    1    9    1    2    0      2398
   24    1    1    9    1   28    4    4    1      1526
   24    1    1   10    1    6    1    2    0      1706
   24    1    1   11    1    2    1    2    0      5263
   24    1    1   12    1    7    2    3    0      2437
   24    1    1   13    1   15    2    3    0      3132
   24    1    1   14    1   25    4    4    1      8647
   24    1    2    1    1   25    4    3    0      3139
   24    1    2    2    1   26    4    4    1      4110
   24    1    2    3    1   21    3    2    0      1835
   24    1    2    4    1   15    2    4    0      2618
   24    1    2    5    1    2    1    1    1     10042
   24    1    2    6    1   12    2    4    0      2425
   24    1    2    7    1   19    3    3    1      6033
   24    1    2    8    1    9    1    2    0      3216
   24    1    2    9    1    3    2    3    0      1624
   24    1    2   10    1   28    4    4    1      2864
   24    1    2   11    1   22    3    3    1      1710
   24    1    2   12    1    7    2    1    0      1771
   24    1    2   13    1    6    1    3    0      2493
   24    1    2   14    1   31    4    4    1      3394
   24    1    3    1    1   31    4    4    1      2497
   24    1    3    2    1    2    1    1    1      2654
   24    1    3    3    1   12    2    3    0      3332
   24    1    3    4    1    3    2    2    1      6471
   24    1    3    5    1    7    2    2    1      2693
   24    1    3    6    1   15    2    1    0      2506
   24    1    3    7    1   28    4    4    1      2703
   24    1    3    8    1    9    1    2    0      4451
   24    1    3    9    1   26    4    3    0      2138
   24    1    3   10    1   21    3    2    0      4301
   24    1    3   11    1   19    3    2    0      3242
   24    1    3   12    1    6    1    1    1      4881
   24    1    3   13    1   22    3    3    1      4062
   24    1    3   14    1   25    4    3    0      5533
   24    1    4    1    1    3    2    1    0      6602
   24    1    4    2    1   21    3    2    0      2795
   24    1    4    3    1    2    1    1    1     10931
   24    1    4    4    1   31    4    4    1      2159
   24    1    4    5    1   25    4    2    0      3369
   24    1    4    6    1   28    4    4    1      3995
   24    1    4    7    1   12    2    3    0      4604
   24    1    4    8    1   26    4    3    0      8636
   24    1    4    9    1    6    1    2    0      5484
   24    1    4   10    1    7    2    1    0      8073
   24    1    4   11    1   22    3    2    0      2879
   24    1    4   12    1   19    3    3    1      5556
   24    1    4   13    1   15    2    4    0      3559
   24    1    4   14    1    9    1    2    0     11745
   24    1    5    1    1    3    2    4    0     13720
   24    1    5    2    1    9    1    4    0      4012
   24    1    5    3    1   19    3    2    0      5236
   24    1    5    4    1   26    4    2    0      2123
   24    1    5    5    1   28    4    4    1      2191
   24    1    5    6    1    2    1    1    1      8248
   24    1    5    7    1   21    3    2    0      2911
   24    1    5    8    1   12    2    3    0      5092
   24    1    5    9    1   15    2    3    0      4769
   24    1    5   10    1   22    3    2    0     12362
   24    1    5   11    1   31    4    4    1     10325
   24    1    5   12    1   25    4    1    0      4969
   24    1    5   13    1    6    1    2    0      2843
   24    1    5   14    1    7    2    2    1      2850
   24    1    6    1    1   31    4    4    1      2720
   24    1    6    2    1    9    1    2    0      2500
   24    1    6    3    1   22    3    3    1      6105
   24    1    6    4    1    7    2    2    1      8709
   24    1    6    5    1   12    2    2    1      2442
   24    1    6    6    1   28    4    4    1      1785
   24    1    6    7    1    2    1    2    0      7666
   24    1    6    8    1   21    3    2    0      2121
   24    1    6    9    1    3    2    3    0      3820
   24    1    6   10    1   15    2    3    0      2620
   24    1    6   11    1   25    4    2    0      5340
   24    1    6   12    1   26    4    4    1     13711
   24    1    6   13    1   19    3    3    1      4892
   24    1    6   14    1    6    1    1    1      3625
   24    1    7    1    1   21    3    2    0      2953
   24    1    7    2    1   31    4    3    0     13755
   24    1    7    3    1   19    3    3    1      6990
   24    1    7    4    1   25    4    3    0      5960
   24    1    7    5    1    7    2    2    1      9826
   24    1    7    6    1   12    2    2    1      3802
   24    1    7    7    1    6    1    1    1      2498
   24    1    7    8    1   28    4    4    1      3151
   24    1    7    9    1    3    2    3    0      2833
   24    1    7   10    1    9    1    3    0      8777
   24    1    7   11    1   15    2    3    0      3123
   24    1    7   12    1    2    1    2    0      1806
   24    1    7   13    1   26    4    3    0      4367
   24    1    7   14    1   22    3    3    1      3209
   24    1    8    1    1   22    3    3    1      3134
   24    1    8    2    1    3    2    2    1      4641
   24    1    8    3    1   19    3    3    1      3257
   24    1    8    4    1   21    3    2    0      2151
   24    1    8    5    1   15    2    3    0      7034
   24    1    8    6    1    9    1    3    0     16281
   24    1    8    7    1   25    4    3    0      5094
   24    1    8    8    1   28    4    4    1      2323
   24    1    8    9    1   31    4    4    1      5463
   24    1    8   10    1   12    2    1    0      6141
   24    1    8   11    1   26    4    4    1      4272
   24    1    8   12    1    2    1    1    1      6214
   24    1    8   13    1    7    2    2    1      4334
   24    1    8   14    1    6    1    1    1      1937
   24    1    9    1    1    6    1    1    1      2044
   24    1    9    2    1   22    3    2    0      4044
   24    1    9    3    1    9    1    2    0      3971
   24    1    9    4    1    3    2    1    0      1677
   24    1    9    5    1   15    2    3    0      4179
   24    1    9    6    1   28    4    4    1      2037
   24    1    9    7    1   19    3    3    1      2356
   24    1    9    8    1   12    2    2    1      5590
   24    1    9    9    1    2    1    1    1      2088
   24    1    9   10    1   21    3    2    0      3380
   24    1    9   11    1   26    4    3    0      5159
   24    1    9   12    1    7    2    2    1      2193
   24    1    9   13    1   31    4    4    1      5450
   24    1    9   14    1   25    4    3    0      2785
   24    1   10    1    1   15    2    2    1      1749
   24    1   10    2    1   28    4    4    1      1455
   24    1   10    3    1   25    4    4    1      2182
   24    1   10    4    1   22    3    3    1      1359
   24    1   10    5    1   21    3    3    1      1626
   24    1   10    6    1    9    1    2    0      2378
   24    1   10    7    1    7    2    2    1      2004
   24    1   10    8    1   26    4    4    1      3269
   24    1   10    9    1    6    1    1    1      1634
   24    1   10   10    1   12    2    2    1      1618
   24    1   10   11    1    2    1    1    1      2130
   24    1   10   12    1   31    4    4    1      1005
   24    1   10   13    1    3    2    2    1      4037
   24    1   10   14    1   19    3    4    0      5189
   24    2    1    1    1    2    1    1    1      5865
   24    2    1    2    1    3    2    2    1      2782
   24    2    1    3    1    9    1    2    0      2431
   24    2    1    4    2    8    0    2    9      1983
   24    2    1    5    2   10    0    2    9      2961
   24    2    1    6    2   16    0    2    9      1707
   24    2    1    7    1   28    4    4    1      2791
   24    2    1    8    2   24    0    4    9      1689
   24    2    1    9    1    2    1    1    1      2006
   24    2    1   10    1   15    2    2    1      1991
   24    2    1   11    2   29    0    4    9      2264
   24    2    1   12    1    6    1    1    1      1454
   24    2    1   13    1    9    1    2    0      2421
   24    2    1   14    1   15    2    2    1      3925
   24    2    1   15    2   27    0    4    9      2649
   24    2    1   16    2   14    0    2    9      4319
   24    2    1   17    2   17    0    3    9      5924
   24    2    1   18    2   30    0    4    9      3288
   24    2    1   19    2    1    0    1    9      1637
   24    2    1   20    1   21    3    3    1      3876
   24    2    1   21    2   23    0    4    9      1674
   24    2    1   22    1    6    1    1    1      1560
   24    2    1   23    2   24    0    4    9      3483
   24    2    1   24    1   28    4    4    1      2176
   24    2    1   25    2    4    0    2    9      2138
   24    2    1   26    2    5    0    1    9      2373
   24    2    1   27    1   21    3    3    1      1943
   24    2    1   28    1   22    3    3    1      1467
   24    2    1   29    2   14    0    2    9      1633
   24    2    1   30    2   11    0    2    9      2288
   24    2    1   31    1   26    4    4    1      3717
   24    2    1   32    1    3    2    2    1      4177
   24    2    1   33    1    7    2    2    1      1819
   24    2    1   34    1   25    4    4    1      2243
   24    2    1   35    2   18    0    3    9      5690
   24    2    1   36    1   12    2    2    1      2071
   24    2    1   37    2   32    0    4    9      2469
   24    2    1   38    2   20    0    4    9      1939
   24    2    1   39    1    7    2    2    1      2646
   24    2    1   40    1   19    3    4    0      1757
   24    2    1   41    1   31    4    4    1      3736
   24    2    1   42    2   24    0    4    9      1891
   24    2    1   43    2   14    0    2    9      4152
   24    2    1   44    1   25    4    4    1      2339
   24    2    1   45    1   31    4    4    1       886
   24    2    1   46    1   12    2    2    1      1875
   24    2    1   47    1   19    3    3    1      1817
   24    2    1   48    1   26    4    4    1      3057
   24    2    1   49    2   13    0    2    9      5832
   24    2    1   50    2   24    0    4    9      3055
   24    2    1   51    2   14    0    2    9      4118
   24    2    1   52    1   22    3    3    1      3426
   24    2    2    1    1   22    3    3    1      2841
   24    2    2    2    2   11    0    2    9      2921
   24    2    2    3    2   13    0    2    9      1733
   24    2    2    4    1    9    1    2    0      1408
   24    2    2    5    1   21    3    3    1      2616
   24    2    2    6    2   14    0    2    9      4097
   24    2    2    7    1    6    1    1    1      4093
   24    2    2    8    1    7    2    2    1      1018
   24    2    2    9    1   26    4    4    1      1858
   24    2    2   10    2   23    0    4    9      1385
   24    2    2   11    1    7    2    2    1      1714
   24    2    2   12    2   20    0    4    9      2702
   24    2    2   13    2   16    0    2    9      1475
   24    2    2   14    1    6    1    1    1      1577
   24    2    2   15    2   30    0    4    9      2538
   24    2    2   16    2   18    0    3    9      2742
   24    2    2   17    1   31    4    4    1       793
   24    2    2   18    2   24    0    4    9       970
   24    2    2   19    1    3    2    2    1      3156
   24    2    2   20    1    2    1    1    1      1127
   24    2    2   21    1   25    4    3    0      2331
   24    2    2   22    2   27    0    4    9      2174
   24    2    2   23    1   28    4    4    1       872
   24    2    2   24    1   12    2    2    1      1750
   24    2    2   25    2   17    0    3    9      1073
   24    2    2   26    1    2    1    1    1      1527
   24    2    2   27    2    8    0    2    9      1739
   24    2    2   28    1    3    2    2    1      2247
   24    2    2   29    2   29    0    4    9      1389
   24    2    2   30    1   19    3    4    0      5126
   24    2    2   31    2   14    0    2    9      4458
   24    2    2   32    2   32    0    4    9      1625
   24    2    2   33    2    1    0    1    9      1337
   24    2    2   34    1   31    4    4    1      1444
   24    2    2   35    1   26    4    4    1      3163
   24    2    2   36    2   10    0    2    9      1597
   24    2    2   37    2   24    0    4    9      1390
   24    2    2   38    1   15    2    2    1       903
   24    2    2   39    1   12    2    2    1       740
   24    2    2   40    1   28    4    4    1      1815
   24    2    2   41    1   22    3    3    1      1743
   24    2    2   42    2   24    0    4    9       778
   24    2    2   43    1   25    4    4    1      2828
   24    2    2   44    1   21    3    3    1      3660
   24    2    2   45    1   19    3    3    1      2635
   24    2    2   46    1    9    1    2    0      7666
   24    2    2   47    2   14    0    2    9      5456
   24    2    2   48    1   15    2    2    1      4502
   24    2    2   49    2   24    0    4    9      2643
   24    2    2   50    2    5    0    1    9      4554
   24    2    2   51    2    4    0    2    9      7844
   24    2    2   52    2   14    0    2    9      4220
