   12    1    1    1    1   25    4    1    0      4435
   12    1    1    2    1   31    4    3    0      2968
   12    1    1    3    1    5    1    1    1      2075
   12    1    1    4    1   26    4    4    1      1666
   12    1    1    5    1   10    2    1    0      2953
   12    1    1    6    1   12    2    2    1      1780
   12    1    1    7    1    9    2    1    0      1239
   12    1    1    8    1   21    3    3    1      2422
   12    1    1    9    1   22    3    3    1      1968
   12    1    1   10    1    6    1    1    1      2434
   12    1    1   11    1   15    2    2    1      1634
   12    1    1   12    1    3    1    1    1       970
   12    1    1   13    1   19    3    3    1      1780
   12    1    1   14    1   28    4    4    1       655
   12    1    2    1    1   31    4    4    1      4622
   12    1    2    2    1   10    2    2    1      1551
   12    1    2    3    1   21    3    3    1      2138
   12    1    2    4    1   19    3    3    1      1246
   12    1    2    5    1    9    2    2    1      1238
   12    1    2    6    1   15    2    2    1       797
   12    1    2    7    1   12    2    2    1      1102
   12    1    2    8    1   28    4    4    1      1547
   12    1    2    9    1   22    3    3    1       886
   12    1    2   10    1    5    1    1    1      1556
   12    1    2   11    1   25    4    4    1      1639
   12    1    2   12    1   26    4    4    1       887
   12    1    2   13    1    6    1    1    1      2348
   12    1    2   14    1    3    1    1    1       711
   12    1    3    1    1    5    1    2    0      2912
   12    1    3    2    1   12    2    2    1       901
   12    1    3    3    1   25    4    4    1      1146
   12    1    3    4    1   22    3    3    1       902
   12    1    3    5    1    6    1    1    1      2091
   12    1    3    6    1    9    2    2    1       705
   12    1    3    7    1   19    3    3    1      1085
   12    1    3    8    1    3    1    1    1      1307
   12    1    3    9    1   15    2    2    1      1400
   12    1    3   10    1   28    4    4    1      1601
   12    1    3   11    1   21    3    3    1       907
   12    1    3   12    1   10    2    2    1      1264
   12    1    3   13    1   31    4    4    1      1231
   12    1    3   14    1   26    4    3    0       830
   12    1    4    1    1   28    4    4    1      1757
   12    1    4    2    1   21    3    3    1       928
   12    1    4    3    1    9    2    2    1      2540
   12    1    4    4    1   12    2    2    1       728
   12    1    4    5    1   22    3    1    0       948
   12    1    4    6    1   19    3    2    0      1967
   12    1    4    7    1    5    1    1    1       738
   12    1    4    8    1    6    1    2    0       902
   12    1    4    9    1    3    1    1    1      1099
   12    1    4   10    1   26    4    4    1      1425
   12    1    4   11    1   25    4    4    1       585
   12    1    4   12    1   31    4    4    1       739
   12    1    4   13    1   15    2    2    1      1719
   12    1    4   14    1   10    2    2    1      1387
   12    1    5    1    1    9    2    2    1      1928
   12    1    5    2    1   19    3    4    0      1156
   12    1    5    3    1    3    1    1    1      1223
   12    1    5    4    1   31    4    4    1      1360
   12    1    5    5    1   28    4    4    1      1099
   12    1    5    6    1    5    1    1    1      2312
   12    1    5    7    1   26    4    4    1      1966
   12    1    5    8    1   21    3    3    1      1216
   12    1    5    9    1   25    4    4    1       848
   12    1    5   10    1   10    2    2    1      1375
   12    1    5   11    1   15    2    2    1       826
   12    1    5   12    1   22    3    3    1      1330
   12    1    5   13    1    6    1    1    1      1502
   12    1    5   14    1   12    2    2    1       851
   12    1    6    1    1    9    2    2    1      1971
   12    1    6    2    1   15    2    2    1       757
   12    1    6    3    1   19    3    3    1      1104
   12    1    6    4    1   28    4    4    1       726
   12    1    6    5    1   31    4    4    1       610
   12    1    6    6    1   22    3    3    1       763
   12    1    6    7    1   12    2    2    1      1022
   12    1    6    8    1    5    1    1    1      1070
   12    1    6    9    1   26    4    4    1      1404
   12    1    6   10    1   21    3    3    1       845
   12    1    6   11    1   25    4    4    1       693
   12    1    6   12    1    3    1    1    1      1651
   12    1    6   13    1   10    2    2    1       754
   12    1    6   14    1    6    1    1    1       853
   12    1    7    1    1    9    2    2    1      1849
   12    1    7    2    1    5    1    1    1       984
   12    1    7    3    1   31    4    4    1      5802
   12    1    7    4    1   10    2    2    1      3371
   12    1    7    5    1   22    3    3    1      1782
   12    1    7    6    1   21    3    3    1       592
   12    1    7    7    1    3    1    1    1      1337
   12    1    7    8    1   28    4    4    1      1317
   12    1    7    9    1   15    2    2    1      1545
   12    1    7   10    1   25    4    4    1      1445
   12    1    7   11    1   12    2    2    1      1461
   12    1    7   12    1    6    1    1    1      1636
   12    1    7   13    1   26    4    4    1      2820
   12    1    7   14    1   19    3    3    1       997
   12    1    8    1    1   28    4    4    1      1231
   12    1    8    2    1   21    3    3    1      2982
   12    1    8    3    1   26    4    4    1       640
   12    1    8    4    1   15    2    2    1      2152
   12    1    8    5    1    3    1    1    1       555
   12    1    8    6    1   12    2    2    1       694
   12    1    8    7    1    5    1    1    1       548
   12    1    8    8    1    6    1    2    0       559
   12    1    8    9    1   19    3    3    1       690
   12    1    8   10    1   22    3    3    1      1031
   12    1    8   11    1   10    2    2    1      1407
   12    1    8   12    1   25    4    4    1      3064
   12    1    8   13    1   31    4    4    1       591
   12    1    8   14    1    9    2    2    1      1113
   12    1    9    1    1   12    2    2    1      1676
   12    1    9    2    1   15    2    2    1       714
   12    1    9    3    1   10    2    2    1       775
   12    1    9    4    1    3    1    1    1       537
   12    1    9    5    1   22    3    3    1       909
   12    1    9    6    1    9    2    1    0      2522
   12    1    9    7    1   26    4    4    1       846
   12    1    9    8    1   19    3    3    1       550
   12    1    9    9    1   25    4    4    1       553
   12    1    9   10    1    5    1    1    1      1572
   12    1    9   11    1   31    4    4    1       767
   12    1    9   12    1    6    1    1    1      1249
   12    1    9   13    1   21    3    3    1       992
   12    1    9   14    1   28    4    4    1       594
   12    1   10    1    1    9    2    1    0      3278
   12    1   10    2    1    3    1    2    0       749
   12    1   10    3    1   10    2    2    1      2272
   12    1   10    4    1   26    4    4    1       527
   12    1   10    5    1   21    3    3    1       507
   12    1   10    6    1   15    2    2    1       744
   12    1   10    7    1   12    2    2    1       684
   12    1   10    8    1    5    1    1    1       626
   12    1   10    9    1    6    1    1    1       818
   12    1   10   10    1   25    4    4    1      1090
   12    1   10   11    1   22    3    3    1       520
   12    1   10   12    1   28    4    4    1       612
   12    1   10   13    1   31    4    4    1       533
   12    1   10   14    1   19    3    3    1       553
   12    2    1    1    2   24    0    3    9      3162
   12    2    1    2    2   11    0    2    9      2828
   12    2    1    3    1   10    2    2    1       558
   12    2    1    4    2   27    0    4    9      1384
   12    2    1    5    2    8    0    1    9      4802
   12    2    1    6    2   14    0    2    9      1243
   12    2    1    7    2   24    0    3    9       811
   12    2    1    8    2   29    0    4    9       692
   12    2    1    9    1   19    3    3    1       707
   12    2    1   10    2    1    0    1    9       616
   12    2    1   11    2    8    0    2    9       616
   12    2    1   12    1   10    2    2    1       632
   12    2    1   13    2   16    0    2    9       680
   12    2    1   14    1   21    3    3    1      3446
   12    2    1   15    2   17    0    3    9       694
   12    2    1   16    1   31    4    4    1       555
   12    2    1   17    2   24    0    3    9       671
   12    2    1   18    1   28    4    4    1       501
   12    2    1   19    1    3    1    2    0      1874
   12    2    1   20    2   30    0    4    9       688
   12    2    1   21    1    9    2    2    1      3534
   12    2    1   22    1    6    1    1    1      1130
   12    2    1   23    1   21    3    3    1       686
   12    2    1   24    2    2    0    1    9       636
   12    2    1   25    1   12    2    2    1       611
   12    2    1   26    1   26    4    4    1       572
   12    2    1   27    1    6    1    1    1      1095
   12    2    1   28    1    9    2    2    1      2012
   12    2    1   29    2   13    0    2    9      1837
   12    2    1   30    1   19    3    3    1      3357
   12    2    1   31    1    5    1    1    1      1432
   12    2    1   32    2    4    0    1    9      1664
   12    2    1   33    2   18    0    3    9      1183
   12    2    1   34    2   20    0    3    9      1456
   12    2    1   35    1   12    2    2    1      1168
   12    2    1   36    2   23    0    3    9      1515
   12    2    1   37    1   22    3    3    1      1327
   12    2    1   38    1   15    2    2    1      1956
   12    2    1   39    1   25    4    4    1      2199
   12    2    1   40    1   15    2    2    1       976
   12    2    1   41    2   24    0    3    9      2923
   12    2    1   42    2    8    0    1    9      1599
   12    2    1   43    1   22    3    3    1      1184
   12    2    1   44    2    8    0    1    9      3906
   12    2    1   45    1    3    1    1    1       775
   12    2    1   46    1   31    4    4    1       890
   12    2    1   47    1    5    1    1    1      1872
   12    2    1   48    2    7    0    1    9      1143
   12    2    1   49    1   25    4    4    1      1914
   12    2    1   50    1   28    4    4    1       519
   12    2    1   51    1   26    4    4    1       739
   12    2    1   52    2   32    0    4    9       782
   12    2    2    1    2   24    0    3    9      2016
   12    2    2    2    2   32    0    4    9       521
   12    2    2    3    2    8    0    1    9      1069
   12    2    2    4    2   14    0    2    9       692
   12    2    2    5    2    4    0    1    9       514
   12    2    2    6    2   24    0    4    9       942
   12    2    2    7    2   17    0    3    9       490
   12    2    2    8    1   12    2    2    1       752
   12    2    2    9    1   19    3    3    1       699
   12    2    2   10    2   24    0    3    9      1056
   12    2    2   11    1   21    3    3    1       599
   12    2    2   12    2   20    0    3    9       561
   12    2    2   13    1   15    2    4    0       604
   12    2    2   14    1   26    4    4    1       477
   12    2    2   15    2   27    0    4    9       579
   12    2    2   16    2    8    0    1    9      1333
   12    2    2   17    1   22    3    3    1     69719
   12    2    2   18    2   18    0    3    9       654
   12    2    2   19    1   12    2    2    1      1204
   12    2    2   20    2   11    0    2    9       558
   12    2    2   21    2   24    0    3    9      1328
   12    2    2   22    1    9    2    2    1      1085
   12    2    2   23    1   10    2    2    1      5851
   12    2    2   24    2    2    0    1    9      1027
   12    2    2   25    1    5    1    1    1       771
   12    2    2   26    1   22    3    3    1      1206
   12    2    2   27    2    8    0    1    9      1151
   12    2    2   28    2   16    0    2    9       986
   12    2    2   29    1   31    4    4    1      1339
   12    2    2   30    1   28    4    3    0       632
   12    2    2   31    2   30    0    4    9       543
   12    2    2   32    2   13    0    4    9       851
   12    2    2   33    1   26    4    4    1      1538
   12    2    2   34    2    8    0    1    9       990
   12    2    2   35    1   21    3    3    1      1031
   12    2    2   36    1    3    1    1    1     52350
   12    2    2   37    1   15    2    2    1       585
   12    2    2   38    1    6    1    1    1       994
   12    2    2   39    1    9    2    2    1       660
   12    2    2   40    1   10    2    2    1       619
   12    2    2   41    1   28    4    4    1      2467
   12    2    2   42    2    7    0    1    9      1522
   12    2    2   43    2   29    0    4    9      1303
   12    2    2   44    1   31    4    4    1       484
   12    2    2   45    1    5    1    1    1      1329
   12    2    2   46    1   25    4    3    0      1350
   12    2    2   47    1   19    3    3    1       601
   12    2    2   48    1   25    4    4    1       546
   12    2    2   49    1    3    1    1    1      1493
   12    2    2   50    1    6    1    1    1      1187
   12    2    2   51    2   23    0    1    9       669
   12    2    2   52    2    1    0    1    9       675
