   13    1    1    1    1   22    1    1    1      7618
   13    1    1    2    1   19    1    2    0      2854
   13    1    1    3    1   12    2    2    1      2876
   13    1    1    4    1    9    1    1    1      2042
   13    1    1    5    1   28    2    2    1      1193
   13    1    1    6    1    7    2    2    1      2474
   13    1    1    7    1   31    2    1    0      2808
   13    1    1    8    1    2    1    2    0      5297
   13    1    1    9    1   15    2    2    1      2406
   13    1    1   10    1   21    1    1    1       966
   13    1    1   11    1    3    2    2    1      2688
   13    1    1   12    1   25    2    1    0      1653
   13    1    1   13    1   26    2    2    1      3868
   13    1    1   14    1    6    1    1    1       626
   13    1    2    1    1   12    2    1    0       979
   13    1    2    2    1    7    2    2    1      6053
   13    1    2    3    1    2    1    2    0       900
   13    1    2    4    1   21    1    1    1      3384
   13    1    2    5    1   28    2    1    0      6833
   13    1    2    6    1   15    2    2    1     14952
   13    1    2    7    1    3    2    1    0      4899
   13    1    2    8    1   26    2    1    0      2120
   13    1    2    9    1    6    1    1    1      1564
   13    1    2   10    1   25    2    2    1      2029
   13    1    2   11    1   31    2    2    1      1133
   13    1    2   12    1    9    1    2    0      1744
   13    1    2   13    1   19    1    1    1      3667
   13    1    2   14    1   22    1    1    1      5233
   13    1    3    1    1   26    2    2    1      4829
   13    1    3    2    1    2    1    1    1      4029
   13    1    3    3    1    9    1    2    0      4045
   13    1    3    4    1   28    2    2    1      2756
   13    1    3    5    1   22    1    1    1      2151
   13    1    3    6    1   19    1    1    1      7057
   13    1    3    7    1   25    2    1    0      5143
   13    1    3    8    1    7    2    2    1      6386
   13    1    3    9    1   31    2    1    0      1428
   13    1    3   10    1   21    1    1    1      3204
   13    1    3   11    1    6    1    2    0      1365
   13    1    3   12    1   15    2    2    1      1030
   13    1    3   13    1   12    2    2    1       430
   13    1    3   14    1    3    2    2    1      1341
   13    1    4    1    1   19    1    2    0      6203
   13    1    4    2    1   21    1    1    1      9452
   13    1    4    3    1    2    1    2    0      1795
   13    1    4    4    1   26    2    2    1      3604
   13    1    4    5    1    9    1    1    1      4500
   13    1    4    6    1   15    2    2    1      1249
   13    1    4    7    1    7    2    2    1      1279
   13    1    4    8    1    6    1    1    1      1021
   13    1    4    9    1   12    2    2    1      3589
   13    1    4   10    1   28    2    2    1      1670
   13    1    4   11    1   22    1    1    1      1444
   13    1    4   12    1    3    2    2    1      1147
   13    1    4   13    1   25    2    1    0       798
   13    1    4   14    1   31    2    2    1      1719
   13    1    5    1    1   21    1    1    1     12533
   13    1    5    2    1   25    2    1    0      3952
   13    1    5    3    1    9    1    1    1      2251
   13    1    5    4    1    3    2    2    1      1025
   13    1    5    5    1    6    1    1    1      3257
   13    1    5    6    1   22    1    1    1       904
   13    1    5    7    1   19    1    2    0       821
   13    1    5    8    1   12    2    2    1      2268
   13    1    5    9    1   31    2    2    1      3810
   13    1    5   10    1   15    2    2    1      3275
   13    1    5   11    1   26    2    1    0      1641
   13    1    5   12    1    2    1    1    1       752
   13    1    5   13    1   28    2    2    1      1394
   13    1    5   14    1    7    2    1    0      1532
   13    1    6    1    1   22    1    1    1      1322
   13    1    6    2    1   19    1    2    0      1014
   13    1    6    3    1   25    2    2    1       934
   13    1    6    4    1   31    2    2    1       930
   13    1    6    5    1   12    2    2    1      1165
   13    1    6    6    1   28    2    2    1      1295
   13    1    6    7    1    6    1    2    0      1820
   13    1    6    8    1   15    2    2    1       748
   13    1    6    9    1    3    2    1    0       831
   13    1    6   10    1   26    2    2    1      3286
   13    1    6   11    1    2    1    1    1      4387
   13    1    6   12    1    7    2    2    1      2068
   13    1    6   13    1    9    1    1    1      1570
   13    1    6   14    1   21    1    1    1      4500
   13    1    7    1    1   12    2    2    1      8294
   13    1    7    2    1    9    1    1    1       523
   13    1    7    3    1   15    2    2    1      1271
   13    1    7    4    1   31    2    2    1      1013
   13    1    7    5    1   21    1    1    1       861
   13    1    7    6    1    7    2    2    1      1772
   13    1    7    7    1    6    1    1    1      1158
   13    1    7    8    1   26    2    2    1       873
   13    1    7    9    1   28    2    2    1       662
   13    1    7   10    1    2    1    1    1       493
   13    1    7   11    1    3    2    1    0      3546
   13    1    7   12    1   19    1    2    0      1413
   13    1    7   13    1   25    2    1    0      2677
   13    1    7   14    1   22    1    2    0      1267
   13    1    8    1    1   15    2    2    1      1368
   13    1    8    2    1   26    2    2    1      4994
   13    1    8    3    1   28    2    2    1      1275
   13    1    8    4    1    6    1    1    1       937
   13    1    8    5    1    2    1    1    1       708
   13    1    8    6    1    9    1    1    1      3529
   13    1    8    7    1    3    2    2    1      2173
   13    1    8    8    1   25    2    1    0      1559
   13    1    8    9    1   12    2    2    1      2129
   13    1    8   10    1   22    1    1    1      1629
   13    1    8   11    1   31    2    2    1      1148
   13    1    8   12    1    7    2    2    1      2079
   13    1    8   13    1   19    1    2    0      1485
   13    1    8   14    1   21    1    1    1      4154
   13    1    9    1    1   22    1    1    1      3543
   13    1    9    2    1    7    2    2    1      2843
   13    1    9    3    1    3    2    1    0      1610
   13    1    9    4    1   15    2    2    1      1330
   13    1    9    5    1    2    1    1    1      1166
   13    1    9    6    1   12    2    2    1      1888
   13    1    9    7    1   28    2    2    1      1173
   13    1    9    8    1   25    2    1    0      1479
   13    1    9    9    1    6    1    1    1      1973
   13    1    9   10    1   26    2    2    1      1223
   13    1    9   11    1   19    1    2    0      5063
   13    1    9   12    1   21    1    1    1      2901
   13    1    9   13    1   31    2    2    1      1313
   13    1    9   14    1    9    1    1    1      5101
   13    1   10    1    1   12    2    2    1      1442
   13    1   10    2    1    9    1    1    1      2793
   13    1   10    3    1   25    2    1    0      1514
   13    1   10    4    1   26    2    2    1      6390
   13    1   10    5    1    6    1    1    1      2551
   13    1   10    6    1    7    2    2    1      1250
   13    1   10    7    1    2    1    1    1      1105
   13    1   10    8    1   21    1    1    1      1445
   13    1   10    9    1   22    1    1    1      1164
   13    1   10   10    1   31    2    2    1      1278
   13    1   10   11    1   28    2    2    1       988
   13    1   10   12    1    3    2    2    1      4534
   13    1   10   13    1   19    1    2    0      4161
   13    1   10   14    1   15    2    2    1      2051
   13    2    1    1    2   23    0    2    9      8043
   13    2    1    2    1    9    1    1    1      2825
   13    2    1    3    2   14    0    2    9      3624
   13    2    1    4    1    6    1    1    1      1657
   13    2    1    5    1    2    1    1    1      5432
   13    2    1    6    2   13    0    1    9      3775
   13    2    1    7    1   19    1    1    1      5321
   13    2    1    8    2    5    0    1    9      9285
   13    2    1    9    1    6    1    1    1      2898
   13    2    1   10    1   15    2    2    1      1903
   13    2    1   11    2   14    0    2    9      8307
   13    2    1   12    2   16    0    2    9      1272
   13    2    1   13    2    1    0    1    9      1142
   13    2    1   14    2   24    0    2    9      3385
   13    2    1   15    2   27    0    2    9      5698
   13    2    1   16    1   26    2    1    0      1615
   13    2    1   17    1    7    2    2    1      6975
   13    2    1   18    2   10    0    2    9      2633
   13    2    1   19    1   25    2    1    0      1728
   13    2    1   20    1    2    1    1    1     10892
   13    2    1   21    1   25    2    1    0      2665
   13    2    1   22    1   28    2    2    1      1903
   13    2    1   23    2   24    0    2    9      1556
   13    2    1   24    2   18    0    1    9      1382
   13    2    1   25    2   24    0    2    9      2351
   13    2    1   26    1   21    1    1    1      8578
   13    2    1   27    1   31    2    2    1      5532
   13    2    1   28    2    4    0    2    9     10095
   13    2    1   29    1   19    1    2    0      9036
   13    2    1   30    2   20    0    1    9      1427
   13    2    1   31    2    8    0    2    9      1419
   13    2    1   32    2   11    0    2    9      1603
   13    2    1   33    1    9    1    1    1      5444
   13    2    1   34    1   22    1    1    1      3691
   13    2    1   35    1   21    1    1    1      5032
   13    2    1   36    1   31    2    2    1      3040
   13    2    1   37    1    3    2    1    0      8663
   13    2    1   38    2   14    0    2    9      3581
   13    2    1   39    1   15    2    2    1       894
   13    2    1   40    2   32    0    2    9      1211
   13    2    1   41    1   12    2    2    1      1164
   13    2    1   42    1   28    2    2    1      2494
   13    2    1   43    1    3    2    2    1      1835
   13    2    1   44    1   22    1    1    1      3026
   13    2    1   45    1   26    2    1    0      1722
   13    2    1   46    2   30    0    2    9      1286
   13    2    1   47    1    7    2    2    1       740
   13    2    1   48    2   24    0    2    9       983
   13    2    1   49    2   14    0    1    9      4800
   13    2    1   50    1   12    2    2    1       736
   13    2    1   51    2   29    0    1    9      1140
   13    2    1   52    2   17    0    1    9      1783
   13    2    2    1    1   15    2    2    1      1297
   13    2    2    2    1    2    1    1    1      1165
   13    2    2    3    1   31    2    2    1      1167
   13    2    2    4    1    9    1    1    1       657
   13    2    2    5    1   15    2    2    1       856
   13    2    2    6    1   12    2    2    1       726
   13    2    2    7    2   24    0    2    9       570
   13    2    2    8    2   14    0    1    9       932
   13    2    2    9    2    5    0    1    9       656
   13    2    2   10    2   14    0    1    9      2038
   13    2    2   11    1    7    2    2    1       805
   13    2    2   12    1    6    1    1    1      1286
   13    2    2   13    2   23    0    2    9       659
   13    2    2   14    2   14    0    1    9       874
   13    2    2   15    2   24    0    2    9      1592
   13    2    2   16    1   25    2    1    0       649
   13    2    2   17    1   19    1    1    1      2400
   13    2    2   18    1   21    1    1    1      1600
   13    2    2   19    2   14    0    1    9      4545
   13    2    2   20    2   32    0    2    9      1100
   13    2    2   21    1    7    2    2    1       913
   13    2    2   22    2   30    0    1    9      2685
   13    2    2   23    2   24    0    2    9      2146
   13    2    2   24    2   17    0    1    9       621
   13    2    2   25    2   13    0    1    9      2852
   13    2    2   26    2   24    0    2    9       643
   13    2    2   27    1   22    1    1    1      3402
   13    2    2   28    1   22    1    1    1      1315
   13    2    2   29    1    2    1    1    1      1567
   13    2    2   30    2   18    0    1    9      4273
   13    2    2   31    1   28    2    2    1      4567
   13    2    2   32    2   20    0    2    9      1233
   13    2    2   33    1   21    1    1    1      1376
   13    2    2   34    1    3    2    2    1      1402
   13    2    2   35    1   12    2    2    1       930
   13    2    2   36    1   26    2    1    0      1534
   13    2    2   37    2    4    0    2    9       945
   13    2    2   38    1    3    2    2    1      2396
   13    2    2   39    1   31    2    2    1      2861
   13    2    2   40    2   27    0    1    9      1100
   13    2    2   41    1    9    1    1    1      1152
   13    2    2   42    2    1    0    1    9       691
   13    2    2   43    1    6    1    2    0      2904
   13    2    2   44    1   28    2    2    1      1989
   13    2    2   45    1   25    2    1    0       694
   13    2    2   46    2   10    0    2    9       747
   13    2    2   47    2   29    0    1    9      1470
   13    2    2   48    1   19    1    2    0       612
   13    2    2   49    2    8    0    2    9       621
   13    2    2   50    2   11    0    2    9      1332
   13    2    2   51    1   26    2    1    0       928
   13    2    2   52    2   16    0    2    9       732
