   17    1    1    1    1   15    2    1    0     16324
   17    1    1    2    1   28    4    3    0      2616
   17    1    1    3    1   21    3    3    1      7610
   17    1    1    4    1    9    1    1    1      7740
   17    1    1    5    1   19    3    4    0      1593
   17    1    1    6    1    3    2    2    1      1924
   17    1    1    7    1   22    3    1    0      1337
   17    1    1    8    1    6    1    2    0      1726
   17    1    1    9    1   26    4    1    0      1715
   17    1    1   10    1   12    2    3    0      2912
   17    1    1   11    1   25    4    1    0     10966
   17    1    1   12    1    2    1    3    0      2258
   17    1    1   13    1   31    4    3    0      6354
   17    1    1   14    1    7    2    2    1      2007
   17    1    2    1    1   26    4    3    0      3018
   17    1    2    2    1   22    3    1    0      4131
   17    1    2    3    1   21    3    1    0       800
   17    1    2    4    1   12    2    2    1      1026
   17    1    2    5    1    7    2    3    0      4995
   17    1    2    6    1   31    4    1    0       966
   17    1    2    7    1    3    2    2    1      2249
   17    1    2    8    1    9    1    4    0      1169
   17    1    2    9    1   15    2    3    0      1012
   17    1    2   10    1    2    1    3    0      3782
   17    1    2   11    1   19    3    1    0       953
   17    1    2   12    1    6    1    2    0      1237
   17    1    2   13    1   28    4    4    1      1133
   17    1    2   14    1   25    4    2    0      1370
   17    1    3    1    1    2    1    1    1       850
   17    1    3    2    1   19    3    3    1       794
   17    1    3    3    1   28    4    4    1      1076
   17    1    3    4    1   12    2    2    1       635
   17    1    3    5    1   31    4    4    1      1003
   17    1    3    6    1   25    4    4    1       877
   17    1    3    7    1   22    3    1    0      1676
   17    1    3    8    1    3    2    1    0      2091
   17    1    3    9    1    9    1    1    1       602
   17    1    3   10    1   15    2    1    0       603
   17    1    3   11    1   26    4    3    0      1157
   17    1    3   12    1    7    2    2    1      2369
   17    1    3   13    1   21    3    4    0      2172
   17    1    3   14    1    6    1    1    1      1471
   17    1    4    1    1   15    2    1    0       631
   17    1    4    2    1    9    1    2    0      1199
   17    1    4    3    1   12    2    1    0      1065
   17    1    4    4    1    3    2    1    0       600
   17    1    4    5    1    7    2    2    1       801
   17    1    4    6    1   19    3    3    1      1491
   17    1    4    7    1   31    4    4    1       905
   17    1    4    8    1    2    1    1    1       694
   17    1    4    9    1   22    3    4    0      1628
   17    1    4   10    1   25    4    4    1      1581
   17    1    4   11    1   26    4    4    1       783
   17    1    4   12    1   21    3    4    0      1329
   17    1    4   13    1    6    1    2    0      3623
   17    1    4   14    1   28    4    4    1      1568
   17    1    5    1    1   19    3    3    1      1024
   17    1    5    2    1    3    2    1    0      2098
   17    1    5    3    1   28    4    4    1       872
   17    1    5    4    1    6    1    1    1      1054
   17    1    5    5    1   15    2    1    0       902
   17    1    5    6    1   25    4    4    1      1084
   17    1    5    7    1   31    4    4    1       586
   17    1    5    8    1    7    2    2    1      1741
   17    1    5    9    1   21    3    3    1       913
   17    1    5   10    1   12    2    2    1      2527
   17    1    5   11    1   22    3    3    1      1276
   17    1    5   12    1   26    4    4    1       731
   17    1    5   13    1    2    1    1    1      1031
   17    1    5   14    1    9    1    2    0       791
   17    1    6    1    1   12    2    1    0       773
   17    1    6    2    1   19    3    3    1      1800
   17    1    6    3    1   26    4    4    1       442
   17    1    6    4    1   22    3    4    0       578
   17    1    6    5    1   31    4    4    1       789
   17    1    6    6    1    9    1    2    0      2416
   17    1    6    7    1   28    4    4    1      1105
   17    1    6    8    1    2    1    1    1      1078
   17    1    6    9    1   25    4    4    1       837
   17    1    6   10    1    6    1    1    1      1669
   17    1    6   11    1   21    3    4    0       492
   17    1    6   12    1    7    2    2    1      1434
   17    1    6   13    1   15    2    2    1      2786
   17    1    6   14    1    3    2    1    0      3300
   17    1    7    1    1   21    3    3    1      2104
   17    1    7    2    1   22    3    3    1      1374
   17    1    7    3    1   12    2    1    0       977
   17    1    7    4    1   26    4    4    1       748
   17    1    7    5    1    3    2    1    0       767
   17    1    7    6    1   15    2    2    1      1945
   17    1    7    7    1    2    1    1    1       733
   17    1    7    8    1   28    4    4    1      2609
   17    1    7    9    1   31    4    4    1      1210
   17    1    7   10    1    6    1    1    1      4290
   17    1    7   11    1   19    3    3    1      2129
   17    1    7   12    1   25    4    4    1       981
   17    1    7   13    1    9    1    1    1       903
   17    1    7   14    1    7    2    2    1      1100
   17    1    8    1    1   26    4    3    0      9201
   17    1    8    2    1    2    1    1    1      1780
   17    1    8    3    1   22    3    3    1      3518
   17    1    8    4    1   15    2    2    1      1170
   17    1    8    5    1   19    3    4    0      1005
   17    1    8    6    1   25    4    4    1      1030
   17    1    8    7    1    7    2    2    1      1663
   17    1    8    8    1   31    4    4    1       638
   17    1    8    9    1    9    1    1    1      2014
   17    1    8   10    1   12    2    2    1      1110
   17    1    8   11    1    6    1    1    1      3059
   17    1    8   12    1   28    4    4    1       627
   17    1    8   13    1   21    3    3    1       947
   17    1    8   14    1    3    2    2    1      3798
   17    1    9    1    1    9    1    1    1      1407
   17    1    9    2    1   15    2    2    1       864
   17    1    9    3    1   25    4    4    1      1502
   17    1    9    4    1   19    3    3    1       555
   17    1    9    5    1   21    3    3    1      1446
   17    1    9    6    1   12    2    2    1      3214
   17    1    9    7    1    3    2    2    1       870
   17    1    9    8    1    2    1    1    1       781
   17    1    9    9    1    6    1    1    1       751
   17    1    9   10    1   26    4    4    1      1345
   17    1    9   11    1   22    3    3    1       909
   17    1    9   12    1   28    4    4    1       890
   17    1    9   13    1   31    4    4    1      1736
   17    1    9   14    1    7    2    2    1      2235
   17    1   10    1    1   12    2    2    1      2293
   17    1   10    2    1   22    3    3    1      1387
   17    1   10    3    1   21    3    3    1       981
   17    1   10    4    1    3    2    2    1      3023
   17    1   10    5    1    9    1    1    1      1559
   17    1   10    6    1   19    3    3    1       794
   17    1   10    7    1    6    1    1    1      3756
   17    1   10    8    1   31    4    4    1      1296
   17    1   10    9    1   15    2    2    1      2045
   17    1   10   10    1   28    4    4    1      2285
   17    1   10   11    1    2    1    1    1      2019
   17    1   10   12    1   25    4    4    1      1667
   17    1   10   13    1   26    4    4    1       538
   17    1   10   14    1    7    2    2    1      1230
   17    2    1    1    2    8    0    2    9      4411
   17    2    1    2    2   20    0    3    9      1860
   17    2    1    3    1   21    3    3    1      2283
   17    2    1    4    2   27    0    4    9      4193
   17    2    1    5    2   11    0    2    9      8683
   17    2    1    6    2   24    0    3    9      2641
   17    2    1    7    1   15    2    2    1      4593
   17    2    1    8    2    5    0    1    9      1052
   17    2    1    9    1   12    2    2    1      1698
   17    2    1   10    2    4    0    1    9      1688
   17    2    1   11    2   32    0    4    9      1566
   17    2    1   12    1    2    1    3    0       704
   17    2    1   13    1    7    2    2    1      7181
   17    2    1   14    1   22    3    3    1      2736
   17    2    1   15    1   12    2    2    1      1852
   17    2    1   16    2   24    0    3    9      4019
   17    2    1   17    1   28    4    4    1      2908
   17    2    1   18    1   21    3    3    1      1474
   17    2    1   19    1   31    4    4    1       984
   17    2    1   20    1   19    3    3    1      1010
   17    2    1   21    2   13    0    1    9      1283
   17    2    1   22    1    2    1    1    1      1912
   17    2    1   23    1   19    3    3    1      1445
   17    2    1   24    1   31    4    4    1       669
   17    2    1   25    1    9    1    1    1      1140
   17    2    1   26    2   14    0    1    9      1383
   17    2    1   27    1   15    2    2    1       969
   17    2    1   28    1    6    1    1    1      1147
   17    2    1   29    2   14    0    1    9      1086
   17    2    1   30    2   16    0    2    9       892
   17    2    1   31    2   14    0    1    9      1162
   17    2    1   32    2   10    0    1    9       749
   17    2    1   33    2   24    0    4    9      1488
   17    2    1   34    1   22    3    3    1       734
   17    2    1   35    1   28    4    4    1       850
   17    2    1   36    1    6    1    1    1      1393
   17    2    1   37    1   26    4    4    1       842
   17    2    1   38    2   18    0    3    9       522
   17    2    1   39    2    1    0    1    9      1550
   17    2    1   40    1    9    1    1    1      6225
   17    2    1   41    2   17    0    3    9      1306
   17    2    1   42    2   14    0    1    9      1879
   17    2    1   43    1    3    2    2    1      7766
   17    2    1   44    2   29    0    4    9       897
   17    2    1   45    2   23    0    3    9      1590
   17    2    1   46    1   26    4    4    1       688
   17    2    1   47    1    3    2    2    1      1014
   17    2    1   48    2   30    0    4    9      1541
   17    2    1   49    2   24    0    3    9      1298
   17    2    1   50    1   25    4    4    1       998
   17    2    1   51    1   25    4    4    1      1024
   17    2    1   52    1    7    2    2    1      1320
   17    2    2    1    1   26    4    4    1      1012
   17    2    2    2    1    3    2    2    1       997
   17    2    2    3    1   25    4    4    1      1454
   17    2    2    4    1   21    3    3    1       893
   17    2    2    5    1   21    3    3    1       771
   17    2    2    6    2   24    0    3    9       830
   17    2    2    7    1    9    1    1    1      1358
   17    2    2    8    1   31    4    4    1       977
   17    2    2    9    2   17    0    3    9      1860
   17    2    2   10    2   24    0    3    9       955
   17    2    2   11    2   14    0    1    9      2246
   17    2    2   12    2   32    0    4    9       886
   17    2    2   13    1    6    1    1    1      1243
   17    2    2   14    1    7    2    2    1       923
   17    2    2   15    2   14    0    1    9       743
   17    2    2   16    2   23    0    3    9      1523
   17    2    2   17    2    5    0    1    9       903
   17    2    2   18    1   31    4    4    1       861
   17    2    2   19    2   14    0    1    9      1468
   17    2    2   20    2   13    0    1    9      1674
   17    2    2   21    1   19    3    3    1       849
   17    2    2   22    1   19    3    3    1      1128
   17    2    2   23    2   27    0    4    9       516
   17    2    2   24    2   18    0    3    9       608
   17    2    2   25    1    6    1    1    1       777
   17    2    2   26    2   10    0    1    9       524
   17    2    2   27    2   11    0    2    9      1056
   17    2    2   28    1    2    1    1    1      1943
   17    2    2   29    2   14    0    1    9      1131
   17    2    2   30    1   22    3    3    1      1135
   17    2    2   31    1   15    2    2    1      1434
   17    2    2   32    1   28    4    4    1      5386
   17    2    2   33    1    2    1    1    1      1884
   17    2    2   34    1   25    4    4    1       715
   17    2    2   35    2    4    0    2    9       839
   17    2    2   36    2    1    0    1    9       662
   17    2    2   37    1   12    2    2    1      1445
   17    2    2   38    1   12    2    2    1       493
   17    2    2   39    2   30    0    4    9      1051
   17    2    2   40    2   24    0    3    9      2386
   17    2    2   41    2   24    0    3    9       869
   17    2    2   42    2   20    0    3    9      1939
   17    2    2   43    1   22    3    3    1       751
   17    2    2   44    1    3    2    2    1      1747
   17    2    2   45    1   15    2    1    0       694
   17    2    2   46    1    7    2    2    1      2068
   17    2    2   47    1   26    4    4    1      1859
   17    2    2   48    1    9    1    1    1      1066
   17    2    2   49    2   29    0    4    9       960
   17    2    2   50    2   16    0    2    9      1011
   17    2    2   51    2    8    0    2    9       900
   17    2    2   52    1   28    4    4    1      1225
