   14    1    1    1    1    2    1    2    0      4285
   14    1    1    2    1   26    4    2    0      1358
   14    1    1    3    1   28    4    4    1      1505
   14    1    1    4    1   12    2    1    0      1317
   14    1    1    5    1   21    3    4    0      2873
   14    1    1    6    1    6    1    2    0      3919
   14    1    1    7    1   31    4    4    1      4907
   14    1    1    8    1    9    1    1    1      2440
   14    1    1    9    1   19    3    4    0      4167
   14    1    1   10    1    3    2    2    1      3321
   14    1    1   11    1   22    3    3    1      6005
   14    1    1   12    1   25    4    4    1       741
   14    1    1   13    1   15    2    1    0      1850
   14    1    1   14    1    7    2    1    0      2841
   14    1    2    1    1    2    1    1    1      3799
   14    1    2    2    1   25    4    4    1      2000
   14    1    2    3    1    3    2    1    0      1744
   14    1    2    4    1   21    3    3    1      5348
   14    1    2    5    1    9    1    1    1      4927
   14    1    2    6    1   26    4    3    0      2570
   14    1    2    7    1   22    3    3    1      3645
   14    1    2    8    1   31    4    4    1      3244
   14    1    2    9    1   28    4    4    1      1627
   14    1    2   10    1   12    2    2    1      2091
   14    1    2   11    1   15    2    1    0      1624
   14    1    2   12    1   19    3    4    0      4768
   14    1    2   13    1    7    2    2    1      3194
   14    1    2   14    1    6    1    2    0       924
   14    1    3    1    1    2    1    1    1      1953
   14    1    3    2    1    9    1    2    0      2291
   14    1    3    3    1   12    2    2    1      2865
   14    1    3    4    1   31    4    4    1      3023
   14    1    3    5    1    3    2    1    0      4039
   14    1    3    6    1   28    4    4    1      6814
   14    1    3    7    1   22    3    3    1      1486
   14    1    3    8    1   25    4    3    0       980
   14    1    3    9    1    7    2    1    0      5909
   14    1    3   10    1   19    3    3    1      6033
   14    1    3   11    1    6    1    1    1      5057
   14    1    3   12    1   15    2    2    1      3159
   14    1    3   13    1   21    3    3    1      5978
   14    1    3   14    1   26    4    4    1      2428
   14    1    4    1    1    3    2    2    1      6169
   14    1    4    2    1   26    4    4    1      2611
   14    1    4    3    1   31    4    4    1      2940
   14    1    4    4    1   15    2    2    1      5079
   14    1    4    5    1    2    1    1    1      5485
   14    1    4    6    1   21    3    3    1      4306
   14    1    4    7    1    6    1    2    0      5463
   14    1    4    8    1   22    3    3    1      6661
   14    1    4    9    1   19    3    4    0      2252
   14    1    4   10    1   12    2    1    0      7402
   14    1    4   11    1    7    2    2    1      4459
   14    1    4   12    1   28    4    4    1      8970
   14    1    4   13    1    9    1    1    1      3348
   14    1    4   14    1   25    4    3    0      6510
   14    1    5    1    1   12    2    4    0      3328
   14    1    5    2    1    9    1    2    0      4692
   14    1    5    3    1   15    2    1    0      2881
   14    1    5    4    1    6    1    1    1      3303
   14    1    5    5    1   21    3    3    1      2707
   14    1    5    6    1   26    4    4    1      3896
   14    1    5    7    1   25    4    3    0      5213
   14    1    5    8    1    3    2    1    0      4453
   14    1    5    9    1   28    4    4    1      5772
   14    1    5   10    1   19    3    3    1      2838
   14    1    5   11    1    7    2    1    0      6709
   14    1    5   12    1   31    4    4    1      2402
   14    1    5   13    1    2    1    2    0      3666
   14    1    5   14    1   22    3    3    1      4617
   14    1    6    1    1   15    2    4    0      3854
   14    1    6    2    1   31    4    4    1      4492
   14    1    6    3    1   28    4    4    1      5850
   14    1    6    4    1   26    4    3    0      9104
   14    1    6    5    1    9    1    1    1      5917
   14    1    6    6    1   21    3    3    1      3425
   14    1    6    7    1   12    2    2    1      4393
   14    1    6    8    1    7    2    2    1      5738
   14    1    6    9    1    2    1    1    1      2342
   14    1    6   10    1   25    4    4    1      4681
   14    1    6   11    1    6    1    1    1      3502
   14    1    6   12    1    3    2    2    1      2275
   14    1    6   13    1   19    3    4    0      3721
   14    1    6   14    1   22    3    3    1      2621
   14    1    7    1    1    6    1    1    1      3566
   14    1    7    2    1   21    3    1    0      5472
   14    1    7    3    1   26    4    4    1      7006
   14    1    7    4    1    2    1    1    1      2647
   14    1    7    5    1   12    2    2    1      3213
   14    1    7    6    1    9    1    2    0      1533
   14    1    7    7    1   28    4    4    1      3880
   14    1    7    8    1   22    3    3    1      2654
   14    1    7    9    1   31    4    4    1      2149
   14    1    7   10    1    3    2    1    0      6399
   14    1    7   11    1    7    2    2    1      3128
   14    1    7   12    1   15    2    2    1      5324
   14    1    7   13    1   19    3    3    1      6056
   14    1    7   14    1   25    4    3    0      6422
   14    1    8    1    1    9    1    1    1      5582
   14    1    8    2    1   21    3    3    1      5631
   14    1    8    3    1   26    4    4    1      3998
   14    1    8    4    1   28    4    4    1      1439
   14    1    8    5    1    2    1    1    1      3366
   14    1    8    6    1   12    2    2    1      6400
   14    1    8    7    1    7    2    2    1      3457
   14    1    8    8    1    3    2    1    0      1640
   14    1    8    9    1   25    4    4    1      8607
   14    1    8   10    1    6    1    3    0      2024
   14    1    8   11    1   19    3    4    0      5471
   14    1    8   12    1   31    4    4    1      2830
   14    1    8   13    1   22    3    3    1      1933
   14    1    8   14    1   15    2    2    1      2448
   14    1    9    1    1   26    4    3    0      5339
   14    1    9    2    1   31    4    4    1      2462
   14    1    9    3    1   28    4    4    1      1357
   14    1    9    4    1   15    2    2    1      1655
   14    1    9    5    1   22    3    3    1      2326
   14    1    9    6    1   19    3    3    1      2298
   14    1    9    7    1    7    2    2    1      3663
   14    1    9    8    1   21    3    3    1      2717
   14    1    9    9    1   12    2    2    1      3201
   14    1    9   10    1    9    1    1    1      2129
   14    1    9   11    1    3    2    1    0      2157
   14    1    9   12    1   25    4    3    0      4016
   14    1    9   13    1    2    1    1    1      4824
   14    1    9   14    1    6    1    1    1      1640
   14    1   10    1    1    6    1    1    1      3076
   14    1   10    2    1    7    2    1    0      4058
   14    1   10    3    1   19    3    3    1      2865
   14    1   10    4    1    2    1    1    1      4751
   14    1   10    5    1   12    2    4    0      1778
   14    1   10    6    1   26    4    4    1      5364
   14    1   10    7    1    9    1    2    0      2846
   14    1   10    8    1   28    4    4    1      1877
   14    1   10    9    1   22    3    3    1      1563
   14    1   10   10    1   15    2    2    1      1853
   14    1   10   11    1    3    2    2    1      3748
   14    1   10   12    1   25    4    3    0      2238
   14    1   10   13    1   21    3    3    1      1662
   14    1   10   14    1   31    4    4    1      1596
   14    2    1    1    1   26    4    4    1      3809
   14    2    1    2    1    7    2    2    1      4120
   14    2    1    3    2   14    0    2    9      2228
   14    2    1    4    2    4    0    1    9      4284
   14    2    1    5    1   25    4    4    1      3521
   14    2    1    6    2   16    0    2    9      2165
   14    2    1    7    2   32    0    4    9      1328
   14    2    1    8    1   21    3    3    1      2860
   14    2    1    9    1   28    4    4    1      1323
   14    2    1   10    2   11    0    2    9      1656
   14    2    1   11    1   21    3    3    1      1990
   14    2    1   12    1   25    4    4    1      1304
   14    2    1   13    2   24    0    4    9      2821
   14    2    1   14    2   24    0    3    9      1878
   14    2    1   15    2   17    0    3    9      1420
   14    2    1   16    2    8    0    2    9      3109
   14    2    1   17    1    2    1    1    1      3466
   14    2    1   18    2   27    0    3    9      6176
   14    2    1   19    1   31    4    4    1      1578
   14    2    1   20    2   30    0    4    9      1756
   14    2    1   21    1   28    4    4    1      1479
   14    2    1   22    1   22    3    3    1      1261
   14    2    1   23    2   23    0    3    9      1837
   14    2    1   24    2   24    0    4    9      1381
   14    2    1   25    2    1    0    1    9      3951
   14    2    1   26    2    5    0    1    9      1970
   14    2    1   27    2   29    0    2    9      2053
   14    2    1   28    1    6    1    3    0      2580
   14    2    1   29    2   20    0    4    9      4429
   14    2    1   30    1   31    4    4    1      1853
   14    2    1   31    2   24    0    4    9      1699
   14    2    1   32    1   19    3    3    1      2400
   14    2    1   33    1    6    1    1    1      1729
   14    2    1   34    1   15    2    2    1      1133
   14    2    1   35    2   14    0    2    9      1456
   14    2    1   36    1   15    2    2    1       920
   14    2    1   37    2   14    0    2    9      2725
   14    2    1   38    2   10    0    1    9      1705
   14    2    1   39    1   12    2    2    1      1045
   14    2    1   40    1    9    1    1    1      1213
   14    2    1   41    1   19    3    3    1      2958
   14    2    1   42    2   18    0    3    9      4041
   14    2    1   43    1    2    1    1    1      1528
   14    2    1   44    1    7    2    2    1      5021
   14    2    1   45    1    3    2    1    0      2325
   14    2    1   46    1   12    2    2    1      1737
   14    2    1   47    1   26    4    3    0      1909
   14    2    1   48    1    3    2    1    0      2474
   14    2    1   49    2   14    0    2    9      1736
   14    2    1   50    1   22    3    3    1      1588
   14    2    1   51    1    9    1    1    1      4486
   14    2    1   52    2   13    0    1    9      1188
   14    2    2    1    1   31    4    2    0      1397
   14    2    2    2    1   25    4    3    0      2654
   14    2    2    3    1    9    1    1    1      4437
   14    2    2    4    2   24    0    4    9      4213
   14    2    2    5    2   32    0    4    9       814
   14    2    2    6    2   10    0    1    9      1919
   14    2    2    7    2   17    0    3    9      1299
   14    2    2    8    2   30    0    4    9      1952
   14    2    2    9    1   21    3    3    1       819
   14    2    2   10    2   20    0    3    9      1956
   14    2    2   11    2    8    0    1    9      2295
   14    2    2   12    2   16    0    2    9      1052
   14    2    2   13    1   12    2    2    1       771
   14    2    2   14    1   12    2    2    1      1077
   14    2    2   15    2   11    0    2    9      1259
   14    2    2   16    2   24    0    4    9      2970
   14    2    2   17    1    2    1    1    1      1333
   14    2    2   18    2   14    0    1    9      1761
   14    2    2   19    1    3    2    1    0      1884
   14    2    2   20    2   14    0    1    9      1570
   14    2    2   21    2   14    0    1    9      1540
   14    2    2   22    1    6    1    1    1      1720
   14    2    2   23    1   28    4    4    1      2564
   14    2    2   24    2   24    0    4    9       687
   14    2    2   25    2    1    0    1    9      1333
   14    2    2   26    2   27    0    4    9      1360
   14    2    2   27    1    3    2    2    1      1708
   14    2    2   28    1    2    1    2    0      5497
   14    2    2   29    2    4    0    2    9      1277
   14    2    2   30    1    7    2    2    1       908
   14    2    2   31    2   23    0    4    9      1401
   14    2    2   32    1   25    4    3    0      1203
   14    2    2   33    1   15    2    2    1      1731
   14    2    2   34    1    6    1    2    0       783
   14    2    2   35    1   15    2    2    1      1841
   14    2    2   36    1    7    2    2    1       985
   14    2    2   37    1    9    1    1    1       643
   14    2    2   38    2    5    0    1    9       490
   14    2    2   39    1   31    4    4    1      1576
   14    2    2   40    2   13    0    1    9      1066
   14    2    2   41    1   19    3    4    0      1569
   14    2    2   42    1   22    3    4    0      2035
   14    2    2   43    2   29    0    4    9      1715
   14    2    2   44    2   18    0    3    9      1152
   14    2    2   45    1   21    3    4    0       851
   14    2    2   46    1   26    4    3    0      2337
   14    2    2   47    1   28    4    4    1       677
   14    2    2   48    2   24    0    4    9      1419
   14    2    2   49    1   26    4    4    1      2339
   14    2    2   50    1   22    3    3    1      1591
   14    2    2   51    2   14    0    2    9      1481
   14    2    2   52    1   19    3    4    0       959
