   10    1    1    1    1   15    2    1    0      5946
   10    1    1    2    1   31    4    2    0      2521
   10    1    1    3    1   25    4    4    1      1821
   10    1    1    4    1    6    1    2    0      1654
   10    1    1    5    1   22    3    4    0       620
   10    1    1    6    1   28    4    4    1      1532
   10    1    1    7    1    3    1    1    1      2015
   10    1    1    8    1   12    2    1    0      2351
   10    1    1    9    1   10    2    2    1      2058
   10    1    1   10    1    5    1    1    1      1401
   10    1    1   11    1    9    2    2    1      1457
   10    1    1   12    1   19    3    4    0      3096
   10    1    1   13    1   26    4    4    1      1093
   10    1    1   14    1   21    3    3    1      2810
   10    1    2    1    1   28    4    4    1      1879
   10    1    2    2    1   15    2    2    1      3645
   10    1    2    3    1   25    4    4    1      2509
   10    1    2    4    1   26    4    4    1      1625
   10    1    2    5    1   22    3    3    1      1433
   10    1    2    6    1   31    4    4    1      1969
   10    1    2    7    1   10    2    2    1      2595
   10    1    2    8    1    9    2    2    1      1805
   10    1    2    9    1   21    3    3    1      2085
   10    1    2   10    1   19    3    3    1      1794
   10    1    2   11    1    6    1    1    1      2876
   10    1    2   12    1    5    1    1    1      1386
   10    1    2   13    1   12    2    2    1      1491
   10    1    2   14    1    3    1    1    1      1129
   10    1    3    1    1   19    3    3    1      2172
   10    1    3    2    1   31    4    4    1      1302
   10    1    3    3    1    5    1    1    1      1139
   10    1    3    4    1    9    2    2    1      1414
   10    1    3    5    1   15    2    2    1      2110
   10    1    3    6    1   28    4    4    1      1195
   10    1    3    7    1   22    3    3    1      1148
   10    1    3    8    1    3    1    1    1      1166
   10    1    3    9    1    6    1    1    1      1521
   10    1    3   10    1   12    2    2    1      1364
   10    1    3   11    1   21    3    3    1      1486
   10    1    3   12    1   25    4    4    1      1044
   10    1    3   13    1   26    4    4    1      1099
   10    1    3   14    1   10    2    2    1      2112
   10    1    4    1    1   10    2    4    0      1735
   10    1    4    2    1   19    3    3    1      2682
   10    1    4    3    1    3    1    1    1       896
   10    1    4    4    1   28    4    4    1      1181
   10    1    4    5    1    9    2    2    1      1262
   10    1    4    6    1   15    2    2    1       797
   10    1    4    7    1    5    1    1    1       910
   10    1    4    8    1   12    2    2    1       762
   10    1    4    9    1   21    3    3    1       909
   10    1    4   10    1   26    4    4    1       842
   10    1    4   11    1   25    4    3    0      2313
   10    1    4   12    1   22    3    3    1      1013
   10    1    4   13    1    6    1    2    0      1053
   10    1    4   14    1   31    4    4    1      1644
   10    1    5    1    1    6    1    1    1      2688
   10    1    5    2    1   10    2    2    1      1301
   10    1    5    3    1   28    4    4    1      1826
   10    1    5    4    1   19    3    3    1      1098
   10    1    5    5    1   31    4    4    1      1230
   10    1    5    6    1   21    3    3    1      1357
   10    1    5    7    1   25    4    4    1      1448
   10    1    5    8    1    9    2    2    1      1535
   10    1    5    9    1    3    1    1    1      3154
   10    1    5   10    1    5    1    1    1      1589
   10    1    5   11    1   26    4    4    1      1447
   10    1    5   12    1   12    2    2    1      1566
   10    1    5   13    1   15    2    2    1      1200
   10    1    5   14    1   22    3    3    1      2080
   10    1    6    1    1   22    3    3    1      1966
   10    1    6    2    1    3    1    1    1      1136
   10    1    6    3    1   25    4    4    1      1459
   10    1    6    4    1    5    1    1    1      1194
   10    1    6    5    1    9    2    2    1      1180
   10    1    6    6    1    6    1    1    1      1197
   10    1    6    7    1   26    4    4    1      3005
   10    1    6    8    1   19    3    3    1       998
   10    1    6    9    1   10    2    2    1      1279
   10    1    6   10    1   31    4    4    1      1037
   10    1    6   11    1   21    3    3    1       996
   10    1    6   12    1   12    2    2    1      1389
   10    1    6   13    1   28    4    4    1      1654
   10    1    6   14    1   15    2    2    1      2517
   10    1    7    1    1   22    3    3    1      1162
   10    1    7    2    1   12    2    2    1      1245
   10    1    7    3    1    6    1    1    1      1452
   10    1    7    4    1   25    4    4    1      2579
   10    1    7    5    1   28    4    4    1      1741
   10    1    7    6    1    9    2    2    1      1256
   10    1    7    7    1   19    3    3    1      1415
   10    1    7    8    1   31    4    4    1      1310
   10    1    7    9    1   10    2    2    1      1675
   10    1    7   10    1   21    3    3    1      1977
   10    1    7   11    1    3    1    1    1      1323
   10    1    7   12    1   15    2    2    1      1335
   10    1    7   13    1   26    4    4    1      2611
   10    1    7   14    1    5    1    1    1      3755
   10    2    1    1    1   22    3    3    1      3408
   10    2    1    2    1   31    4    4    1      1272
   10    2    1    3    2   27    0    4    9      1638
   10    2    1    4    1   12    2    2    1      2421
   10    2    1    5    1   28    4    4    1      2261
   10    2    1    6    1   21    3    3    1      1580
   10    2    1    7    1    3    1    1    1      1597
   10    2    1    8    1   15    2    2    1      1373
   10    2    1    9    1   21    3    3    1      1943
   10    2    1   10    1   25    4    4    1      1674
   10    2    1   11    1    6    1    1    1      3208
   10    2    1   12    1   10    2    2    1      2121
   10    2    1   13    1    9    2    2    1      1477
   10    2    1   14    2    8    0    1    9      2027
   10    2    1   15    2   11    0    2    9      1563
   10    2    1   16    2   32    0    4    9      2333
   10    2    1   17    1    5    1    1    1      1552
   10    2    1   18    2   13    0    2    9      1763
   10    2    1   19    2   30    0    4    9      1709
   10    2    1   20    2   20    0    3    9      2937
   10    2    1   21    1   12    2    2    1      3765
   10    2    1   22    1   19    3    3    1      1903
   10    2    1   23    2   29    0    4    9      1652
   10    2    1   24    1   25    4    4    1      1634
   10    2    1   25    1   28    4    4    1      1985
   10    2    1   26    2   14    0    2    9      1443
   10    2    1   27    2    8    0    1    9      1386
   10    2    1   28    1   19    3    3    1      1987
   10    2    1   29    1   31    4    4    1      1301
   10    2    1   30    1   10    2    2    1      1121
   10    2    1   31    2    7    0    1    9      3957
   10    2    1   32    1    9    2    2    1      1400
   10    2    1   33    2    8    0    1    9      1505
   10    2    1   34    2   17    0    3    9      1301
   10    2    1   35    2    8    0    1    9      3474
   10    2    1   36    2   23    0    3    9      1736
   10    2    1   37    2   24    0    3    9      2083
   10    2    1   38    1   22    3    3    1      3041
   10    2    1   39    1    5    1    1    1      1688
   10    2    1   40    2   24    0    3    9      1413
   10    2    1   41    2   24    0    3    9      1613
   10    2    1   42    1   26    4    4    1      1533
   10    2    1   43    2    1    0    1    9      1073
   10    2    1   44    1   26    4    4    1      2119
   10    2    1   45    2    2    0    1    9      1283
   10    2    1   46    1   15    2    2    1      1408
   10    2    1   47    1    6    1    1    1      1465
   10    2    1   48    1    3    1    1    1      1535
   10    2    1   49    2   16    0    2    9      1042
   10    2    1   50    2   24    0    3    9      2377
   10    2    1   51    2    4    0    1    9      1163
   10    2    1   52    2   18    0    3    9      1261
   10    2    2    1    2   17    0    3    9      1356
   10    2    2    2    1   31    4    4    1      2951
   10    2    2    3    1   21    3    3    1      1489
   10    2    2    4    1   12    2    2    1      1414
   10    2    2    5    2    8    0    1    9      1358
   10    2    2    6    2   18    0    3    9      1161
   10    2    2    7    1   28    4    4    1      1084
   10    2    2    8    2   24    0    3    9      1249
   10    2    2    9    1    5    1    1    1      2736
   10    2    2   10    1    3    1    1    1      1235
   10    2    2   11    2   16    0    2    9      1282
   10    2    2   12    1   25    4    4    1      1440
   10    2    2   13    2   29    0    4    9      1847
   10    2    2   14    1   25    4    4    1      1182
   10    2    2   15    1   19    3    3    1      1215
   10    2    2   16    2   20    0    3    9      1119
   10    2    2   17    2    8    0    1    9      4739
   10    2    2   18    2    4    0    1    9      1158
   10    2    2   19    2   24    0    3    9      1865
   10    2    2   20    2    8    0    1    9      1231
   10    2    2   21    2   23    0    3    9      1310
   10    2    2   22    1   26    4    4    1      1051
   10    2    2   23    2    2    0    1    9       914
   10    2    2   24    2    8    0    1    9      1102
   10    2    2   25    2   24    0    3    9      1874
   10    2    2   26    1   19    3    3    1      1352
   10    2    2   27    2   24    0    3    9      2067
   10    2    2   28    1   22    3    3    1      2881
   10    2    2   29    2    7    0    1    9      1854
   10    2    2   30    1   10    2    2    1      1125
   10    2    2   31    2   27    0    4    9      1545
   10    2    2   32    2   30    0    4    9      1548
   10    2    2   33    1   12    2    2    1      1455
   10    2    2   34    2   13    0    2    9      1622
   10    2    2   35    2   32    0    4    9      1365
   10    2    2   36    1   15    2    2    1      1152
   10    2    2   37    1   28    4    4    1      1618
   10    2    2   38    1   21    3    3    1      1426
   10    2    2   39    1   15    2    2    1      1914
   10    2    2   40    1   10    2    2    1      1118
   10    2    2   41    2    1    0    1    9      1186
   10    2    2   42    2   11    0    2    9      1139
   10    2    2   43    2   14    0    2    9      1783
   10    2    2   44    1    9    2    2    1      1392
   10    2    2   45    1    9    2    2    1       985
   10    2    2   46    1   26    4    4    1      1411
   10    2    2   47    1   22    3    3    1      1036
   10    2    2   48    1    5    1    1    1      1171
   10    2    2   49    1    3    1    1    1       949
   10    2    2   50    1    6    1    1    1       959
   10    2    2   51    1   31    4    4    1      1322
   10    2    2   52    1    6    1    1    1      1958
