   16    1    1    1    1    9    1    1    1      1938
   16    1    1    2    1   19    1    2    0      1145
   16    1    1    3    1   31    2    1    0      1381
   16    1    1    4    1   15    2    2    1      1462
   16    1    1    5    1   25    2    1    0       829
   16    1    1    6    1    3    2    2    1      3157
   16    1    1    7    1   22    1    1    1      1719
   16    1    1    8    1    7    2    2    1      1155
   16    1    1    9    1   12    2    2    1      1158
   16    1    1   10    1   26    2    1    0      1113
   16    1    1   11    1    2    1    1    1      1013
   16    1    1   12    1   21    1    1    1       813
   16    1    1   13    1    6    1    2    0      2317
   16    1    1   14    1   28    2    2    1      1753
   16    1    2    1    1    7    2    2    1      1805
   16    1    2    2    1   28    2    2    1      1222
   16    1    2    3    1   21    1    1    1      1222
   16    1    2    4    1   26    2    2    1      1190
   16    1    2    5    1    3    2    2    1      1879
   16    1    2    6    1   22    1    1    1      1597
   16    1    2    7    1    9    1    2    0      1422
   16    1    2    8    1    2    1    2    0      1406
   16    1    2    9    1   15    2    2    1      1006
   16    1    2   10    1   19    1    1    1       887
   16    1    2   11    1   31    2    2    1       789
   16    1    2   12    1    6    1    1    1       838
   16    1    2   13    1   25    2    2    1       789
   16    1    2   14    1   12    2    2    1       694
   16    1    3    1    1   21    1    1    1      2353
   16    1    3    2    1   26    2    2    1       548
   16    1    3    3    1   28    2    2    1       702
   16    1    3    4    1   19    1    1    1       643
   16    1    3    5    1   22    1    1    1      1178
   16    1    3    6    1   25    2    2    1       940
   16    1    3    7    1   15    2    2    1       472
   16    1    3    8    1   12    2    2    1       934
   16    1    3    9    1    9    1    2    0       657
   16    1    3   10    1    3    2    1    0      2064
   16    1    3   11    1    2    1    2    0      1254
   16    1    3   12    1   31    2    2    1       972
   16    1    3   13    1    7    2    2    1      1286
   16    1    3   14    1    6    1    1    1      2083
   16    1    4    1    1   28    2    2    1      1933
   16    1    4    2    1    6    1    1    1      1185
   16    1    4    3    1   22    1    1    1      1298
   16    1    4    4    1   31    2    2    1      1359
   16    1    4    5    1   12    2    2    1      1289
   16    1    4    6    1    2    1    2    0      1895
   16    1    4    7    1    7    2    2    1      1956
   16    1    4    8    1   26    2    2    1      2375
   16    1    4    9    1   25    2    1    0      1593
   16    1    4   10    1   21    1    2    0      2434
   16    1    4   11    1   19    1    2    0       873
   16    1    4   12    1    9    1    1    1       719
   16    1    4   13    1   15    2    2    1      1059
   16    1    4   14    1    3    2    1    0      1114
   16    1    5    1    1    7    2    2    1       767
   16    1    5    2    1   19    1    2    0      1025
   16    1    5    3    1   26    2    2    1      1441
   16    1    5    4    1   21    1    1    1       873
   16    1    5    5    1    2    1    2    0       951
   16    1    5    6    1   28    2    2    1       825
   16    1    5    7    1    6    1    1    1       665
   16    1    5    8    1   22    1    1    1       687
   16    1    5    9    1   12    2    2    1       629
   16    1    5   10    1   15    2    2    1       717
   16    1    5   11    1    3    2    1    0       641
   16    1    5   12    1    9    1    2    0       496
   16    1    5   13    1   25    2    1    0       661
   16    1    5   14    1   31    2    2    1       420
   16    1    6    1    1    9    1    1    1      4329
   16    1    6    2    1   25    2    2    1      1645
   16    1    6    3    1   31    2    2    1      2685
   16    1    6    4    1   12    2    1    0       978
   16    1    6    5    1   22    1    1    1      1492
   16    1    6    6    1   15    2    2    1       697
   16    1    6    7    1    6    1    1    1       670
   16    1    6    8    1   19    1    1    1      1076
   16    1    6    9    1   28    2    2    1       922
   16    1    6   10    1    3    2    1    0       934
   16    1    6   11    1    2    1    2    0       745
   16    1    6   12    1    7    2    1    0      1252
   16    1    6   13    1   21    1    2    0       747
   16    1    6   14    1   26    2    2    1       646
   16    1    7    1    1    3    2    1    0       771
   16    1    7    2    1   21    1    2    0       589
   16    1    7    3    1    6    1    1    1       638
   16    1    7    4    1   15    2    2    1      1334
   16    1    7    5    1   31    2    2    1      1937
   16    1    7    6    1   12    2    1    0      2228
   16    1    7    7    1   19    1    1    1      2852
   16    1    7    8    1   25    2    1    0      1235
   16    1    7    9    1   22    1    2    0       682
   16    1    7   10    1    7    2    1    0       536
   16    1    7   11    1   26    2    2    1       732
   16    1    7   12    1    9    1    2    0       703
   16    1    7   13    1   28    2    1    0       715
   16    1    7   14    1    2    1    2    0       439
   16    1    8    1    1    7    2    1    0      2572
   16    1    8    2    1    6    1    1    1       814
   16    1    8    3    1   12    2    2    1      3598
   16    1    8    4    1   15    2    2    1      1056
   16    1    8    5    1    9    1    2    0      1271
   16    1    8    6    1   19    1    2    0       813
   16    1    8    7    1   31    2    2    1      1765
   16    1    8    8    1   21    1    1    1      1023
   16    1    8    9    1   28    2    2    1      1335
   16    1    8   10    1    3    2    1    0      1651
   16    1    8   11    1   22    1    2    0      1034
   16    1    8   12    1   25    2    1    0       441
   16    1    8   13    1    2    1    2    0       785
   16    1    8   14    1   26    2    1    0       554
   16    1    9    1    1   28    2    2    1       946
   16    1    9    2    1   26    2    2    1      1469
   16    1    9    3    1   19    1    1    1      1315
   16    1    9    4    1   12    2    2    1      1439
   16    1    9    5    1    7    2    2    1      1335
   16    1    9    6    1    3    2    1    0      1314
   16    1    9    7    1    2    1    1    1       998
   16    1    9    8    1    6    1    1    1      1199
   16    1    9    9    1   22    1    1    1      1392
   16    1    9   10    1   25    2    2    1      1305
   16    1    9   11    1    9    1    1    1      2406
   16    1    9   12    1   21    1    1    1      1446
   16    1    9   13    1   31    2    2    1       989
   16    1    9   14    1   15    2    2    1      1622
   16    1   10    1    1    9    1    2    0      1174
   16    1   10    2    1   31    2    1    0       816
   16    1   10    3    1   22    1    2    0       536
   16    1   10    4    1   28    2    2    1       267
   16    1   10    5    1    6    1    1    1      1009
   16    1   10    6    1    7    2    2    1      1658
   16    1   10    7    1   26    2    2    1      1784
   16    1   10    8    1   19    1    1    1       898
   16    1   10    9    1   12    2    2    1       830
   16    1   10   10    1   15    2    2    1      1374
   16    1   10   11    1    2    1    1    1       536
   16    1   10   12    1   21    1    2    0       868
   16    1   10   13    1   25    2    1    0       666
   16    1   10   14    1    3    2    2    1       488
   16    2    1    1    2    5    0    1    9      1217
   16    2    1    2    2    1    0    1    9      1152
   16    2    1    3    2   24    0    2    9       755
   16    2    1    4    1    9    1    2    0      1478
   16    2    1    5    2    8    0    2    9      1436
   16    2    1    6    2   32    0    1    9       644
   16    2    1    7    2   14    0    2    9      1179
   16    2    1    8    1    2    1    1    1       685
   16    2    1    9    1    3    2    1    0       994
   16    2    1   10    1    9    1    1    1      1003
   16    2    1   11    1   19    1    2    0       964
   16    2    1   12    1   12    2    2    1       719
   16    2    1   13    1   21    1    2    0       771
   16    2    1   14    1    6    1    1    1       341
   16    2    1   15    2   13    0    1    9       552
   16    2    1   16    2   14    0    1    9       947
   16    2    1   17    1   28    2    2    1       590
   16    2    1   18    1   21    1    2    0       903
   16    2    1   19    1   19    1    1    1       388
   16    2    1   20    1   15    2    2    1       757
   16    2    1   21    1    6    1    1    1       696
   16    2    1   22    1   26    2    1    0       781
   16    2    1   23    2   17    0    2    9       479
   16    2    1   24    1    7    2    1    0       397
   16    2    1   25    1   22    1    1    1       317
   16    2    1   26    2   16    0    2    9       673
   16    2    1   27    2   14    0    1    9       247
   16    2    1   28    2    4    0    2    9       350
   16    2    1   29    1   26    2    2    1       353
   16    2    1   30    1   28    2    2    1       499
   16    2    1   31    2   20    0    1    9       400
   16    2    1   32    1   25    2    1    0       496
   16    2    1   33    2   30    0    2    9       477
   16    2    1   34    1   15    2    1    0      1131
   16    2    1   35    2   24    0    2    9       335
   16    2    1   36    1   31    2    1    0       323
   16    2    1   37    2   11    0    1    9       246
   16    2    1   38    1    3    2    1    0       285
   16    2    1   39    2   24    0    2    9       147
   16    2    1   40    1   31    2    2    1         0
   16    2    1   41    2   23    0    2    9       303
   16    2    1   42    1    2    1    1    1       244
   16    2    1   43    1    7    2    2    1       763
   16    2    1   44    2   14    0    1    9       334
   16    2    1   45    1   25    2    2    1       353
   16    2    1   46    2   24    0    2    9       452
   16    2    1   47    1   12    2    1    0       355
   16    2    1   48    2   18    0    2    9       278
   16    2    1   49    2   10    0    1    9       300
   16    2    1   50    1   22    1    1    1       321
   16    2    1   51    2   27    0    1    9       293
   16    2    1   52    2   29    0    2    9       315
   16    2    2    1    1   26    2    1    0       240
   16    2    2    2    1    6    1    2    0       199
   16    2    2    3    2    8    0    2    9       209
   16    2    2    4    2   13    0    2    9       218
   16    2    2    5    2    1    0    1    9       194
   16    2    2    6    2   24    0    1    9       187
   16    2    2    7    1   22    1    2    0       228
   16    2    2    8    2   14    0    1    9       204
   16    2    2    9    1    2    1    2    0       245
   16    2    2   10    2   10    0    2    9       205
   16    2    2   11    1   25    2    2    1       262
   16    2    2   12    1    3    2    2    1       333
   16    2    2   13    1   15    2    1    0       352
   16    2    2   14    2   23    0    2    9       211
   16    2    2   15    1   21    1    2    0       268
   16    2    2   16    2   30    0    1    9       226
   16    2    2   17    2   32    0    2    9       202
   16    2    2   18    1   28    2    1    0       227
   16    2    2   19    1    9    1    2    0       219
   16    2    2   20    1   22    1    1    1       211
   16    2    2   21    1   19    1    1    1       203
   16    2    2   22    1   21    1    1    1       213
   16    2    2   23    2   14    0    1    9       221
   16    2    2   24    1    7    2    2    1       213
   16    2    2   25    2    4    0    2    9       221
   16    2    2   26    1    2    1    2    0       181
   16    2    2   27    1   12    2    1    0       175
   16    2    2   28    1    3    2    1    0       121
   16    2    2   29    1   31    2    2    1       197
   16    2    2   30    2   14    0    2    9       142
   16    2    2   31    2   17    0    1    9        73
   16    2    2   32    2   24    0    1    9       263
   16    2    2   33    2   11    0    1    9       365
   16    2    2   34    1   28    2    2    1       159
   16    2    2   35    2    5    0    2    9       281
   16    2    2   36    1   25    2    2    1       159
   16    2    2   37    1   26    2    1    0       201
   16    2    2   38    2   18    0    2    9        66
   16    2    2   39    2   20    0    1    9         0
   16    2    2   40    1   15    2    1    0       226
   16    2    2   41    2   24    0    2    9        26
   16    2    2   42    2   29    0    2    9       234
   16    2    2   43    2   16    0    2    9       226
   16    2    2   44    1    9    1    2    0       298
   16    2    2   45    2   27    0    1    9       383
   16    2    2   46    1    6    1    1    1       385
   16    2    2   47    2   24    0    1    9       258
   16    2    2   48    1   31    2    2    1       425
   16    2    2   49    1    7    2    2    1       458
   16    2    2   50    1   12    2    2    1       377
   16    2    2   51    2   14    0    2    9       267
   16    2    2   52    1   19    1    1    1      2001
