   46    1    1    1    1    3    2    1    0      5018
   46    1    1    2    1   22    3    1    0      4918
   46    1    1    3    1    2    1    2    0      2483
   46    1    1    4    1    9    1    1    1      1408
   46    1    1    5    1   21    3    1    0      1185
   46    1    1    6    1    7    2    3    0      2715
   46    1    1    7    1   19    3    2    0      3263
   46    1    1    8    1   25    4    2    0      4157
   46    1    1    9    1   15    2    3    0      2800
   46    1    1   10    1   12    2    4    0      7033
   46    1    1   11    1    6    1    2    0      4160
   46    1    1   12    1   31    4    4    1      5067
   46    1    1   13    1   28    4    4    1      7833
   46    1    1   14    1   26    4    2    0      3664
   46    1    2    1    1   31    4    4    1      2132
   46    1    2    2    1   19    3    2    0      4495
   46    1    2    3    1   21    3    3    1      1789
   46    1    2    4    1   15    2    2    1      1670
   46    1    2    5    1    7    2    1    0       964
   46    1    2    6    1   22    3    3    1       927
   46    1    2    7    1   25    4    4    1       723
   46    1    2    8    1   28    4    4    1      1167
   46    1    2    9    1    3    2    1    0      1361
   46    1    2   10    1   12    2    1    0      2428
   46    1    2   11    1   26    4    4    1      1404
   46    1    2   12    1    2    1    2    0      1045
   46    1    2   13    1    6    1    2    0      2204
   46    1    2   14    1    9    1    1    1      1468
   46    1    3    1    1    7    2    2    1      1491
   46    1    3    2    1    6    1    2    0      1897
   46    1    3    3    1   21    3    3    1      1270
   46    1    3    4    1   19    3    3    1      1852
   46    1    3    5    1   25    4    4    1      1051
   46    1    3    6    1   12    2    2    1      1369
   46    1    3    7    1    2    1    1    1      1020
   46    1    3    8    1   31    4    4    1      1492
   46    1    3    9    1    3    2    2    1      1833
   46    1    3   10    1   15    2    2    1      1281
   46    1    3   11    1   26    4    4    1      1430
   46    1    3   12    1   22    3    3    1      2966
   46    1    3   13    1   28    4    4    1      1032
   46    1    3   14    1    9    1    1    1      3680
   46    1    4    1    1    9    1    1    1      1698
   46    1    4    2    1    2    1    1    1      2023
   46    1    4    3    1    7    2    2    1      1023
   46    1    4    4    1   15    2    2    1      1552
   46    1    4    5    1   25    4    4    1      1594
   46    1    4    6    1   28    4    4    1       980
   46    1    4    7    1    6    1    1    1      2926
   46    1    4    8    1   26    4    4    1      2130
   46    1    4    9    1   12    2    2    1      2390
   46    1    4   10    1   19    3    3    1      3191
   46    1    4   11    1   31    4    4    1       921
   46    1    4   12    1   21    3    3    1      2644
   46    1    4   13    1    3    2    2    1      2748
   46    1    4   14    1   22    3    3    1      1727
   46    1    5    1    1   26    4    4    1      2669
   46    1    5    2    1   25    4    4    1       900
   46    1    5    3    1    6    1    1    1      4152
   46    1    5    4    1    7    2    2    1       835
   46    1    5    5    1   19    3    3    1      1123
   46    1    5    6    1   28    4    4    1       822
   46    1    5    7    1   12    2    2    1      1414
   46    1    5    8    1   31    4    4    1      1143
   46    1    5    9    1   22    3    3    1      1570
   46    1    5   10    1   15    2    2    1      1204
   46    1    5   11    1   21    3    3    1      1876
   46    1    5   12    1    3    2    2    1      1507
   46    1    5   13    1    9    1    1    1      1703
   46    1    5   14    1    2    1    1    1      1956
   46    1    6    1    1    9    1    1    1      1532
   46    1    6    2    1   15    2    2    1      1990
   46    1    6    3    1    7    2    2    1       735
   46    1    6    4    1   28    4    4    1       771
   46    1    6    5    1   21    3    3    1       789
   46    1    6    6    1   19    3    4    0      2630
   46    1    6    7    1    2    1    1    1      2110
   46    1    6    8    1    3    2    2    1      1155
   46    1    6    9    1   26    4    3    0      1334
   46    1    6   10    1    6    1    1    1      2073
   46    1    6   11    1   22    3    4    0      1895
   46    1    6   12    1   12    2    2    1      1668
   46    1    6   13    1   25    4    4    1      1146
   46    1    6   14    1   31    4    4    1      1214
   46    1    7    1    1   25    4    4    1       840
   46    1    7    2    1   19    3    4    0      1872
   46    1    7    3    1    2    1    1    1      1662
   46    1    7    4    1   21    3    4    0      3460
   46    1    7    5    1   22    3    3    1      1411
   46    1    7    6    1   31    4    4    1       932
   46    1    7    7    1    7    2    2    1      1079
   46    1    7    8    1    9    1    1    1      1309
   46    1    7    9    1    6    1    1    1       986
   46    1    7   10    1   15    2    2    1       867
   46    1    7   11    1   28    4    4    1       897
   46    1    7   12    1   26    4    4    1      2518
   46    1    7   13    1    3    2    2    1      1594
   46    1    7   14    1   12    2    2    1       940
   46    1    8    1    1   31    4    4    1      1174
   46    1    8    2    1   12    2    2    1      1136
   46    1    8    3    1   19    3    3    1      2931
   46    1    8    4    1   26    4    4    1       871
   46    1    8    5    1   22    3    4    0      1701
   46    1    8    6    1    7    2    2    1      2561
   46    1    8    7    1    9    1    1    1      1604
   46    1    8    8    1    3    2    2    1       900
   46    1    8    9    1    6    1    1    1      1697
   46    1    8   10    1    2    1    1    1      1070
   46    1    8   11    1   28    4    4    1      1140
   46    1    8   12    1   15    2    2    1      1287
   46    1    8   13    1   21    3    3    1      2429
   46    1    8   14    1   25    4    4    1      2485
   46    1    9    1    1    9    1    1    1      1136
   46    1    9    2    1   22    3    3    1      1092
   46    1    9    3    1    7    2    2    1       858
   46    1    9    4    1   26    4    4    1      1800
   46    1    9    5    1    2    1    1    1      3393
   46    1    9    6    1    6    1    1    1       666
   46    1    9    7    1   28    4    4    1       904
   46    1    9    8    1   15    2    2    1      1173
   46    1    9    9    1   12    2    2    1       967
   46    1    9   10    1   31    4    4    1      2161
   46    1    9   11    1   19    3    3    1      2044
   46    1    9   12    1    3    2    2    1      1115
   46    1    9   13    1   25    4    4    1      3351
   46    1    9   14    1   21    3    4    0      2746
   46    1   10    1    1   15    2    2    1      1328
   46    1   10    2    1   12    2    2    1       764
   46    1   10    3    1    2    1    1    1      1782
   46    1   10    4    1   21    3    3    1      1048
   46    1   10    5    1   25    4    4    1      1159
   46    1   10    6    1   26    4    4    1      1617
   46    1   10    7    1    6    1    1    1      2081
   46    1   10    8    1    3    2    2    1      1415
   46    1   10    9    1    7    2    2    1      1455
   46    1   10   10    1    9    1    1    1      1029
   46    1   10   11    1   22    3    3    1      3365
   46    1   10   12    1   28    4    4    1       887
   46    1   10   13    1   31    4    4    1       877
   46    1   10   14    1   19    3    3    1      1978
   46    2    1    1    1   22    3    3    1      4109
   46    2    1    2    1   15    2    2    1      2224
   46    2    1    3    1   31    4    4    1      1664
   46    2    1    4    2   14    0    1    9      2054
   46    2    1    5    2   24    0    4    9      9893
   46    2    1    6    1    6    1    1    1      5138
   46    2    1    7    1    6    1    1    1      1285
   46    2    1    8    1   25    4    4    1      1923
   46    2    1    9    1    3    2    2    1      1799
   46    2    1   10    1   25    4    4    1      1192
   46    2    1   11    1    7    2    2    1      1090
   46    2    1   12    2   16    0    2    9       895
   46    2    1   13    1   12    2    3    0      5892
   46    2    1   14    1   28    4    4    1      3490
   46    2    1   15    1    2    1    1    1      1343
   46    2    1   16    2    8    0    2    9      1546
   46    2    1   17    1    3    2    2    1      1230
   46    2    1   18    1   12    2    2    1       910
   46    2    1   19    1   21    3    3    1       962
   46    2    1   20    2   13    0    1    9      1445
   46    2    1   21    1   26    4    3    0      1613
   46    2    1   22    2   14    0    2    9      1397
   46    2    1   23    2   10    0    2    9       998
   46    2    1   24    2   11    0    2    9      2119
   46    2    1   25    2   17    0    3    9      1499
   46    2    1   26    2   29    0    4    9      1368
   46    2    1   27    2   24    0    4    9      3826
   46    2    1   28    2   24    0    3    9       770
   46    2    1   29    2   32    0    4    9      3700
   46    2    1   30    1    9    1    1    1      1513
   46    2    1   31    2   24    0    4    9      1653
   46    2    1   32    1   19    3    3    1      2028
   46    2    1   33    2   23    0    3    9      2228
   46    2    1   34    2    4    0    2    9      1372
   46    2    1   35    2   30    0    4    9       942
   46    2    1   36    2    1    0    1    9      2241
   46    2    1   37    1   21    3    2    0       680
   46    2    1   38    2    5    0    3    9      2350
   46    2    1   39    1   31    4    4    1       665
   46    2    1   40    1   26    4    4    1      1303
   46    2    1   41    1   19    3    3    1      1595
   46    2    1   42    2   27    0    4    9      1205
   46    2    1   43    2   14    0    1    9      2237
   46    2    1   44    1   22    3    3    1      1853
   46    2    1   45    2   18    0    2    9       748
   46    2    1   46    1    7    2    2    1      1990
   46    2    1   47    2   14    0    2    9      1320
   46    2    1   48    1    2    1    1    1      2347
   46    2    1   49    1    9    1    1    1       782
   46    2    1   50    2   20    0    3    9      1887
   46    2    1   51    1   28    4    4    1      1029
   46    2    1   52    1   15    2    2    1      1149
   46    2    2    1    2   29    0    4    9      1864
   46    2    2    2    1   21    3    3    1      2254
   46    2    2    3    2   24    0    4    9      1261
   46    2    2    4    2   17    0    3    9      1900
   46    2    2    5    1   25    4    4    1       841
   46    2    2    6    1    7    2    2    1      1017
   46    2    2    7    1    2    1    1    1      1640
   46    2    2    8    1   22    3    3    1      4520
   46    2    2    9    1   21    3    3    1      1228
   46    2    2   10    1   28    4    4    1       692
   46    2    2   11    1   31    4    4    1      1065
   46    2    2   12    1    6    1    1    1      3543
   46    2    2   13    2    1    0    1    9       819
   46    2    2   14    1   22    3    3    1      1946
   46    2    2   15    2   24    0    4    9      4446
   46    2    2   16    2   18    0    3    9      1797
   46    2    2   17    1   25    4    3    0      1871
   46    2    2   18    1    6    1    1    1      3748
   46    2    2   19    1    3    2    2    1      1087
   46    2    2   20    1   26    4    4    1      3277
   46    2    2   21    2    4    0    2    9       915
   46    2    2   22    2   14    0    1    9      1670
   46    2    2   23    1   28    4    4    1      1269
   46    2    2   24    2   14    0    1    9      1683
   46    2    2   25    2   11    0    2    9      1984
   46    2    2   26    1    7    2    2    1      2041
   46    2    2   27    2   10    0    1    9      2649
   46    2    2   28    2   23    0    4    9      7231
   46    2    2   29    1   15    2    1    0      2599
   46    2    2   30    1    9    1    1    1      1455
   46    2    2   31    1    3    2    2    1      1086
   46    2    2   32    1   19    3    3    1      1500
   46    2    2   33    2   14    0    1    9      1792
   46    2    2   34    1   15    2    2    1      1305
   46    2    2   35    2   20    0    3    9      1614
   46    2    2   36    2    8    0    2    9      2046
   46    2    2   37    1    2    1    1    1      1630
   46    2    2   38    1   31    4    4    1      1574
   46    2    2   39    1   19    3    3    1      1456
   46    2    2   40    2   13    0    1    9      1262
   46    2    2   41    1   26    4    4    1      3397
   46    2    2   42    2   24    0    4    9      1758
   46    2    2   43    2    5    0    1    9      3081
   46    2    2   44    2   16    0    2    9      2750
   46    2    2   45    1   12    2    1    0      1425
   46    2    2   46    2   32    0    4    9      2385
   46    2    2   47    2   27    0    4    9      2818
   46    2    2   48    2   24    0    3    9      2091
   46    2    2   49    1   12    2    2    1      2441
   46    2    2   50    2   30    0    4    9      1344
   46    2    2   51    1    9    1    1    1      1243
   46    2    2   52    2   14    0    1    9      1474
