   14    1    1    1    1   25    3    1    0     19172
   14    1    1    2    1   28    4    1    0     13949
   14    1    1    3    1    2    1    1    1      3554
   14    1    1    4    1    6    1    2    0      4829
   14    1    1    5    1   12    2    4    0      3639
   14    1    1    6    1   18    3    3    1      5655
   14    1    1    7    1   22    3    3    1      2238
   14    1    1    8    1   19    4    3    0      7262
   14    1    1    9    1   23    4    2    0      7734
   14    1    1   10    1    3    2    3    0     11011
   14    1    1   11    1   31    4    2    0      7421
   14    1    1   12    1   15    2    4    0      2959
   14    1    1   13    1    9    1    3    0      6682
   14    1    1   14    1    7    2    1    0      1984
   14    1    2    1    1   25    3    3    1      7040
   14    1    2    2    1   28    4    4    1      3418
   14    1    2    3    1    2    1    2    0      4571
   14    1    2    4    1   19    4    2    0      2782
   14    1    2    5    1   23    4    4    1      3560
   14    1    2    6    1   12    2    3    0      2459
   14    1    2    7    1    7    2    3    0      2746
   14    1    2    8    1   22    3    2    0     21022
   14    1    2    9    1    6    1    3    0      7201
   14    1    2   10    1   18    3    1    0      2932
   14    1    2   11    1    9    1    3    0     22207
   14    1    2   12    1   15    2    2    1     34931
   14    1    2   13    1   31    4    2    0      2044
   14    1    2   14    1    3    2    3    0      5667
   14    1    3    1    1   19    4    4    1     55095
   14    1    3    2    1   22    3    3    1     16260
   14    1    3    3    1    7    2    2    1     16189
   14    1    3    4    1    6    1    1    1     22049
   14    1    3    5    1   12    2    2    1      2763
   14    1    3    6    1   31    4    3    0     14054
   14    1    3    7    1   23    4    4    1      1695
   14    1    3    8    1    2    1    1    1      2341
   14    1    3    9    1   18    3    1    0      1288
   14    1    3   10    1   28    4    4    1      1590
   14    1    3   11    1   25    3    3    1      1104
   14    1    3   12    1   15    2    2    1      1389
   14    1    3   13    1    3    2    2    1      1415
   14    1    3   14    1    9    1    1    1      1127
   14    1    4    1    1   18    3    3    1      6241
   14    1    4    2    1   15    2    2    1      1938
   14    1    4    3    1    7    2    2    1      1838
   14    1    4    4    1    2    1    1    1      2022
   14    1    4    5    1   22    3    3    1      1919
   14    1    4    6    1    9    1    1    1      1891
   14    1    4    7    1    6    1    1    1      1289
   14    1    4    8    1    3    2    2    1      1903
   14    1    4    9    1   19    4    4    1      3028
   14    1    4   10    1   28    4    4    1      1172
   14    1    4   11    1   23    4    4    1      2503
   14    1    4   12    1   25    3    3    1      1772
   14    1    4   13    1   31    4    4    1      3623
   14    1    4   14    1   12    2    2    1      1528
   14    1    5    1    1   19    4    4    1      4595
   14    1    5    2    1   23    4    4    1       709
   14    1    5    3    1   15    2    2    1      5770
   14    1    5    4    1   31    4    4    1      1189
   14    1    5    5    1    9    1    1    1       831
   14    1    5    6    1    2    1    1    1       982
   14    1    5    7    1   25    3    3    1      1152
   14    1    5    8    1    6    1    1    1      1163
   14    1    5    9    1   28    4    4    1      1502
   14    1    5   10    1    3    2    2    1      1091
   14    1    5   11    1    7    2    2    1       969
   14    1    5   12    1   12    2    2    1      1667
   14    1    5   13    1   18    3    3    1      2026
   14    1    5   14    1   22    3    3    1      1698
   14    1    6    1    1   25    3    3    1      5108
   14    1    6    2    1   18    3    3    1       762
   14    1    6    3    1   23    4    4    1       797
   14    1    6    4    1    9    1    1    1       974
   14    1    6    5    1   15    2    2    1       856
   14    1    6    6    1    7    2    2    1       616
   14    1    6    7    1    2    1    1    1      3408
   14    1    6    8    1    6    1    1    1       882
   14    1    6    9    1   19    4    4    1      1311
   14    1    6   10    1   22    3    3    1       852
   14    1    6   11    1   31    4    4    1       699
   14    1    6   12    1   28    4    4    1       800
   14    1    6   13    1   12    2    2    1      1169
   14    1    6   14    1    3    2    2    1      1332
   14    2    1    1    2   14    0    1    9      3618
   14    2    1    2    2   10    0    1    9       690
   14    2    1    3    1   18    3    3    1      3024
   14    2    1    4    2   21    0    3    9      1313
   14    2    1    5    1   18    3    3    1      2358
   14    2    1    6    2   14    0    1    9      1785
   14    2    1    7    2    1    0    1    9      1515
   14    2    1    8    1   12    2    2    1      1279
   14    2    1    9    1   22    3    3    1      4165
   14    2    1   10    1   28    4    4    1       984
   14    2    1   11    2   17    0    3    9      1066
   14    2    1   12    1    6    1    1    1      3520
   14    2    1   13    1    3    2    2    1      1053
   14    2    1   14    1   22    3    3    1      5332
   14    2    1   15    1   15    2    2    1      1272
   14    2    1   16    2   27    0    4    9      2798
   14    2    1   17    2   30    0    3    9      1064
   14    2    1   18    1    6    1    1    1      1151
   14    2    1   19    2   20    0    4    9      1346
   14    2    1   20    1   12    2    2    1      1910
   14    2    1   21    1   23    4    4    1       947
   14    2    1   22    2   13    0    1    9      2734
   14    2    1   23    2   32    0    4    9       922
   14    2    1   24    2   11    0    2    9      1007
   14    2    1   25    2   30    0    3    9      1919
   14    2    1   26    1    2    1    1    1      1988
   14    2    1   27    2   26    0    3    9      1566
   14    2    1   28    2    5    0    1    9      1216
   14    2    1   29    1   31    4    4    1      3105
   14    2    1   30    2   14    0    1    9      2934
   14    2    1   31    1   19    4    4    1      1082
   14    2    1   32    1   31    4    4    1       711
   14    2    1   33    1   25    3    3    1       748
   14    2    1   34    1    9    1    1    1       895
   14    2    1   35    1    2    1    1    1       789
   14    2    1   36    2    4    0    2    9      1079
   14    2    1   37    1   15    2    2    1       957
   14    2    1   38    2   14    0    1    9      1184
   14    2    1   39    2   29    0    3    9      1130
   14    2    1   40    2   30    0    3    9       926
   14    2    1   41    2   24    0    4    9       755
   14    2    1   42    1    7    2    2    1       750
   14    2    1   43    1    3    2    2    1       641
   14    2    1   44    1   28    4    4    1      1321
   14    2    1   45    1    7    2    2    1      1526
   14    2    1   46    1   25    3    3    1      1082
   14    2    1   47    1   23    4    4    1      1520
   14    2    1   48    2   16    0    2    9      1076
   14    2    1   49    1    9    1    1    1      1258
   14    2    1   50    1   19    4    3    0      1130
   14    2    1   51    2   30    0    3    9      1806
   14    2    1   52    2    8    0    2    9      1351
   14    2    2    1    1    3    2    2    1      1410
   14    2    2    2    2    4    0    2    9      1035
   14    2    2    3    1    6    1    1    1       955
   14    2    2    4    1   12    2    2    1      3382
   14    2    2    5    1   25    3    3    1      1664
   14    2    2    6    1    2    1    1    1      3574
   14    2    2    7    2   27    0    4    9      1105
   14    2    2    8    2   14    0    1    9      1710
   14    2    2    9    1    2    1    1    1       627
   14    2    2   10    1   23    4    4    1      1819
   14    2    2   11    1   28    4    4    1      1283
   14    2    2   12    2   20    0    4    9       561
   14    2    2   13    1    9    1    1    1       916
   14    2    2   14    2   29    0    3    9       809
   14    2    2   15    1   31    4    4    1       890
   14    2    2   16    2   14    0    1    9      1519
   14    2    2   17    2   16    0    2    9      1028
   14    2    2   18    2   14    0    1    9      1820
   14    2    2   19    2   24    0    4    9       852
   14    2    2   20    2    8    0    2    9      1059
   14    2    2   21    1   31    4    4    1      1283
   14    2    2   22    2   21    0    3    9       808
   14    2    2   23    1   23    4    4    1      1217
   14    2    2   24    2    1    0    1    9       897
   14    2    2   25    2   30    0    3    9      1247
   14    2    2   26    1    6    1    1    1      1302
   14    2    2   27    1   28    4    4    1       915
   14    2    2   28    1   18    3    3    1      2936
   14    2    2   29    2   17    0    3    9      1253
   14    2    2   30    1    7    2    2    1       820
   14    2    2   31    1   22    3    3    1      1548
   14    2    2   32    1    7    2    2    1      2311
   14    2    2   33    1   19    4    3    0       860
   14    2    2   34    2   30    0    3    9      2051
   14    2    2   35    2   11    0    2    9      1082
   14    2    2   36    2   32    0    4    9      1128
   14    2    2   37    2    5    0    1    9       828
   14    2    2   38    1    9    1    1    1       861
   14    2    2   39    2   30    0    3    9       964
   14    2    2   40    1   19    4    4    1       854
   14    2    2   41    1   25    3    3    1       709
   14    2    2   42    1   12    2    2    1       611
   14    2    2   43    2   30    0    3    9       796
   14    2    2   44    1   15    2    2    1       709
   14    2    2   45    1   15    2    2    1       618
   14    2    2   46    2   13    0    1    9       515
   14    2    2   47    2   26    0    3    9       703
   14    2    2   48    1    3    2    2    1       660
   14    2    2   49    1   18    3    3    1      2091
   14    2    2   50    2   14    0    1    9      1249
   14    2    2   51    2   10    0    1    9       720
   14    2    2   52    1   22    3    3    1       916
