   37    1    1    1    1   22    3    1    0      6539
   37    1    1    2    1   31    4    3    0      4306
   37    1    1    3    1    9    1    2    0      3919
   37    1    1    4    1   15    2    4    0      2234
   37    1    1    5    1   19    3    3    1       890
   37    1    1    6    1   25    4    4    1       327
   37    1    1    7    1   12    2    2    1       747
   37    1    1    8    1    7    2    1    0       349
   37    1    1    9    1    3    2    2    1      1175
   37    1    1   10    1    6    1    1    1      1849
   37    1    1   11    1   21    3    3    1       640
   37    1    1   12    1   28    4    4    1       615
   37    1    1   13    1    2    1    1    1       895
   37    1    1   14    1   26    4    3    0       813
   37    1    2    1    1   25    4    3    0      1126
   37    1    2    2    1   12    2    2    1      3330
   37    1    2    3    1    6    1    1    1      2461
   37    1    2    4    1   26    4    4    1      1292
   37    1    2    5    1    3    2    2    1      1513
   37    1    2    6    1   28    4    4    1      1597
   37    1    2    7    1   21    3    1    0      1486
   37    1    2    8    1    2    1    1    1      3243
   37    1    2    9    1   22    3    3    1      1034
   37    1    2   10    1   31    4    4    1      1010
   37    1    2   11    1   15    2    2    1       682
   37    1    2   12    1   19    3    4    0      1424
   37    1    2   13    1    9    1    2    0      2800
   37    1    2   14    1    7    2    4    0      2904
   37    1    3    1    1   22    3    1    0      1401
   37    1    3    2    1    9    1    1    1      1577
   37    1    3    3    1    3    2    1    0      2171
   37    1    3    4    1    6    1    1    1      2445
   37    1    3    5    1   28    4    4    1       876
   37    1    3    6    1    7    2    2    1      1754
   37    1    3    7    1   12    2    2    1      1077
   37    1    3    8    1   21    3    3    1      1883
   37    1    3    9    1   25    4    3    0      2000
   37    1    3   10    1   31    4    4    1      1225
   37    1    3   11    1    2    1    1    1      1848
   37    1    3   12    1   26    4    4    1      2478
   37    1    3   13    1   15    2    2    1      1069
   37    1    3   14    1   19    3    3    1      1618
   37    1    4    1    1   22    3    3    1      2446
   37    1    4    2    1    6    1    1    1      1437
   37    1    4    3    1   12    2    2    1      2276
   37    1    4    4    1   28    4    4    1      1130
   37    1    4    5    1   26    4    4    1      2573
   37    1    4    6    1   25    4    3    0      1815
   37    1    4    7    1   19    3    3    1      1495
   37    1    4    8    1   21    3    3    1      1388
   37    1    4    9    1    2    1    1    1       870
   37    1    4   10    1   15    2    2    1       564
   37    1    4   11    1    7    2    2    1      1630
   37    1    4   12    1   31    4    4    1       861
   37    1    4   13    1    9    1    1    1      1403
   37    1    4   14    1    3    2    1    0      1668
   37    1    5    1    1   26    4    1    0      1618
   37    1    5    2    1    7    2    2    1      2090
   37    1    5    3    1   21    3    3    1      1623
   37    1    5    4    1   25    4    3    0      1239
   37    1    5    5    1   15    2    2    1      2350
   37    1    5    6    1   22    3    1    0      1409
   37    1    5    7    1   19    3    3    1       946
   37    1    5    8    1    3    2    3    0       637
   37    1    5    9    1   31    4    4    1      1212
   37    1    5   10    1   28    4    4    1      2125
   37    1    5   11    1   12    2    2    1      3929
   37    1    5   12    1    6    1    2    0      2029
   37    1    5   13    1    9    1    1    1      2324
   37    1    5   14    1    2    1    1    1       601
   37    1    6    1    1    6    1    1    1       956
   37    1    6    2    1   19    3    3    1      1063
   37    1    6    3    1   25    4    3    0      2461
   37    1    6    4    1   26    4    3    0      2068
   37    1    6    5    1   21    3    3    1       826
   37    1    6    6    1   31    4    4    1      1210
   37    1    6    7    1   15    2    2    1       890
   37    1    6    8    1    7    2    1    0       935
   37    1    6    9    1    3    2    2    1      1355
   37    1    6   10    1    9    1    1    1      1573
   37    1    6   11    1   28    4    4    1      1479
   37    1    6   12    1    2    1    1    1      1133
   37    1    6   13    1   12    2    1    0      1792
   37    1    6   14    1   22    3    3    1      1426
   37    1    7    1    1    9    1    1    1      2322
   37    1    7    2    1   31    4    4    1      1830
   37    1    7    3    1   15    2    2    1      2861
   37    1    7    4    1   19    3    3    1      2284
   37    1    7    5    1    7    2    2    1      2497
   37    1    7    6    1    2    1    1    1      1614
   37    1    7    7    1   25    4    4    1      2574
   37    1    7    8    1   26    4    4    1      1448
   37    1    7    9    1   12    2    2    1      1374
   37    1    7   10    1   28    4    4    1      1288
   37    1    7   11    1    3    2    2    1      3829
   37    1    7   12    1   22    3    3    1      1357
   37    1    7   13    1   21    3    3    1      1351
   37    1    7   14    1    6    1    1    1      1569
   37    1    8    1    1    9    1    1    1      2324
   37    1    8    2    1    2    1    1    1      2616
   37    1    8    3    1   15    2    2    1      3216
   37    1    8    4    1   22    3    3    1      1280
   37    1    8    5    1   12    2    2    1      1245
   37    1    8    6    1   21    3    3    1       780
   37    1    8    7    1    3    2    2    1      1246
   37    1    8    8    1    6    1    1    1      1485
   37    1    8    9    1   26    4    4    1      1058
   37    1    8   10    1   19    3    3    1      1625
   37    1    8   11    1   25    4    4    1      1017
   37    1    8   12    1    7    2    2    1      1073
   37    1    8   13    1   31    4    4    1      2295
   37    1    8   14    1   28    4    4    1      2012
   37    1    9    1    1    7    2    2    1      2070
   37    1    9    2    1    9    1    1    1      1348
   37    1    9    3    1   19    3    3    1      1726
   37    1    9    4    1   15    2    2    1      1434
   37    1    9    5    1   22    3    3    1      4129
   37    1    9    6    1    3    2    2    1      1565
   37    1    9    7    1   21    3    3    1      1343
   37    1    9    8    1   12    2    2    1      1578
   37    1    9    9    1   25    4    4    1      1548
   37    1    9   10    1    6    1    1    1      1534
   37    1    9   11    1   31    4    4    1      1618
   37    1    9   12    1   28    4    4    1       690
   37    1    9   13    1   26    4    4    1      1415
   37    1    9   14    1    2    1    1    1      1294
   37    2    1    1    2   14    0    1    9      4171
   37    2    1    2    1   28    4    4    1      7972
   37    2    1    3    1   22    3    3    1      3206
   37    2    1    4    1   25    4    4    1      1750
   37    2    1    5    1   25    4    4    1      1249
   37    2    1    6    1   15    2    2    1      2401
   37    2    1    7    1    9    1    1    1      4306
   37    2    1    8    2   24    0    4    9      1479
   37    2    1    9    1    7    2    2    1      4252
   37    2    1   10    2   17    0    3    9      4835
   37    2    1   11    2   20    0    3    9      1090
   37    2    1   12    2   16    0    2    9      5320
   37    2    1   13    1   31    4    4    1      2212
   37    2    1   14    2    1    0    1    9      2861
   37    2    1   15    2    8    0    2    9      2123
   37    2    1   16    2   29    0    4    9      1255
   37    2    1   17    1    2    1    1    1      2134
   37    2    1   18    2   30    0    4    9      1185
   37    2    1   19    1    9    1    1    1      2098
   37    2    1   20    1   22    3    3    1      1135
   37    2    1   21    2   14    0    1    9      1154
   37    2    1   22    1   19    3    3    1      1397
   37    2    1   23    1   12    2    2    1       765
   37    2    1   24    1    2    1    1    1       943
   37    2    1   25    2   32    0    4    9       923
   37    2    1   26    1   21    3    3    1      5847
   37    2    1   27    1    7    2    2    1      1549
   37    2    1   28    2   18    0    3    9      1216
   37    2    1   29    1   21    3    3    1      2080
   37    2    1   30    2   23    0    3    9      2062
   37    2    1   31    1   31    4    4    1       892
   37    2    1   32    2   27    0    4    9      1306
   37    2    1   33    2   24    0    3    9      1318
   37    2    1   34    1   26    4    4    1      1234
   37    2    1   35    1    3    2    2    1      1442
   37    2    1   36    1   19    3    3    1      1625
   37    2    1   37    2   24    0    3    9      1193
   37    2    1   38    1   12    2    2    1      1402
   37    2    1   39    1   15    2    2    1      6930
   37    2    1   40    2    5    0    1    9      1917
   37    2    1   41    1    6    1    1    1      1362
   37    2    1   42    2   14    0    1    9      1468
   37    2    1   43    2   11    0    2    9       722
   37    2    1   44    1    6    1    1    1       998
   37    2    1   45    2   10    0    1    9      1407
   37    2    1   46    1    3    2    2    1       616
   37    2    1   47    2    4    0    2    9       719
   37    2    1   48    2   14    0    1    9       675
   37    2    1   49    1   28    4    4    1      2922
   37    2    1   50    2   13    0    1    9       934
   37    2    1   51    1   26    4    4    1       752
   37    2    1   52    2   24    0    3    9       660
   37    2    2    1    1   12    2    2    1       826
   37    2    2    2    2   23    0    3    9       747
   37    2    2    3    2   32    0    4    9       879
   37    2    2    4    1   12    2    2    1      1116
   37    2    2    5    1   25    4    4    1       994
   37    2    2    6    2   24    0    3    9      1435
   37    2    2    7    2   17    0    3    9      3826
   37    2    2    8    2   14    0    1    9      4090
   37    2    2    9    1    3    2    2    1      1607
   37    2    2   10    2   11    0    2    9       680
   37    2    2   11    2   10    0    1    9       957
   37    2    2   12    1    3    2    2    1       743
   37    2    2   13    1   21    3    3    1      1884
   37    2    2   14    1   22    3    3    1      1361
   37    2    2   15    1    9    1    1    1      2476
   37    2    2   16    2   29    0    4    9      6217
   37    2    2   17    2   27    0    4    9      3761
   37    2    2   18    1   26    4    4    1       700
   37    2    2   19    2    8    0    2    9      1280
   37    2    2   20    2   14    0    1    9      1582
   37    2    2   21    2   18    0    3    9      1184
   37    2    2   22    2   20    0    3    9      1121
   37    2    2   23    2    5    0    1    9      1589
   37    2    2   24    2    1    0    1    9      1526
   37    2    2   25    2   13    0    1    9      1019
   37    2    2   26    2   24    0    3    9      1986
   37    2    2   27    1    9    1    1    1      2068
   37    2    2   28    1   19    3    3    1      5073
   37    2    2   29    1   15    2    2    1      4071
   37    2    2   30    2   24    0    3    9      2006
   37    2    2   31    1   25    4    3    0      2342
   37    2    2   32    2   14    0    1    9      6010
   37    2    2   33    1   31    4    4    1      1146
   37    2    2   34    1    6    1    1    1      2205
   37    2    2   35    1   26    4    4    1      1270
   37    2    2   36    1    2    1    1    1      1012
   37    2    2   37    1   19    3    3    1      3852
   37    2    2   38    2   14    0    1    9      2643
   37    2    2   39    2   30    0    4    9      1434
   37    2    2   40    1   15    2    2    1      1489
   37    2    2   41    1    2    1    1    1       727
   37    2    2   42    1   31    4    4    1       667
   37    2    2   43    1   21    3    3    1       913
   37    2    2   44    1    6    1    1    1      1404
   37    2    2   45    2    4    0    2    9       869
   37    2    2   46    1    7    2    2    1      1747
   37    2    2   47    2   24    0    3    9      2109
   37    2    2   48    1   28    4    4    1      3322
   37    2    2   49    2   16    0    2    9      1590
   37    2    2   50    1    7    2    2    1      1207
   37    2    2   51    1   22    3    3    1      1240
   37    2    2   52    1   28    4    4    1      1031
