   20    1    1    1    1   25    4    1    0      6813
   20    1    1    2    1   31    4    3    0      6265
   20    1    1    3    1   15    2    2    1      4391
   20    1    1    4    1   22    3    4    0      3688
   20    1    1    5    1    5    1    1    1      6831
   20    1    1    6    1   12    2    1    0      5182
   20    1    1    7    1   28    4    2    0      2439
   20    1    1    8    1   21    3    1    0     18894
   20    1    1    9    1   26    4    3    0      6180
   20    1    1   10    1    6    1    1    1     16117
   20    1    1   11    1   10    2    2    1      3217
   20    1    1   12    1    9    2    1    0       705
   20    1    1   13    1   19    3    4    0      5358
   20    1    1   14    1    3    1    1    1     13456
   20    1    2    1    1   22    3    4    0      3086
   20    1    2    2    1   15    2    2    1      2940
   20    1    2    3    1   12    2    3    0      5943
   20    1    2    4    1    6    1    1    1      8978
   20    1    2    5    1   21    3    3    1      2812
   20    1    2    6    1    3    1    1    1      3949
   20    1    2    7    1   19    3    3    1      3872
   20    1    2    8    1    5    1    1    1      2854
   20    1    2    9    1   28    4    4    1      3844
   20    1    2   10    1   31    4    4    1      1772
   20    1    2   11    1    9    2    2    1      2454
   20    1    2   12    1   10    2    2    1      1444
   20    1    2   13    1   26    4    2    0       892
   20    1    2   14    1   25    4    2    0     10001
   20    1    3    1    1   28    4    4    1      3811
   20    1    3    2    1   26    4    4    1      1004
   20    1    3    3    1   22    3    3    1      4724
   20    1    3    4    1    6    1    1    1      2536
   20    1    3    5    1   10    2    2    1       884
   20    1    3    6    1   15    2    2    1       977
   20    1    3    7    1    5    1    1    1      3995
   20    1    3    8    1   31    4    4    1       844
   20    1    3    9    1    9    2    2    1      1852
   20    1    3   10    1   21    3    3    1      3250
   20    1    3   11    1   19    3    3    1       769
   20    1    3   12    1   12    2    4    0      1411
   20    1    3   13    1   25    4    4    1      2579
   20    1    3   14    1    3    1    1    1      3789
   20    1    4    1    1   25    4    4    1      5139
   20    1    4    2    1   21    3    3    1      3383
   20    1    4    3    1   28    4    4    1       960
   20    1    4    4    1   22    3    3    1      1755
   20    1    4    5    1    5    1    1    1      1782
   20    1    4    6    1    6    1    1    1       751
   20    1    4    7    1    9    2    2    1      1073
   20    1    4    8    1   31    4    4    1      1031
   20    1    4    9    1   26    4    4    1       959
   20    1    4   10    1   15    2    2    1      1849
   20    1    4   11    1   12    2    2    1       800
   20    1    4   12    1   19    3    3    1      2177
   20    1    4   13    1   10    2    2    1      3179
   20    1    4   14    1    3    1    1    1       781
   20    1    5    1    1    5    1    1    1      2712
   20    1    5    2    1   19    3    3    1      1117
   20    1    5    3    1   10    2    2    1      1185
   20    1    5    4    1   28    4    4    1      1523
   20    1    5    5    1    6    1    1    1      2215
   20    1    5    6    1   25    4    4    1      2830
   20    1    5    7    1   31    4    4    1       702
   20    1    5    8    1   12    2    2    1      1315
   20    1    5    9    1   21    3    3    1      2446
   20    1    5   10    1    3    1    1    1       893
   20    1    5   11    1   22    3    3    1      2042
   20    1    5   12    1   15    2    2    1      1002
   20    1    5   13    1   26    4    4    1      2930
   20    1    5   14    1    9    2    2    1       798
   20    1    6    1    1    5    1    1    1      2175
   20    1    6    2    1   25    4    4    1      2761
   20    1    6    3    1   15    2    2    1      1004
   20    1    6    4    1   31    4    4    1       948
   20    1    6    5    1   12    2    2    1      1039
   20    1    6    6    1    3    1    1    1      1190
   20    1    6    7    1    6    1    1    1       776
   20    1    6    8    1   19    3    3    1       874
   20    1    6    9    1   21    3    3    1       680
   20    1    6   10    1   22    3    3    1       493
   20    1    6   11    1   10    2    2    1       746
   20    1    6   12    1    9    2    2    1       605
   20    1    6   13    1   28    4    4    1       982
   20    1    6   14    1   26    4    4    1       751
   20    2    1    1    1   21    3    3    1      3550
   20    2    1    2    2    2    0    1    9      1008
   20    2    1    3    2   24    0    3    9      5353
   20    2    1    4    1   31    4    4    1       756
   20    2    1    5    1   21    3    3    1      2166
   20    2    1    6    2   18    0    3    9      2544
   20    2    1    7    2    8    0    1    9      2060
   20    2    1    8    2   16    0    2    9       986
   20    2    1    9    2    7    0    1    9       899
   20    2    1   10    1    6    1    1    1      1008
   20    2    1   11    2   11    0    2    9      1289
   20    2    1   12    1   12    2    2    1      1270
   20    2    1   13    2   30    0    4    9      4756
   20    2    1   14    1   15    2    2    1      5415
   20    2    1   15    2   14    0    2    9      1407
   20    2    1   16    1   25    4    3    0      5911
   20    2    1   17    2   32    0    4    9      2764
   20    2    1   18    2   29    0    3    9      5374
   20    2    1   19    1   22    3    3    1      5064
   20    2    1   20    2   23    0    3    9      2830
   20    2    1   21    1   25    4    4    1      2158
   20    2    1   22    2   24    0    3    9      6680
   20    2    1   23    1   10    2    2    1      9598
   20    2    1   24    1    5    1    1    1      2911
   20    2    1   25    1    5    1    1    1      2811
   20    2    1   26    1    9    2    1    0      2140
   20    2    1   27    2   24    0    4    9      3287
   20    2    1   28    2    8    0    2    9      2437
   20    2    1   29    1   28    4    4    1      3092
   20    2    1   30    1   15    2    2    1      5209
   20    2    1   31    2    1    0    1    9      3290
   20    2    1   32    1   26    4    4    1      3127
   20    2    1   33    1   19    3    4    0      7339
   20    2    1   34    2   20    0    4    9      2214
   20    2    1   35    2    4    0    2    9      3294
   20    2    1   36    1   10    2    2    1      9196
   20    2    1   37    2   17    0    3    9      3725
   20    2    1   38    1    3    1    2    0      3673
   20    2    1   39    1    9    2    2    1      3575
   20    2    1   40    1    6    1    2    0      2297
   20    2    1   41    1   19    3    3    1      5006
   20    2    1   42    2   27    0    4    9      2790
   20    2    1   43    1   26    4    4    1      7592
   20    2    1   44    1    3    1    1    1      2745
   20    2    1   45    1   28    4    4    1      4924
   20    2    1   46    2   24    0    4    9      2120
   20    2    1   47    1   31    4    4    1      3956
   20    2    1   48    1   22    3    3    1      2615
   20    2    1   49    2    8    0    1    9      3743
   20    2    1   50    2   13    0    2    9      3562
   20    2    1   51    1   12    2    2    1      2221
   20    2    1   52    2    8    0    1    9      3301
   20    2    2    1    2   23    0    3    9      3713
   20    2    2    2    2    8    0    2    9      5629
   20    2    2    3    1   22    3    3    1      7789
   20    2    2    4    2   11    0    2    9      3670
   20    2    2    5    1   25    4    3    0      4436
   20    2    2    6    1   22    3    3    1      2371
   20    2    2    7    1    5    1    1    1      2309
   20    2    2    8    2   17    0    3    9      2362
   20    2    2    9    2   24    0    3    9      6460
   20    2    2   10    1   12    2    2    1     16747
   20    2    2   11    1   26    4    4    1      5550
   20    2    2   12    1   15    2    2    1      3936
   20    2    2   13    2   24    0    4    9      4164
   20    2    2   14    2    1    0    1    9      4078
   20    2    2   15    1    3    1    1    1      7948
   20    2    2   16    1   10    2    2    1      4751
   20    2    2   17    2   24    0    3    9      2721
   20    2    2   18    2   29    0    4    9     11589
   20    2    2   19    2   14    0    2    9      6422
   20    2    2   20    1   19    3    4    0      7862
   20    2    2   21    1   28    4    4    1      3725
   20    2    2   22    2    8    0    1    9      1273
   20    2    2   23    1    5    1    1    1      6695
   20    2    2   24    2   20    0    4    9      5020
   20    2    2   25    2    8    0    2    9      6004
   20    2    2   26    1   26    4    4    1      8981
   20    2    2   27    2   24    0    4    9      2222
   20    2    2   28    1    9    2    2    1     10118
   20    2    2   29    2   30    0    4    9      3330
   20    2    2   30    2    8    0    1    9      7197
   20    2    2   31    1   10    2    2    1      2078
   20    2    2   32    2    4    0    1    9      1948
   20    2    2   33    1   31    4    4    1      2367
   20    2    2   34    1   15    2    2    1      6145
   20    2    2   35    1    3    1    1    1      3628
   20    2    2   36    1   12    2    2    1      2268
   20    2    2   37    2   27    0    4    9      2914
   20    2    2   38    1    6    1    1    1      2238
   20    2    2   39    2   18    0    3    9      2261
   20    2    2   40    1    9    2    2    1      6380
   20    2    2   41    1   25    4    4    1      1725
   20    2    2   42    2   13    0    2    9      5385
   20    2    2   43    1   19    3    3    1      3363
   20    2    2   44    2   32    0    4    9      6189
   20    2    2   45    1   21    3    3    1      2054
   20    2    2   46    2   16    0    2    9      1541
   20    2    2   47    1   21    3    3    1      7176
   20    2    2   48    2    7    0    1    9      7018
   20    2    2   49    1   31    4    4    1      3554
   20    2    2   50    1    6    1    1    1      6804
   20    2    2   51    1   28    4    4    1      4613
   20    2    2   52    2    2    0    1    9      3581
