   18    1    1    1    1   25    4    3    0     10477
   18    1    1    2    1   21    3    3    1      2010
   18    1    1    3    1   19    3    2    0      2219
   18    1    1    4    1   12    2    1    0      1316
   18    1    1    5    1   10    2    4    0       856
   18    1    1    6    1   28    4    4    1      5015
   18    1    1    7    1    6    1    1    1      1488
   18    1    1    8    1   26    4    1    0       934
   18    1    1    9    1    3    1    3    0      1450
   18    1    1   10    1   22    3    2    0      3489
   18    1    1   11    1    5    1    1    1      1191
   18    1    1   12    1    9    2    4    0      2153
   18    1    1   13    1   15    2    3    0      1695
   18    1    1   14    1   31    4    2    0      2077
   18    1    2    1    1   31    4    3    0      1900
   18    1    2    2    1    6    1    2    0      1505
   18    1    2    3    1   22    3    3    1      1262
   18    1    2    4    1    3    1    2    0       989
   18    1    2    5    1   21    3    3    1      2079
   18    1    2    6    1    5    1    1    1      2246
   18    1    2    7    1   28    4    4    1      1565
   18    1    2    8    1    9    2    2    1      2280
   18    1    2    9    1   15    2    2    1      1222
   18    1    2   10    1   26    4    4    1      2206
   18    1    2   11    1   19    3    3    1      1175
   18    1    2   12    1   25    4    4    1      1889
   18    1    2   13    1   10    2    2    1      1335
   18    1    2   14    1   12    2    2    1       923
   18    1    3    1    1    9    2    1    0       830
   18    1    3    2    1    5    1    1    1       950
   18    1    3    3    1   19    3    4    0      2225
   18    1    3    4    1   15    2    2    1      1258
   18    1    3    5    1   31    4    4    1      1369
   18    1    3    6    1    6    1    2    0      2099
   18    1    3    7    1   22    3    3    1      1952
   18    1    3    8    1   28    4    4    1      1636
   18    1    3    9    1   12    2    2    1      1540
   18    1    3   10    1   21    3    3    1      3440
   18    1    3   11    1   25    4    4    1      1376
   18    1    3   12    1   26    4    4    1      1274
   18    1    3   13    1    3    1    2    0      2433
   18    1    3   14    1   10    2    1    0      1769
   18    1    4    1    1   26    4    4    1      1343
   18    1    4    2    1   31    4    4    1       643
   18    1    4    3    1   12    2    2    1      1243
   18    1    4    4    1    3    1    2    0      7322
   18    1    4    5    1    9    2    2    1       992
   18    1    4    6    1   19    3    3    1      4906
   18    1    4    7    1    5    1    1    1      5367
   18    1    4    8    1   10    2    1    0       802
   18    1    4    9    1   25    4    4    1      3315
   18    1    4   10    1   28    4    4    1       776
   18    1    4   11    1   21    3    3    1      2034
   18    1    4   12    1    6    1    2    0      2346
   18    1    4   13    1   15    2    2    1      1198
   18    1    4   14    1   22    3    3    1      1255
   18    1    5    1    1   28    4    4    1      1243
   18    1    5    2    1    6    1    2    0      1115
   18    1    5    3    1   31    4    4    1      2287
   18    1    5    4    1   22    3    3    1       718
   18    1    5    5    1   21    3    3    1       666
   18    1    5    6    1   26    4    3    0       736
   18    1    5    7    1    9    2    1    0      1212
   18    1    5    8    1    3    1    1    1      1477
   18    1    5    9    1   12    2    2    1      2203
   18    1    5   10    1   19    3    3    1      1133
   18    1    5   11    1   15    2    2    1      1096
   18    1    5   12    1    5    1    1    1       774
   18    1    5   13    1   10    2    2    1      1104
   18    1    5   14    1   25    4    3    0      1261
   18    1    6    1    1    3    1    1    1      1931
   18    1    6    2    1   12    2    2    1       704
   18    1    6    3    1    6    1    1    1       836
   18    1    6    4    1   22    3    3    1       956
   18    1    6    5    1    9    2    2    1      1775
   18    1    6    6    1   31    4    4    1       825
   18    1    6    7    1   10    2    2    1      1218
   18    1    6    8    1   28    4    4    1       818
   18    1    6    9    1   15    2    2    1      2467
   18    1    6   10    1    5    1    1    1      1306
   18    1    6   11    1   21    3    1    0       695
   18    1    6   12    1   25    4    4    1       661
   18    1    6   13    1   26    4    4    1      1251
   18    1    6   14    1   19    3    3    1       963
   18    1    7    1    1    6    1    1    1      1164
   18    1    7    2    1   21    3    3    1      1406
   18    1    7    3    1   26    4    4    1      1511
   18    1    7    4    1   12    2    2    1      1340
   18    1    7    5    1    9    2    2    1      1824
   18    1    7    6    1   22    3    3    1      1289
   18    1    7    7    1   19    3    4    0      1191
   18    1    7    8    1   15    2    2    1      1033
   18    1    7    9    1   10    2    2    1      1145
   18    1    7   10    1    5    1    1    1      1189
   18    1    7   11    1   25    4    3    0      1135
   18    1    7   12    1   28    4    4    1      1194
   18    1    7   13    1    3    1    2    0       884
   18    1    7   14    1   31    4    4    1       834
   18    1    8    1    1    9    2    2    1      2238
   18    1    8    2    1   26    4    4    1      1415
   18    1    8    3    1   25    4    4    1      1647
   18    1    8    4    1   22    3    3    1      1886
   18    1    8    5    1   15    2    2    1      1212
   18    1    8    6    1   12    2    2    1       861
   18    1    8    7    1    6    1    1    1      1644
   18    1    8    8    1    3    1    3    0      2540
   18    1    8    9    1   28    4    4    1       664
   18    1    8   10    1   21    3    3    1      1398
   18    1    8   11    1    5    1    1    1      1191
   18    1    8   12    1   31    4    4    1       746
   18    1    8   13    1   19    3    3    1      2309
   18    1    8   14    1   10    2    2    1      1035
   18    1    9    1    1   26    4    4    1      1261
   18    1    9    2    1   10    2    2    1      1052
   18    1    9    3    1   12    2    2    1       923
   18    1    9    4    1    3    1    1    1      2144
   18    1    9    5    1   28    4    4    1      1035
   18    1    9    6    1   19    3    3    1      2372
   18    1    9    7    1   25    4    4    1      2286
   18    1    9    8    1   21    3    3    1      4804
   18    1    9    9    1    5    1    1    1      1694
   18    1    9   10    1   15    2    2    1      1171
   18    1    9   11    1   31    4    4    1      1078
   18    1    9   12    1    9    2    2    1      2300
   18    1    9   13    1    6    1    1    1      1898
   18    1    9   14    1   22    3    3    1      1159
   18    1   10    1    1   25    4    4    1      3578
   18    1   10    2    1   15    2    2    1       957
   18    1   10    3    1   21    3    3    1      1184
   18    1   10    4    1   19    3    3    1      1777
   18    1   10    5    1   28    4    4    1      1068
   18    1   10    6    1   26    4    4    1       842
   18    1   10    7    1   10    2    2    1      1059
   18    1   10    8    1   22    3    3    1      2394
   18    1   10    9    1   31    4    2    0      1187
   18    1   10   10    1    6    1    1    1      2565
   18    1   10   11    1    3    1    1    1      1504
   18    1   10   12    1    5    1    1    1      3997
   18    1   10   13    1   12    2    2    1      6335
   18    1   10   14    1    9    2    2    1      6643
   18    2    1    1    1   21    3    3    1      2445
   18    2    1    2    2   17    0    3    9       883
   18    2    1    3    2    7    0    2    9      6129
   18    2    1    4    2   24    0    3    9      5350
   18    2    1    5    1   26    4    4    1      3705
   18    2    1    6    1   10    2    2    1      1222
   18    2    1    7    1    5    1    1    1      1271
   18    2    1    8    1   10    2    2    1      2549
   18    2    1    9    1   12    2    2    1       920
   18    2    1   10    2   14    0    2    9      1197
   18    2    1   11    2   27    0    4    9      3110
   18    2    1   12    2   24    0    4    9      2035
   18    2    1   13    2   16    0    2    9      1259
   18    2    1   14    1   19    3    3    1      2802
   18    2    1   15    2    8    0    1    9      2163
   18    2    1   16    2    8    0    2    9      2117
   18    2    1   17    1    9    2    2    1      7362
   18    2    1   18    1   15    2    2    1      3414
   18    2    1   19    1    3    1    1    1      3142
   18    2    1   20    1   26    4    4    1      2898
   18    2    1   21    1   25    4    4    1      3112
   18    2    1   22    2    4    0    1    9      2085
   18    2    1   23    2   11    0    2    9       971
   18    2    1   24    2   24    0    4    9      2437
   18    2    1   25    1   31    4    4    1      1109
   18    2    1   26    2   24    0    3    9      5354
   18    2    1   27    2   18    0    3    9      1405
   18    2    1   28    1    5    1    1    1      1455
   18    2    1   29    1    3    1    2    0      1398
   18    2    1   30    1   25    4    4    1      5919
   18    2    1   31    2    2    0    2    9      1587
   18    2    1   32    1   28    4    4    1      3782
   18    2    1   33    1    6    1    1    1      1168
   18    2    1   34    1   15    2    2    1       890
   18    2    1   35    2   13    0    2    9      1639
   18    2    1   36    1   31    4    4    1      2679
   18    2    1   37    2   23    0    3    9      3582
   18    2    1   38    1   28    4    4    1      1088
   18    2    1   39    1   19    3    3    1      1733
   18    2    1   40    1   12    2    2    1      1969
   18    2    1   41    2   30    0    4    9      1652
   18    2    1   42    1    9    2    2    1      2043
   18    2    1   43    2   20    0    3    9      1555
   18    2    1   44    1    6    1    1    1      7526
   18    2    1   45    2    8    0    1    9      1851
   18    2    1   46    1   22    3    3    1      2538
   18    2    1   47    2    8    0    1    9      3886
   18    2    1   48    1   22    3    3    1      1828
   18    2    1   49    2   32    0    4    9       709
   18    2    1   50    2   29    0    4    9      3994
   18    2    1   51    1   21    3    3    1      1796
   18    2    1   52    2    1    0    1    9      1662
   18    2    2    1    1    3    1    1    1      4077
   18    2    2    2    1   26    4    4    1      1028
   18    2    2    3    2   13    0    2    9      2437
   18    2    2    4    2   16    0    2    9      1117
   18    2    2    5    2   24    0    3    9      1881
   18    2    2    6    2   30    0    4    9      1134
   18    2    2    7    2   20    0    3    9      1282
   18    2    2    8    2   24    0    3    9      1337
   18    2    2    9    2   14    0    2    9      1876
   18    2    2   10    1   21    3    3    1      1611
   18    2    2   11    2    2    0    1    9      1804
   18    2    2   12    1   15    2    2    1       973
   18    2    2   13    1   10    2    2    1      2927
   18    2    2   14    1   19    3    3    1      1452
   18    2    2   15    2   24    0    4    9      3147
   18    2    2   16    1    9    2    2    1      1606
   18    2    2   17    1   25    4    4    1      6959
   18    2    2   18    1   28    4    4    1      1291
   18    2    2   19    2   23    0    3    9      2321
   18    2    2   20    1    9    2    2    1      1581
   18    2    2   21    1   12    2    2    1      1511
   18    2    2   22    1   28    4    4    1      1036
   18    2    2   23    1   21    3    3    1      2948
   18    2    2   24    2   17    0    3    9       991
   18    2    2   25    1    5    1    1    1      1025
   18    2    2   26    1   31    4    2    0      1097
   18    2    2   27    2    8    0    1    9      4558
   18    2    2   28    2    8    0    1    9      1042
   18    2    2   29    2    8    0    1    9      3521
   18    2    2   30    2   24    0    3    9      1238
   18    2    2   31    1   15    2    2    1      1038
   18    2    2   32    1    6    1    1    1      5677
   18    2    2   33    1   22    3    3    1      1132
   18    2    2   34    2   29    0    4    9      1200
   18    2    2   35    2    1    0    1    9      1265
   18    2    2   36    2   32    0    4    9      1439
   18    2    2   37    2    8    0    1    9      2223
   18    2    2   38    1   25    4    4    1      1008
   18    2    2   39    1   26    4    4    1      1593
   18    2    2   40    2    4    0    1    9     12762
   18    2    2   41    1    3    1    1    1       910
   18    2    2   42    2    7    0    1    9      2419
   18    2    2   43    2   11    0    2    9      1708
   18    2    2   44    1   10    2    2    1      1457
   18    2    2   45    1    6    1    1    1       952
   18    2    2   46    2   18    0    3    9       987
   18    2    2   47    1   19    3    3    1      1268
   18    2    2   48    2   27    0    4    9       995
   18    2    2   49    1   22    3    3    1      1397
   18    2    2   50    1   12    2    2    1      2990
   18    2    2   51    1   31    4    4    1      1024
   18    2    2   52    1    5    1    1    1      2881
