    3    1    1    1    1    9    1    2    0     12363
    3    1    1    2    1    6    1    2    0      4267
    3    1    1    3    1   15    2    2    1      3241
    3    1    1    4    1    2    1    2    0      2616
    3    1    1    5    1    3    2    1    0      1304
    3    1    1    6    1   22    3    3    1      3341
    3    1    1    7    1   25    4    4    1      1448
    3    1    1    8    1   26    4    4    1      1935
    3    1    1    9    1    7    2    2    1      4066
    3    1    1   10    1   12    2    1    0      2448
    3    1    1   11    1   21    3    3    1      1559
    3    1    1   12    1   28    4    4    1      1321
    3    1    1   13    1   19    3    3    1      2053
    3    1    1   14    1   31    4    4    1      2067
    3    1    2    1    1    7    2    2    1      3154
    3    1    2    2    1   21    3    3    1      1301
    3    1    2    3    1   28    4    4    1      1026
    3    1    2    4    1   26    4    3    0      2506
    3    1    2    5    1    6    1    1    1      1887
    3    1    2    6    1   22    3    3    1      1140
    3    1    2    7    1    3    2    1    0      1031
    3    1    2    8    1    2    1    1    1      1207
    3    1    2    9    1    9    1    2    0      2535
    3    1    2   10    1   31    4    4    1      1482
    3    1    2   11    1   15    2    2    1      1520
    3    1    2   12    1   25    4    3    0       852
    3    1    2   13    1   12    2    2    1      1594
    3    1    2   14    1   19    3    3    1      1276
    3    1    3    1    1   19    3    3    1      1609
    3    1    3    2    1    3    2    1    0      1577
    3    1    3    3    1   28    4    4    1       851
    3    1    3    4    1    7    2    2    1      1506
    3    1    3    5    1   15    2    2    1       966
    3    1    3    6    1    9    1    1    1      1568
    3    1    3    7    1   12    2    2    1      1250
    3    1    3    8    1    6    1    1    1      2336
    3    1    3    9    1   21    3    3    1      1173
    3    1    3   10    1    2    1    1    1      1255
    3    1    3   11    1   22    3    3    1       838
    3    1    3   12    1   26    4    3    0      1893
    3    1    3   13    1   31    4    4    1       754
    3    1    3   14    1   25    4    3    0      1429
    3    1    4    1    1   22    3    3    1       804
    3    1    4    2    1   25    4    4    1      1140
    3    1    4    3    1   26    4    4    1      2215
    3    1    4    4    1   21    3    3    1       800
    3    1    4    5    1   12    2    2    1      1312
    3    1    4    6    1   31    4    4    1       781
    3    1    4    7    1    3    2    2    1      2654
    3    1    4    8    1    2    1    1    1       724
    3    1    4    9    1    7    2    2    1       776
    3    1    4   10    1   19    3    4    0      2218
    3    1    4   11    1   15    2    2    1       938
    3    1    4   12    1    6    1    1    1      1014
    3    1    4   13    1    9    1    2    0      1262
    3    1    4   14    1   28    4    4    1       740
    3    1    5    1    1    2    1    1    1      1695
    3    1    5    2    1   15    2    2    1       732
    3    1    5    3    1   22    3    3    1      1152
    3    1    5    4    1    3    2    2    1      1586
    3    1    5    5    1   19    3    3    1      1699
    3    1    5    6    1   21    3    3    1      1936
    3    1    5    7    1   25    4    4    1      1011
    3    1    5    8    1    9    1    1    1      2412
    3    1    5    9    1   26    4    2    0      1661
    3    1    5   10    1    7    2    2    1      1907
    3    1    5   11    1    6    1    1    1      1560
    3    1    5   12    1   12    2    2    1      1003
    3    1    5   13    1   28    4    4    1       995
    3    1    5   14    1   31    4    4    1      1101
    3    1    6    1    1   21    3    3    1       962
    3    1    6    2    1    2    1    1    1      1517
    3    1    6    3    1   31    4    4    1       705
    3    1    6    4    1   28    4    4    1      1013
    3    1    6    5    1    6    1    1    1      1949
    3    1    6    6    1   25    4    4    1      6096
    3    1    6    7    1   19    3    3    1      1661
    3    1    6    8    1    9    1    1    1      2524
    3    1    6    9    1   26    4    4    1      1880
    3    1    6   10    1   12    2    2    1      1437
    3    1    6   11    1   15    2    2    1      4805
    3    1    6   12    1   22    3    3    1       965
    3    1    6   13    1    7    2    2    1      1679
    3    1    6   14    1    3    2    2    1      2493
    3    1    7    1    1   31    4    4    1       980
    3    1    7    2    1   21    3    3    1      1229
    3    1    7    3    1    7    2    2    1      1389
    3    1    7    4    1   26    4    4    1      2183
    3    1    7    5    1   19    3    3    1      1392
    3    1    7    6    1   12    2    2    1      1305
    3    1    7    7    1   22    3    1    0      1621
    3    1    7    8    1    3    2    1    0      3230
    3    1    7    9    1   25    4    4    1      1974
    3    1    7   10    1   15    2    2    1      1288
    3    1    7   11    1    2    1    1    1      1509
    3    1    7   12    1   28    4    4    1      1162
    3    1    7   13    1    9    1    2    0      2060
    3    1    7   14    1    6    1    1    1      1075
    3    1    8    1    1    6    1    1    1       793
    3    1    8    2    1    9    1    2    0      2395
    3    1    8    3    1   25    4    4    1      1540
    3    1    8    4    1   21    3    3    1       920
    3    1    8    5    1   28    4    4    1      1827
    3    1    8    6    1   19    3    4    0      2459
    3    1    8    7    1   15    2    2    1      1491
    3    1    8    8    1    7    2    2    1      5752
    3    1    8    9    1   31    4    4    1       739
    3    1    8   10    1   22    3    3    1      3286
    3    1    8   11    1    2    1    3    0       996
    3    1    8   12    1   12    2    2    1       885
    3    1    8   13    1   26    4    3    0      1874
    3    1    8   14    1    3    2    2    1      1200
    3    1    9    1    1   28    4    4    1      1046
    3    1    9    2    1   22    3    3    1      1133
    3    1    9    3    1   15    2    2    1      1584
    3    1    9    4    1    3    2    2    1      4305
    3    1    9    5    1   12    2    2    1      1286
    3    1    9    6    1   31    4    4    1      1316
    3    1    9    7    1   19    3    3    1      1040
    3    1    9    8    1   21    3    3    1      1383
    3    1    9    9    1   25    4    4    1      1023
    3    1    9   10    1    6    1    1    1      1721
    3    1    9   11    1    2    1    1    1      1365
    3    1    9   12    1   26    4    4    1      2111
    3    1    9   13    1    9    1    2    0      5179
    3    1    9   14    1    7    2    2    1      1061
    3    1   10    1    1   22    3    3    1       977
    3    1   10    2    1   31    4    4    1       763
    3    1   10    3    1    7    2    2    1      1069
    3    1   10    4    1   19    3    4    0      2307
    3    1   10    5    1   28    4    4    1      1055
    3    1   10    6    1    2    1    1    1      1366
    3    1   10    7    1   12    2    2    1       816
    3    1   10    8    1    3    2    2    1      1359
    3    1   10    9    1   21    3    3    1      2219
    3    1   10   10    1   25    4    4    1      1171
    3    1   10   11    1   15    2    2    1       885
    3    1   10   12    1   26    4    4    1      2290
    3    1   10   13    1    9    1    1    1      1816
    3    1   10   14    1    6    1    1    1      1920
    3    2    1    1    2   14    0    2    9      2006
    3    2    1    2    2   32    0    4    9      1846
    3    2    1    3    1   15    2    2    1      1709
    3    2    1    4    1   21    3    3    1      1930
    3    2    1    5    2   17    0    3    9      1725
    3    2    1    6    2    5    0    1    9      1865
    3    2    1    7    1   19    3    3    1      8271
    3    2    1    8    2   24    0    4    9      1717
    3    2    1    9    1    7    2    2    1      3409
    3    2    1   10    1   25    4    4    1      2122
    3    2    1   11    1   26    4    4    1      1430
    3    2    1   12    1    2    1    1    1      3085
    3    2    1   13    1   22    3    3    1      2674
    3    2    1   14    1    3    2    2    1      1768
    3    2    1   15    1    9    1    1    1       962
    3    2    1   16    1    3    2    2    1      1021
    3    2    1   17    2    4    0    2    9      1317
    3    2    1   18    1    2    1    1    1      1201
    3    2    1   19    2   11    0    2    9      1346
    3    2    1   20    2   18    0    3    9      1165
    3    2    1   21    1   12    2    2    1      1055
    3    2    1   22    2   29    0    3    9      7669
    3    2    1   23    2   24    0    4    9      1700
    3    2    1   24    1   19    3    4    0      1664
    3    2    1   25    2   24    0    4    9      2014
    3    2    1   26    2   13    0    1    9      6158
    3    2    1   27    2   10    0    2    9      1049
    3    2    1   28    2   14    0    2    9      1167
    3    2    1   29    1   26    4    4    1      2210
    3    2    1   30    1   25    4    3    0      1114
    3    2    1   31    2   20    0    3    9      1358
    3    2    1   32    2    8    0    2    9      1145
    3    2    1   33    1    9    1    1    1      1964
    3    2    1   34    2   16    0    2    9      1390
    3    2    1   35    1   28    4    2    0       919
    3    2    1   36    2   24    0    4    9      1844
    3    2    1   37    1   15    2    2    1      2139
    3    2    1   38    1   21    3    3    1      1062
    3    2    1   39    2   30    0    4    9      1453
    3    2    1   40    1   31    4    4    1       835
    3    2    1   41    1   12    2    2    1      1187
    3    2    1   42    2    1    0    1    9      1332
    3    2    1   43    2   23    0    4    9      1711
    3    2    1   44    1   22    3    3    1      1452
    3    2    1   45    1   28    4    4    1       835
    3    2    1   46    1    6    1    1    1      1506
    3    2    1   47    2   27    0    2    9      1015
    3    2    1   48    1    6    1    1    1      3295
    3    2    1   49    1    7    2    2    1      1212
    3    2    1   50    2   14    0    2    9      1309
    3    2    1   51    1   31    4    4    1       969
    3    2    1   52    2   14    0    2    9       899
    3    2    2    1    2    1    0    1    9      1904
    3    2    2    2    2   29    0    3    9      1317
    3    2    2    3    2   14    0    2    9      2304
    3    2    2    4    1    2    1    1    1      1509
    3    2    2    5    2    8    0    2    9      1114
    3    2    2    6    1   31    4    4    1       734
    3    2    2    7    2   32    0    4    9       753
    3    2    2    8    1   22    3    3    1      1124
    3    2    2    9    2   14    0    2    9      1192
    3    2    2   10    1   26    4    4    1      1705
    3    2    2   11    2   24    0    4    9      2454
    3    2    2   12    2    5    0    1    9      1364
    3    2    2   13    1   12    2    2    1       799
    3    2    2   14    1   21    3    3    1      1311
    3    2    2   15    2   10    0    2    9      2396
    3    2    2   16    1    7    2    2    1      1293
    3    2    2   17    1    6    1    1    1       890
    3    2    2   18    2   27    0    4    9       984
    3    2    2   19    2   14    0    2    9      1105
    3    2    2   20    1   31    4    4    1      1046
    3    2    2   21    2   11    0    2    9      1341
    3    2    2   22    1   19    3    3    1       856
    3    2    2   23    2   20    0    4    9      2663
    3    2    2   24    1    2    1    1    1      1165
    3    2    2   25    2   23    0    4    9      1919
    3    2    2   26    1   26    4    4    1      1331
    3    2    2   27    1    6    1    1    1      1775
    3    2    2   28    1   22    3    3    1       937
    3    2    2   29    1   25    4    4    1      4132
    3    2    2   30    1   21    3    3    1       992
    3    2    2   31    1   15    2    2    1      1705
    3    2    2   32    2   16    0    2    9      1206
    3    2    2   33    1   12    2    2    1      1382
    3    2    2   34    2   24    0    4    9      1280
    3    2    2   35    2   18    0    3    9       957
    3    2    2   36    1    7    2    2    1      1448
    3    2    2   37    2   24    0    4    9       830
    3    2    2   38    2   13    0    1    9      2925
    3    2    2   39    1   15    2    2    1      1241
    3    2    2   40    1   28    4    4    1       985
    3    2    2   41    2   17    0    3    9      1010
    3    2    2   42    1    9    1    1    1      2763
    3    2    2   43    1    9    1    1    1      1165
    3    2    2   44    1   25    4    4    1      1407
    3    2    2   45    2    4    0    2    9      2088
    3    2    2   46    1   28    4    4    1      1926
    3    2    2   47    2   14    0    2    9      2282
    3    2    2   48    1   19    3    4    0      5583
    3    2    2   49    1    3    2    2    1      1808
    3    2    2   50    1    3    2    2    1       857
    3    2    2   51    2   30    0    4    9      1111
    3    2    2   52    2   24    0    4    9      1308
