    1    1    1    1    1   28    2    2    1      5623
    1    1    1    2    1   26    2    1    0      1444
    1    1    1    3    1    3    2    2    1       595
    1    1    1    4    1   21    1    2    0       316
    1    1    1    5    1   31    2    1    0       312
    1    1    1    6    1    2    1    2    0       309
    1    1    1    7    1    9    1    1    1       417
    1    1    1    8    1    7    2    1    0       418
    1    1    1    9    1   25    2    2    1       106
    1    1    1   10    1   19    1    2    0       694
    1    1    1   11    1   12    2    2    1        83
    1    1    1   12    1    6    1    2    0       673
    1    1    1   13    1   15    2    2    1       175
    1    1    1   14    1   22    1    2    0      3513
    1    1    2    1    1   21    1    2    0       770
    1    1    2    2    1    9    1    2    0       300
    1    1    2    3    1   26    2    1    0       344
    1    1    2    4    1   31    2    2    1         0
    1    1    2    5    1   25    2    2    1        84
    1    1    2    6    1   28    2    2    1         0
    1    1    2    7    1   19    1    2    0       114
    1    1    2    8    1   15    2    2    1       694
    1    1    2    9    1    3    2    2    1       331
    1    1    2   10    1    7    2    2    1       367
    1    1    2   11    1    6    1    2    0      3953
    1    1    2   12    1   12    2    2    1      2443
    1    1    2   13    1   22    1    1    1       251
    1    1    2   14    1    2    1    2    0       369
    1    1    3    1    1   25    2    1    0       258
    1    1    3    2    1   22    1    2    0       643
    1    1    3    3    1   31    2    1    0       384
    1    1    3    4    1    6    1    2    0       128
    1    1    3    5    1    7    2    2    1       158
    1    1    3    6    1   21    1    1    1       713
    1    1    3    7    1   26    2    1    0       317
    1    1    3    8    1   12    2    2    1       121
    1    1    3    9    1   15    2    2    1      1109
    1    1    3   10    1   19    1    1    1       233
    1    1    3   11    1    2    1    1    1       353
    1    1    3   12    1   28    2    2    1       995
    1    1    3   13    1    9    1    1    1       461
    1    1    3   14    1    3    2    1    0       411
    1    1    4    1    1   21    1    2    0      1769
    1    1    4    2    1   15    2    1    0       315
    1    1    4    3    1    9    1    2    0         0
    1    1    4    4    1    2    1    1    1       496
    1    1    4    5    1    6    1    2    0      1053
    1    1    4    6    1    3    2    1    0      1979
    1    1    4    7    1   26    2    2    1       869
    1    1    4    8    1   25    2    2    1      1266
    1    1    4    9    1    7    2    2    1         0
    1    1    4   10    1   19    1    2    0       513
    1    1    4   11    1   12    2    2    1      1045
    1    1    4   12    1   28    2    1    0         0
    1    1    4   13    1   22    1    2    0       789
    1    1    4   14    1   31    2    1    0       159
    1    1    5    1    1   31    2    2    1       618
    1    1    5    2    1   12    2    1    0       210
    1    1    5    3    1   21    1    1    1      2259
    1    1    5    4    1   19    1    2    0         0
    1    1    5    5    1   28    2    2    1      2514
    1    1    5    6    1    2    1    1    1      1246
    1    1    5    7    1   26    2    2    1      4509
    1    1    5    8    1    7    2    1    0         0
    1    1    5    9    1    3    2    2    1        83
    1    1    5   10    1   15    2    2    1     10143
    1    1    5   11    1   25    2    2    1      2315
    1    1    5   12    1   22    1    1    1      2207
    1    1    5   13    1    9    1    2    0       696
    1    1    5   14    1    6    1    2    0       485
    1    1    6    1    1   28    2    1    0       450
    1    1    6    2    1    3    2    2    1      1977
    1    1    6    3    1   25    2    1    0      1914
    1    1    6    4    1    9    1    1    1      1126
    1    1    6    5    1   12    2    1    0      2570
    1    1    6    6    1   22    1    2    0       700
    1    1    6    7    1    2    1    1    1         0
    1    1    6    8    1   15    2    2    1       153
    1    1    6    9    1    6    1    1    1        68
    1    1    6   10    1    7    2    2    1       386
    1    1    6   11    1   31    2    2    1      1091
    1    1    6   12    1   26    2    2    1         0
    1    1    6   13    1   19    1    2    0       185
    1    1    6   14    1   21    1    2    0       362
    1    1    7    1    1   15    2    1    0     61313
    1    1    7    2    1    9    1    2    0       117
    1    1    7    3    1    6    1    1    1      7065
    1    1    7    4    1   31    2    2    1        47
    1    1    7    5    1   19    1    2    0       222
    1    1    7    6    1   25    2    1    0      1902
    1    1    7    7    1   21    1    1    1      2059
    1    1    7    8    1   22    1    2    0       201
    1    1    7    9    1   28    2    1    0       826
    1    1    7   10    1   12    2    2    1        98
    1    1    7   11    1   26    2    1    0       190
    1    1    7   12    1    3    2    1    0       703
    1    1    7   13    1    7    2    1    0     13116
    1    1    7   14    1    2    1    1    1         0
    1    1    8    1    1   26    2    2    1       599
    1    1    8    2    1    3    2    1    0       192
    1    1    8    3    1   15    2    2    1       385
    1    1    8    4    1    9    1    1    1         0
    1    1    8    5    1    6    1    1    1       147
    1    1    8    6    1   12    2    2    1       126
    1    1    8    7    1   22    1    1    1      1209
    1    1    8    8    1    2    1    2    0       154
    1    1    8    9    1   19    1    2    0       221
    1    1    8   10    1   21    1    2    0         0
    1    1    8   11    1    7    2    2    1        53
    1    1    8   12    1   28    2    1    0         0
    1    1    8   13    1   31    2    1    0        13
    1    1    8   14    1   25    2    2    1       230
    1    1    9    1    1   31    2    1    0       202
    1    1    9    2    1   12    2    2    1       283
    1    1    9    3    1   15    2    2    1       289
    1    1    9    4    1   25    2    1    0       310
    1    1    9    5    1   22    1    1    1       194
    1    1    9    6    1    7    2    2    1       236
    1    1    9    7    1    3    2    1    0        67
    1    1    9    8    1   19    1    2    0       505
    1    1    9    9    1   21    1    1    1      1774
    1    1    9   10    1    2    1    2    0       280
    1    1    9   11    1   28    2    2    1         0
    1    1    9   12    1    9    1    2    0       135
    1    1    9   13    1    6    1    1    1       634
    1    1    9   14    1   26    2    1    0       562
    1    1   10    1    1   21    1    1    1       509
    1    1   10    2    1    7    2    2    1         0
    1    1   10    3    1   25    2    1    0       316
    1    1   10    4    1   19    1    2    0       136
    1    1   10    5    1    2    1    1    1       220
    1    1   10    6    1    9    1    1    1         0
    1    1   10    7    1   12    2    1    0       422
    1    1   10    8    1   22    1    2    0       205
    1    1   10    9    1   31    2    2    1        46
    1    1   10   10    1    3    2    2    1       269
    1    1   10   11    1   15    2    2    1       291
    1    1   10   12    1   26    2    1    0        88
    1    1   10   13    1   28    2    1    0         0
    1    1   10   14    1    6    1    2    0       117
    1    2    1    1    2   20    0    2    9         0
    1    2    1    2    1    9    1    1    1       995
    1    2    1    3    1    7    2    2    1       141
    1    2    1    4    2   13    0    2    9        40
    1    2    1    5    1   19    1    2    0       136
    1    2    1    6    2   24    0    1    9         0
    1    2    1    7    1   31    2    1    0         0
    1    2    1    8    1    7    2    2    1         0
    1    2    1    9    2    4    0    2    9       373
    1    2    1   10    2   17    0    2    9         7
    1    2    1   11    2   29    0    2    9       296
    1    2    1   12    2    1    0    2    9         0
    1    2    1   13    1   21    1    1    1       429
    1    2    1   14    2   14    0    2    9       316
    1    2    1   15    1   22    1    2    0       321
    1    2    1   16    2   18    0    1    9        85
    1    2    1   17    1   25    2    2    1        18
    1    2    1   18    2   11    0    2    9       354
    1    2    1   19    1   28    2    1    0       277
    1    2    1   20    2    5    0    2    9         0
    1    2    1   21    1   31    2    2    1       171
    1    2    1   22    1   15    2    1    0       101
    1    2    1   23    1   12    2    2    1       354
    1    2    1   24    1   28    2    1    0       324
    1    2    1   25    2    8    0    1    9        24
    1    2    1   26    2   16    0    1    9     10361
    1    2    1   27    1   22    1    2    0        91
    1    2    1   28    1   19    1    2    0       521
    1    2    1   29    2   24    0    1    9       277
    1    2    1   30    1    6    1    1    1       251
    1    2    1   31    1   25    2    1    0       289
    1    2    1   32    2   14    0    1    9        55
    1    2    1   33    2   14    0    1    9        85
    1    2    1   34    1    3    2    2    1         0
    1    2    1   35    1   26    2    1    0      1107
    1    2    1   36    1    2    1    2    0      1112
    1    2    1   37    1    9    1    2    0      1037
    1    2    1   38    2   32    0    2    9       148
    1    2    1   39    2   10    0    2    9         0
    1    2    1   40    2   24    0    2    9       448
    1    2    1   41    2   23    0    1    9         0
    1    2    1   42    1   26    2    1    0         0
    1    2    1   43    1    2    1    2    0       224
    1    2    1   44    1   21    1    1    1        88
    1    2    1   45    1    6    1    1    1       181
    1    2    1   46    1    3    2    2    1        95
    1    2    1   47    2   14    0    2    9       460
    1    2    1   48    1   15    2    2    1        59
    1    2    1   49    1   12    2    2    1         0
    1    2    1   50    2   24    0    2    9        42
    1    2    1   51    2   27    0    2    9      3529
    1    2    1   52    2   30    0    2    9       877
    1    2    2    1    2   20    0    2    9        75
    1    2    2    2    1    7    2    2    1         0
    1    2    2    3    1   25    2    2    1      3929
    1    2    2    4    2   13    0    1    9       269
    1    2    2    5    1   12    2    1    0       291
    1    2    2    6    2    4    0    2    9         0
    1    2    2    7    1   28    2    1    0       313
    1    2    2    8    2   16    0    1    9        61
    1    2    2    9    1   26    2    1    0       284
    1    2    2   10    2   14    0    2    9       192
    1    2    2   11    1   21    1    1    1       347
    1    2    2   12    1    7    2    2    1       253
    1    2    2   13    2    5    0    2    9       596
    1    2    2   14    2    1    0    2    9       333
    1    2    2   15    1    6    1    2    0       144
    1    2    2   16    2   17    0    2    9       267
    1    2    2   17    1   12    2    2    1       289
    1    2    2   18    1   19    1    2    0         0
    1    2    2   19    1    9    1    2    0       183
    1    2    2   20    2   30    0    2    9         0
    1    2    2   21    2   18    0    2    9       273
    1    2    2   22    2   24    0    1    9       231
    1    2    2   23    2   23    0    2    9       382
    1    2    2   24    1    3    2    2    1       240
    1    2    2   25    2    8    0    1    9       280
    1    2    2   26    1    2    1    1    1       381
    1    2    2   27    2   32    0    1    9        14
    1    2    2   28    1   22    1    2    0       431
    1    2    2   29    2   24    0    1    9       446
    1    2    2   30    2   14    0    2    9       301
    1    2    2   31    1    9    1    2    0      1009
    1    2    2   32    2   11    0    1    9       314
    1    2    2   33    2   10    0    2    9       190
    1    2    2   34    2   29    0    1    9       392
    1    2    2   35    1    2    1    1    1       425
    1    2    2   36    2   24    0    2    9       617
    1    2    2   37    1    6    1    1    1         0
    1    2    2   38    1   15    2    2    1       417
    1    2    2   39    1   31    2    2    1        65
    1    2    2   40    2   14    0    2    9       271
    1    2    2   41    2   14    0    1    9      1750
    1    2    2   42    1   22    1    1    1         0
    1    2    2   43    1   19    1    2    0        97
    1    2    2   44    2   27    0    1    9       318
    1    2    2   45    1    3    2    1    0       242
    1    2    2   46    1   28    2    2    1        74
    1    2    2   47    1   31    2    2    1       136
    1    2    2   48    1   21    1    2    0        51
    1    2    2   49    1   26    2    1    0        18
    1    2    2   50    1   25    2    1    0       289
    1    2    2   51    1   15    2    2    1        72
    1    2    2   52    2   24    0    1    9        22
