   10    1    1    1    1   15    2    1    0       928
   10    1    1    2    1   28    2    1    0      1310
   10    1    1    3    1   21    1    1    1       995
   10    1    1    4    1    3    2    2    1       620
   10    1    1    5    1   22    1    1    1       435
   10    1    1    6    1    2    1    1    1       596
   10    1    1    7    1   19    1    2    0       493
   10    1    1    8    1   12    2    2    1       787
   10    1    1    9    1    9    1    1    1       436
   10    1    1   10    1    7    2    2    1       547
   10    1    1   11    1   26    2    1    0       445
   10    1    1   12    1   31    2    2    1       837
   10    1    1   13    1   25    2    1    0       692
   10    1    1   14    1    6    1    1    1      2882
   10    1    2    1    1   22    1    1    1       784
   10    1    2    2    1    3    2    2    1       786
   10    1    2    3    1   12    2    2    1       499
   10    1    2    4    1   25    2    2    1      2528
   10    1    2    5    1   21    1    1    1       924
   10    1    2    6    1   26    2    1    0      1512
   10    1    2    7    1    7    2    2    1       948
   10    1    2    8    1   15    2    2    1       527
   10    1    2    9    1   31    2    2    1       539
   10    1    2   10    1   28    2    2    1       438
   10    1    2   11    1    2    1    1    1      1510
   10    1    2   12    1    9    1    1    1       922
   10    1    2   13    1   19    1    2    0       854
   10    1    2   14    1    6    1    1    1      2829
   10    1    3    1    1   12    2    2    1      1081
   10    1    3    2    1   22    1    1    1      1631
   10    1    3    3    1   25    2    2    1      1054
   10    1    3    4    1    6    1    1    1      1797
   10    1    3    5    1   26    2    2    1      1933
   10    1    3    6    1   15    2    2    1       833
   10    1    3    7    1    7    2    2    1       528
   10    1    3    8    1   19    1    2    0       524
   10    1    3    9    1   31    2    2    1       624
   10    1    3   10    1   28    2    2    1       808
   10    1    3   11    1    9    1    2    0      1641
   10    1    3   12    1    2    1    2    0      1760
   10    1    3   13    1   21    1    1    1       547
   10    1    3   14    1    3    2    2    1       445
   10    1    4    1    1    3    2    2    1      1512
   10    1    4    2    1   19    1    2    0      1021
   10    1    4    3    1   26    2    1    0      1197
   10    1    4    4    1   22    1    1    1       565
   10    1    4    5    1    6    1    1    1      2703
   10    1    4    6    1   15    2    2    1      1108
   10    1    4    7    1   31    2    1    0       713
   10    1    4    8    1    7    2    2    1       789
   10    1    4    9    1   28    2    2    1      1095
   10    1    4   10    1   25    2    1    0       988
   10    1    4   11    1   12    2    2    1      2493
   10    1    4   12    1    9    1    1    1      1627
   10    1    4   13    1    2    1    2    0      1194
   10    1    4   14    1   21    1    1    1       868
   10    1    5    1    1    6    1    1    1      2351
   10    1    5    2    1    9    1    2    0      1377
   10    1    5    3    1   22    1    1    1      1267
   10    1    5    4    1    7    2    2    1       801
   10    1    5    5    1   25    2    1    0       674
   10    1    5    6    1   12    2    2    1       992
   10    1    5    7    1   19    1    2    0      1977
   10    1    5    8    1   26    2    1    0      3875
   10    1    5    9    1   31    2    2    1       897
   10    1    5   10    1    2    1    2    0      2238
   10    1    5   11    1   28    2    2    1       893
   10    1    5   12    1   21    1    1    1       410
   10    1    5   13    1    3    2    2    1       971
   10    1    5   14    1   15    2    1    0      1797
   10    1    6    1    1   22    1    1    1       894
   10    1    6    2    1    6    1    1    1       971
   10    1    6    3    1    9    1    1    1      2053
   10    1    6    4    1   15    2    2    1      1236
   10    1    6    5    1    7    2    2    1      2739
   10    1    6    6    1    2    1    1    1      1782
   10    1    6    7    1   28    2    2    1       800
   10    1    6    8    1   25    2    1    0      1792
   10    1    6    9    1    3    2    2    1      2977
   10    1    6   10    1   31    2    2    1       987
   10    1    6   11    1   12    2    2    1      1365
   10    1    6   12    1   21    1    1    1       799
   10    1    6   13    1   19    1    2    0      1199
   10    1    6   14    1   26    2    1    0      5288
   10    1    7    1    1   12    2    2    1      1515
   10    1    7    2    1   21    1    1    1      1663
   10    1    7    3    1   31    2    2    1      1293
   10    1    7    4    1    7    2    2    1      1563
   10    1    7    5    1   26    2    1    0      2141
   10    1    7    6    1   25    2    1    0       801
   10    1    7    7    1   15    2    2    1      1609
   10    1    7    8    1   19    1    2    0      1850
   10    1    7    9    1    9    1    1    1      3337
   10    1    7   10    1   28    2    2    1      2548
   10    1    7   11    1    3    2    2    1      2527
   10    1    7   12    1    6    1    1    1      1371
   10    1    7   13    1   22    1    1    1      1685
   10    1    7   14    1    2    1    2    0      2546
   10    1    8    1    1   21    1    1    1      2143
   10    1    8    2    1   15    2    1    0      2250
   10    1    8    3    1   12    2    2    1      1161
   10    1    8    4    1   31    2    2    1      4604
   10    1    8    5    1   22    1    1    1      2500
   10    1    8    6    1    3    2    2    1      2337
   10    1    8    7    1   28    2    2    1      3252
   10    1    8    8    1   26    2    1    0      3795
   10    1    8    9    1    9    1    1    1      1076
   10    1    8   10    1   19    1    2    0      4426
   10    1    8   11    1    6    1    1    1      1858
   10    1    8   12    1    7    2    2    1       985
   10    1    8   13    1   25    2    1    0      1218
   10    1    8   14    1    2    1    1    1      1162
   10    1    9    1    1    3    2    2    1      3391
   10    1    9    2    1    7    2    2    1      2249
   10    1    9    3    1   21    1    1    1      1439
   10    1    9    4    1   12    2    2    1      1895
   10    1    9    5    1   28    2    2    1      3340
   10    1    9    6    1    9    1    2    0      2056
   10    1    9    7    1    2    1    1    1      5102
   10    1    9    8    1   19    1    2    0      2947
   10    1    9    9    1   26    2    1    0      3925
   10    1    9   10    1   31    2    2    1      4145
   10    1    9   11    1   22    1    1    1      3789
   10    1    9   12    1   15    2    2    1      3094
   10    1    9   13    1   25    2    1    0      3435
   10    1    9   14    1    6    1    1    1      3883
   10    1   10    1    1   21    1    1    1      1751
   10    1   10    2    1    7    2    2    1      3250
   10    1   10    3    1   28    2    2    1      1936
   10    1   10    4    1   15    2    2    1      2308
   10    1   10    5    1   26    2    1    0      2472
   10    1   10    6    1   19    1    2    0      2078
   10    1   10    7    1    6    1    2    0      2356
   10    1   10    8    1    2    1    1    1      2479
   10    1   10    9    1   31    2    2    1      3949
   10    1   10   10    1   22    1    2    0      2432
   10    1   10   11    1   25    2    1    0       775
   10    1   10   12    1    3    2    2    1      8209
   10    1   10   13    1   12    2    2    1      3369
   10    1   10   14    1    9    1    1    1      2580
   10    2    1    1    1    2    1    1    1      3074
   10    2    1    2    2    5    0    1    9      1286
   10    2    1    3    2   14    0    1    9      3107
   10    2    1    4    1    9    1    1    1      3368
   10    2    1    5    2   29    0    1    9      1906
   10    2    1    6    2   24    0    2    9      1623
   10    2    1    7    1    6    1    1    1      1175
   10    2    1    8    2    8    0    2    9       857
   10    2    1    9    1    7    2    1    0      4567
   10    2    1   10    2   16    0    2    9      1201
   10    2    1   11    1   15    2    2    1      3682
   10    2    1   12    1   19    1    2    0      1615
   10    2    1   13    1    6    1    1    1      1103
   10    2    1   14    1   25    2    1    0      1060
   10    2    1   15    1   28    2    2    1      1130
   10    2    1   16    2   20    0    2    9      1262
   10    2    1   17    2   24    0    2    9       941
   10    2    1   18    1    9    1    1    1      1080
   10    2    1   19    2   14    0    1    9      3101
   10    2    1   20    1   21    1    1    1      1106
   10    2    1   21    1   26    2    1    0       887
   10    2    1   22    1   12    2    2    1       932
   10    2    1   23    2   23    0    2    9      1215
   10    2    1   24    2   30    0    1    9       895
   10    2    1   25    1    3    2    2    1      1612
   10    2    1   26    1   15    2    2    1       878
   10    2    1   27    2   13    0    1    9      1148
   10    2    1   28    1   22    1    1    1      1023
   10    2    1   29    2    4    0    2    9      1159
   10    2    1   30    1    7    2    2    1       825
   10    2    1   31    2   14    0    1    9       729
   10    2    1   32    2   27    0    2    9       637
   10    2    1   33    1   28    2    2    1       884
   10    2    1   34    2    1    0    1    9       914
   10    2    1   35    1   31    2    2    1       862
   10    2    1   36    1   19    1    2    0       620
   10    2    1   37    1   21    1    1    1       804
   10    2    1   38    1   31    2    2    1      1013
   10    2    1   39    1   26    2    1    0       622
   10    2    1   40    2   14    0    1    9       790
   10    2    1   41    1   12    2    2    1       919
   10    2    1   42    1   25    2    1    0       835
   10    2    1   43    2   24    0    2    9      2018
   10    2    1   44    2   32    0    2    9       594
   10    2    1   45    1    2    1    1    1       956
   10    2    1   46    2   11    0    2    9       790
   10    2    1   47    2   17    0    1    9       776
   10    2    1   48    1    3    2    2    1       618
   10    2    1   49    2   24    0    2    9       722
   10    2    1   50    1   22    1    1    1       550
   10    2    1   51    2   10    0    2    9      1392
   10    2    1   52    2   18    0    1    9       762
   10    2    2    1    1   19    1    2    0      1004
   10    2    2    2    1   28    2    2    1       709
   10    2    2    3    2   16    0    2    9       714
   10    2    2    4    2    8    0    2    9       606
   10    2    2    5    2    1    0    1    9       615
   10    2    2    6    1   25    2    1    0      1279
   10    2    2    7    1   12    2    2    1       637
   10    2    2    8    2   17    0    1    9       916
   10    2    2    9    1    9    1    2    0      1680
   10    2    2   10    1   12    2    2    1       525
   10    2    2   11    2    5    0    1    9      1657
   10    2    2   12    1    2    1    1    1      1432
   10    2    2   13    1   28    2    2    1       911
   10    2    2   14    2   20    0    2    9       780
   10    2    2   15    1   15    2    1    0      1390
   10    2    2   16    1   25    2    1    0       903
   10    2    2   17    1   19    1    2    0       547
   10    2    2   18    2   14    0    1    9      1438
   10    2    2   19    2   27    0    2    9       709
   10    2    2   20    1   31    2    2    1       554
   10    2    2   21    1    9    1    1    1       533
   10    2    2   22    2   14    0    1    9       961
   10    2    2   23    2   13    0    1    9      1308
   10    2    2   24    2   14    0    2    9      1305
   10    2    2   25    1    7    2    2    1       677
   10    2    2   26    1   22    1    1    1      1483
   10    2    2   27    1   21    1    1    1       801
   10    2    2   28    1   15    2    2    1       721
   10    2    2   29    2   24    0    2    9      1413
   10    2    2   30    2   10    0    1    9       829
   10    2    2   31    1   26    2    1    0       557
   10    2    2   32    2   14    0    1    9      1064
   10    2    2   33    2   29    0    2    9       750
   10    2    2   34    2   18    0    1    9       753
   10    2    2   35    1    6    1    1    1      1171
   10    2    2   36    1    7    2    2    1      1189
   10    2    2   37    1   26    2    1    0       791
   10    2    2   38    2   32    0    2    9       808
   10    2    2   39    1   21    1    1    1       665
   10    2    2   40    1    6    1    1    1       719
   10    2    2   41    1   22    1    1    1       883
   10    2    2   42    1    2    1    2    0      1024
   10    2    2   43    2   24    0    2    9       632
   10    2    2   44    2   24    0    2    9       463
   10    2    2   45    2   11    0    2    9       733
   10    2    2   46    2   30    0    1    9       432
   10    2    2   47    1    3    2    2    1       528
   10    2    2   48    2    4    0    2    9       652
   10    2    2   49    2   24    0    2    9       722
   10    2    2   50    2   23    0    2    9       695
   10    2    2   51    1    3    2    2    1       556
   10    2    2   52    1   31    2    2    1       759
