   18    1    1    1    1    9    1    1    1      3054
   18    1    1    2    1   28    4    4    1      2905
   18    1    1    3    1   19    4    3    0      1478
   18    1    1    4    1   25    3    1    0       964
   18    1    1    5    1   22    3    3    1       966
   18    1    1    6    1    2    1    2    0      1008
   18    1    1    7    1   23    4    2    0      1792
   18    1    1    8    1   31    4    3    0      1890
   18    1    1    9    1   15    2    4    0       863
   18    1    1   10    1   18    3    3    1      2565
   18    1    1   11    1    7    2    1    0      1679
   18    1    1   12    1    3    2    2    1       901
   18    1    1   13    1   12    2    4    0       898
   18    1    1   14    1    6    1    3    0      5078
   18    1    2    1    1   23    4    2    0      5924
   18    1    2    2    1   19    4    3    0      3953
   18    1    2    3    1    2    1    3    0      2235
   18    1    2    4    1    7    2    1    0      2379
   18    1    2    5    1    6    1    1    1      2613
   18    1    2    6    1   28    4    4    1      2269
   18    1    2    7    1    9    1    1    1      4867
   18    1    2    8    1   18    3    1    0      1601
   18    1    2    9    1   12    2    4    0      9273
   18    1    2   10    1   25    3    2    0      3583
   18    1    2   11    1   22    3    2    0      2169
   18    1    2   12    1   31    4    3    0      3339
   18    1    2   13    1   15    2    4    0      5822
   18    1    2   14    1    3    2    3    0      7550
   18    1    3    1    1   25    3    1    0      5100
   18    1    3    2    1   18    3    1    0      2713
   18    1    3    3    1    3    2    1    0      1076
   18    1    3    4    1    7    2    3    0      5492
   18    1    3    5    1   28    4    4    1      4305
   18    1    3    6    1    6    1    1    1      7014
   18    1    3    7    1   23    4    2    0      4606
   18    1    3    8    1   12    2    3    0      3038
   18    1    3    9    1   15    2    3    0     11581
   18    1    3   10    1   19    4    1    0     13111
   18    1    3   11    1   22    3    2    0      4244
   18    1    3   12    1    9    1    1    1     12018
   18    1    3   13    1   31    4    2    0     21073
   18    1    3   14    1    2    1    3    0      3729
   18    1    4    1    1   22    3    1    0      2767
   18    1    4    2    1   18    3    3    1      3225
   18    1    4    3    1    6    1    2    0      3753
   18    1    4    4    1   15    2    4    0      2764
   18    1    4    5    1   28    4    3    0      3174
   18    1    4    6    1   23    4    2    0      4192
   18    1    4    7    1   19    4    2    0      4417
   18    1    4    8    1    9    1    1    1      2825
   18    1    4    9    1    7    2    2    1      6921
   18    1    4   10    1    2    1    2    0      4613
   18    1    4   11    1    3    2    4    0      1829
   18    1    4   12    1   31    4    3    0      3989
   18    1    4   13    1   12    2    4    0      2734
   18    1    4   14    1   25    3    2    0      3785
   18    1    5    1    1   18    3    2    0      4480
   18    1    5    2    1   22    3    4    0      1781
   18    1    5    3    1   25    3    4    0      6358
   18    1    5    4    1   23    4    2    0      1969
   18    1    5    5    1    9    1    2    0      6395
   18    1    5    6    1   19    4    2    0     18532
   18    1    5    7    1    2    1    3    0      2776
   18    1    5    8    1   15    2    4    0      2482
   18    1    5    9    1   28    4    3    0      4439
   18    1    5   10    1    7    2    2    1      3038
   18    1    5   11    1    6    1    1    1      2741
   18    1    5   12    1   31    4    4    1      2090
   18    1    5   13    1   12    2    3    0       615
   18    1    5   14    1    3    2    3    0     17862
   18    1    6    1    1    6    1    1    1      1865
   18    1    6    2    1    9    1    2    0     12542
   18    1    6    3    1   15    2    1    0      6434
   18    1    6    4    1   19    4    3    0      4057
   18    1    6    5    1   23    4    2    0      8160
   18    1    6    6    1    2    1    2    0      8499
   18    1    6    7    1    7    2    3    0     11175
   18    1    6    8    1   28    4    3    0     16129
   18    1    6    9    1    3    2    2    1      2549
   18    1    6   10    1   12    2    4    0      1488
   18    1    6   11    1   25    3    3    1      1789
   18    1    6   12    1   18    3    2    0      4006
   18    1    6   13    1   31    4    4    1      3615
   18    1    6   14    1   22    3    1    0      4239
   18    1    7    1    1    9    1    3    0      5308
   18    1    7    2    1    3    2    2    1      6960
   18    1    7    3    1    7    2    3    0      2875
   18    1    7    4    1    2    1    2    0      2961
   18    1    7    5    1   12    2    1    0     15075
   18    1    7    6    1   25    3    3    1     11585
   18    1    7    7    1   22    3    2    0      3459
   18    1    7    8    1   19    4    3    0      8481
   18    1    7    9    1   31    4    2    0      5031
   18    1    7   10    1    6    1    2    0      4822
   18    1    7   11    1   18    3    3    1      3246
   18    1    7   12    1   23    4    4    1      2557
   18    1    7   13    1   28    4    2    0      3223
   18    1    7   14    1   15    2    4    0      5999
   18    1    8    1    1   23    4    3    0      5823
   18    1    8    2    1   12    2    4    0      4815
   18    1    8    3    1   18    3    1    0      8983
   18    1    8    4    1   28    4    3    0      4505
   18    1    8    5    1    3    2    2    1      2605
   18    1    8    6    1   15    2    3    0     10726
   18    1    8    7    1   19    4    2    0      3506
   18    1    8    8    1    9    1    1    1      8990
   18    1    8    9    1    6    1    1    1      5352
   18    1    8   10    1   25    3    1    0      4323
   18    1    8   11    1   31    4    3    0      6542
   18    1    8   12    1    2    1    3    0      9314
   18    1    8   13    1    7    2    2    1      6694
   18    1    8   14    1   22    3    2    0      1275
   18    1    9    1    1   23    4    3    0      2398
   18    1    9    2    1    7    2    4    0      4870
   18    1    9    3    1    9    1    1    1      2668
   18    1    9    4    1   22    3    3    1      2163
   18    1    9    5    1   18    3    2    0      2733
   18    1    9    6    1   25    3    1    0      4008
   18    1    9    7    1   31    4    4    1      3025
   18    1    9    8    1   28    4    2    0      1881
   18    1    9    9    1   15    2    3    0      2182
   18    1    9   10    1   12    2    4    0      2552
   18    1    9   11    1   19    4    3    0      2922
   18    1    9   12    1    2    1    2    0      3262
   18    1    9   13    1    6    1    2    0     10325
   18    1    9   14    1    3    2    3    0     13200
   18    1   10    1    1    7    2    3    0     28097
   18    1   10    2    1   19    4    2    0      6151
   18    1   10    3    1   25    3    1    0      9001
   18    1   10    4    1    2    1    2    0      7978
   18    1   10    5    1    3    2    3    0     10979
   18    1   10    6    1   22    3    1    0      3861
   18    1   10    7    1   23    4    3    0      4340
   18    1   10    8    1   28    4    4    1      6351
   18    1   10    9    1   15    2    4    0     10625
   18    1   10   10    1    6    1    3    0     10049
   18    1   10   11    1   12    2    4    0      9768
   18    1   10   12    1   31    4    4    1      6298
   18    1   10   13    1    9    1    3    0     13295
   18    1   10   14    1   18    3    1    0      4468
   18    2    1    1    2   30    0    1    9     14397
   18    2    1    2    1   18    3    1    0      6509
   18    2    1    3    1    3    2    2    1      7386
   18    2    1    4    2   30    0    1    9      4355
   18    2    1    5    2   14    0    1    9      1910
   18    2    1    6    2   30    0    1    9      2587
   18    2    1    7    2   16    0    1    9      1300
   18    2    1    8    2    5    0    3    9      5489
   18    2    1    9    1    9    1    2    0      4550
   18    2    1   10    1    2    1    3    0      3969
   18    2    1   11    1   22    3    2    0      4819
   18    2    1   12    1   25    3    1    0      6018
   18    2    1   13    1    7    2    2    1      2515
   18    2    1   14    1   22    3    3    1      4639
   18    2    1   15    1   15    2    2    1      2614
   18    2    1   16    1   15    2    2    1      3038
   18    2    1   17    1   28    4    4    1      3461
   18    2    1   18    1   31    4    2    0      2972
   18    2    1   19    1   25    3    1    0      2470
   18    2    1   20    2   14    0    2    9      6420
   18    2    1   21    2   14    0    2    9      1940
   18    2    1   22    1    7    2    3    0      3943
   18    2    1   23    2   14    0    2    9      2794
   18    2    1   24    2   10    0    4    9      5404
   18    2    1   25    1   18    3    4    0      3716
   18    2    1   26    2    4    0    3    9      4544
   18    2    1   27    1    2    1    2    0      2540
   18    2    1   28    2   21    0    1    9      1783
   18    2    1   29    2   13    0    1    9      3232
   18    2    1   30    1   23    4    3    0      2352
   18    2    1   31    2   17    0    2    9      6178
   18    2    1   32    2   24    0    2    9      3868
   18    2    1   33    2    1    0    4    9      2627
   18    2    1   34    1   19    4    3    0      2970
   18    2    1   35    1   31    4    3    0      4084
   18    2    1   36    1    9    1    2    0      4242
   18    2    1   37    2   11    0    4    9      4793
   18    2    1   38    2   26    0    3    9      4010
   18    2    1   39    2   30    0    1    9      2331
   18    2    1   40    2   32    0    1    9      3374
   18    2    1   41    2   29    0    3    9      2968
   18    2    1   42    1   12    2    2    1      2226
   18    2    1   43    1    3    2    3    0      7642
   18    2    1   44    2    8    0    4    9      1577
   18    2    1   45    1    6    1    3    0      6187
   18    2    1   46    1   23    4    3    0      3973
   18    2    1   47    2   20    0    2    9      2071
   18    2    1   48    2   27    0    3    9      1973
   18    2    1   49    1   12    2    3    0      1367
   18    2    1   50    1   28    4    3    0      2177
   18    2    1   51    1   19    4    2    0      1691
   18    2    1   52    1    6    1    1    1      1672
   18    2    2    1    1    3    2    3    0      5398
   18    2    2    2    2   27    0    1    9      2047
   18    2    2    3    1   22    3    3    1      2685
   18    2    2    4    2   20    0    2    9      2931
   18    2    2    5    1   19    4    3    0      1438
   18    2    2    6    1   28    4    2    0      1973
   18    2    2    7    2   14    0    3    9      3319
   18    2    2    8    1    2    1    2    0      3331
   18    2    2    9    1   31    4    2    0      2271
   18    2    2   10    2   21    0    1    9      7316
   18    2    2   11    1    2    1    2    0      4208
   18    2    2   12    2   30    0    4    9      3129
   18    2    2   13    2   26    0    3    9      3421
   18    2    2   14    1   23    4    4    1      2629
   18    2    2   15    1    7    2    4    0      2621
   18    2    2   16    2    8    0    4    9      4693
   18    2    2   17    1   25    3    2    0      2571
   18    2    2   18    1   18    3    2    0      3444
   18    2    2   19    1    6    1    3    0      2332
   18    2    2   20    1    3    2    3    0      3647
   18    2    2   21    2   14    0    1    9      2670
   18    2    2   22    2   16    0    1    9      3140
   18    2    2   23    1    6    1    3    0      2119
   18    2    2   24    2   30    0    1    9      8995
   18    2    2   25    2    4    0    4    9      5788
   18    2    2   26    2   17    0    1    9      6677
   18    2    2   27    2   10    0    3    9      6555
   18    2    2   28    1   23    4    2    0      3270
   18    2    2   29    1   22    3    3    1      2916
   18    2    2   30    2   24    0    4    9      6816
   18    2    2   31    1    7    2    2    1     13680
   18    2    2   32    1   18    3    2    0     11117
   18    2    2   33    1   19    4    3    0      2977
   18    2    2   34    2   14    0    2    9      8875
   18    2    2   35    2   30    0    3    9      2297
   18    2    2   36    1    9    1    1    1      1422
   18    2    2   37    2   13    0    2    9      1989
   18    2    2   38    2   11    0    1    9      4711
   18    2    2   39    1   28    4    4    1      1291
   18    2    2   40    1   25    3    3    1      1897
   18    2    2   41    2    5    0    1    9      1213
   18    2    2   42    1   15    2    2    1      1821
   18    2    2   43    1   12    2    2    1      3013
   18    2    2   44    1   31    4    4    1      1213
   18    2    2   45    1   12    2    2    1      1245
   18    2    2   46    2   29    0    4    9      1581
   18    2    2   47    1   15    2    2    1      1166
   18    2    2   48    2    1    0    1    9       976
   18    2    2   49    2   30    0    4    9      1066
   18    2    2   50    2   14    0    2    9      1248
   18    2    2   51    1    9    1    1    1      1311
   18    2    2   52    2   32    0    4    9      1003
