   61    1    1    1    1   15    2    3    0     22167
   61    1    1    2    1    9    1    4    0      4556
   61    1    1    3    1    7    2    2    1     11086
   61    1    1    4    1   26    4    3    0      1299
   61    1    1    5    1   31    4    2    0      5752
   61    1    1    6    1    2    1    1    1      3994
   61    1    1    7    1   22    3    2    0     20619
   61    1    1    8    1   28    4    4    1      1771
   61    1    1    9    1    3    2    3    0      7189
   61    1    1   10    1   21    3    1    0       734
   61    1    1   11    1   25    4    3    0       489
   61    1    1   12    1   12    2    2    1       703
   61    1    1   13    1   19    3    1    0       740
   61    1    1   14    1    6    1    2    0       543
   61    1    2    1    1   28    4    1    0     35386
   61    1    2    2    1   19    3    3    1     33994
   61    1    2    3    1   22    3    2    0      1677
   61    1    2    4    1   25    4    1    0      3330
   61    1    2    5    1   12    2    4    0       710
   61    1    2    6    1    2    1    3    0      2146
   61    1    2    7    1    6    1    1    1      1764
   61    1    2    8    1    3    2    2    1       622
   61    1    2    9    1   31    4    4    1      2470
   61    1    2   10    1   26    4    3    0      2419
   61    1    2   11    1    7    2    1    0       491
   61    1    2   12    1   15    2    2    1       577
   61    1    2   13    1   21    3    3    1      2283
   61    1    2   14    1    9    1    4    0       944
   61    1    3    1    1   15    2    4    0      1799
   61    1    3    2    1   22    3    3    1      2137
   61    1    3    3    1    9    1    1    1       452
   61    1    3    4    1    7    2    2    1      2131
   61    1    3    5    1   31    4    3    0      1294
   61    1    3    6    1    2    1    2    0      1251
   61    1    3    7    1    6    1    1    1      2602
   61    1    3    8    1   12    2    3    0      1314
   61    1    3    9    1    3    2    3    0      1078
   61    1    3   10    1   26    4    4    1      1236
   61    1    3   11    1   25    4    1    0       931
   61    1    3   12    1   28    4    2    0      1958
   61    1    3   13    1   21    3    1    0      1008
   61    1    3   14    1   19    3    3    1       432
   61    1    4    1    1   28    4    4    1      1203
   61    1    4    2    1    7    2    1    0      2771
   61    1    4    3    1   26    4    4    1      1645
   61    1    4    4    1   15    2    3    0      1964
   61    1    4    5    1   19    3    2    0       774
   61    1    4    6    1   12    2    2    1      2384
   61    1    4    7    1   31    4    2    0      3058
   61    1    4    8    1   22    3    4    0       544
   61    1    4    9    1    2    1    1    1       820
   61    1    4   10    1   25    4    1    0       867
   61    1    4   11    1    6    1    4    0       698
   61    1    4   12    1   21    3    1    0      2614
   61    1    4   13    1    9    1    1    1      1014
   61    1    4   14    1    3    2    2    1      1358
   61    1    5    1    1    6    1    1    1      6302
   61    1    5    2    1   15    2    4    0      2435
   61    1    5    3    1   21    3    4    0      1210
   61    1    5    4    1   31    4    2    0      1155
   61    1    5    5    1   25    4    4    1      1086
   61    1    5    6    1   19    3    2    0      1043
   61    1    5    7    1    2    1    2    0      1682
   61    1    5    8    1    3    2    2    1      1126
   61    1    5    9    1    7    2    3    0      1754
   61    1    5   10    1   12    2    2    1      1469
   61    1    5   11    1   26    4    4    1      1170
   61    1    5   12    1   22    3    4    0      1444
   61    1    5   13    1   28    4    3    0      2388
   61    1    5   14    1    9    1    1    1      1245
   61    1    6    1    1   31    4    4    1     17310
   61    1    6    2    1    9    1    1    1      1163
   61    1    6    3    1    2    1    1    1       877
   61    1    6    4    1   12    2    2    1      3787
   61    1    6    5    1   19    3    3    1      2084
   61    1    6    6    1   28    4    4    1      1537
   61    1    6    7    1   22    3    3    1      2357
   61    1    6    8    1   21    3    3    1      7831
   61    1    6    9    1    7    2    2    1      2463
   61    1    6   10    1   15    2    3    0      4764
   61    1    6   11    1   25    4    4    1      1638
   61    1    6   12    1   26    4    2    0      4326
   61    1    6   13    1    3    2    3    0      1522
   61    1    6   14    1    6    1    2    0      1326
   61    1    7    1    1   15    2    2    1      1029
   61    1    7    2    1   21    3    4    0      2573
   61    1    7    3    1   25    4    1    0      1919
   61    1    7    4    1    3    2    2    1      1467
   61    1    7    5    1    6    1    3    0      2753
   61    1    7    6    1    2    1    1    1       780
   61    1    7    7    1   31    4    4    1      1133
   61    1    7    8    1   22    3    3    1      2640
   61    1    7    9    1    9    1    1    1      1031
   61    1    7   10    1    7    2    2    1       863
   61    1    7   11    1   28    4    3    0       973
   61    1    7   12    1   12    2    2    1      1183
   61    1    7   13    1   26    4    4    1      1456
   61    1    7   14    1   19    3    3    1      2070
   61    1    8    1    1   26    4    4    1      1096
   61    1    8    2    1   12    2    2    1       941
   61    1    8    3    1   21    3    3    1      1049
   61    1    8    4    1   28    4    4    1      2991
   61    1    8    5    1   19    3    1    0      1368
   61    1    8    6    1    7    2    1    0      2074
   61    1    8    7    1    2    1    1    1      1024
   61    1    8    8    1   22    3    3    1      1560
   61    1    8    9    1   25    4    4    1      1179
   61    1    8   10    1    6    1    2    0      1116
   61    1    8   11    1    3    2    1    0      1209
   61    1    8   12    1   31    4    4    1       913
   61    1    8   13    1   15    2    2    1      1309
   61    1    8   14    1    9    1    1    1       778
   61    1    9    1    1   31    4    4    1       655
   61    1    9    2    1   26    4    4    1      1302
   61    1    9    3    1   12    2    2    1      1299
   61    1    9    4    1   19    3    3    1       975
   61    1    9    5    1    2    1    1    1      1626
   61    1    9    6    1    3    2    2    1       873
   61    1    9    7    1    9    1    2    0      1399
   61    1    9    8    1   15    2    1    0      2168
   61    1    9    9    1   22    3    3    1      2026
   61    1    9   10    1    7    2    2    1      2025
   61    1    9   11    1   25    4    4    1      6009
   61    1    9   12    1   21    3    3    1      1370
   61    1    9   13    1    6    1    1    1      1203
   61    1    9   14    1   28    4    4    1      2132
   61    1   10    1    1    3    2    2    1      2978
   61    1   10    2    1    7    2    2    1      1469
   61    1   10    3    1   21    3    4    0      1602
   61    1   10    4    1   15    2    2    1      2395
   61    1   10    5    1    6    1    1    1       956
   61    1   10    6    1   28    4    4    1       950
   61    1   10    7    1    9    1    1    1      1601
   61    1   10    8    1   19    3    3    1       994
   61    1   10    9    1    2    1    2    0      3019
   61    1   10   10    1   31    4    3    0      2251
   61    1   10   11    1   25    4    4    1      1497
   61    1   10   12    1   12    2    2    1      1374
   61    1   10   13    1   26    4    3    0     12103
   61    1   10   14    1   22    3    3    1      1836
   61    2    1    1    1   28    4    4    1      3020
   61    2    1    2    1   19    3    3    1      1139
   61    2    1    3    1   26    4    4    1       871
   61    2    1    4    1    9    1    1    1      2005
   61    2    1    5    1    9    1    1    1      1045
   61    2    1    6    2   14    0    2    9      1485
   61    2    1    7    2   24    0    3    9      8002
   61    2    1    8    1    7    2    2    1      7986
   61    2    1    9    2    1    0    1    9      1252
   61    2    1   10    1   12    2    2    1      2370
   61    2    1   11    2   18    0    3    9      3652
   61    2    1   12    1   21    3    3    1      4531
   61    2    1   13    2   20    0    3    9      4782
   61    2    1   14    1    3    2    2    1      3295
   61    2    1   15    1    3    2    2    1       845
   61    2    1   16    2   24    0    3    9      7964
   61    2    1   17    1   15    2    2    1      1791
   61    2    1   18    2   16    0    2    9      1144
   61    2    1   19    1   19    3    3    1       955
   61    2    1   20    1   22    3    3    1      1670
   61    2    1   21    2   14    0    2    9      1556
   61    2    1   22    2   11    0    2    9      1062
   61    2    1   23    1   26    4    3    0      5357
   61    2    1   24    1   15    2    2    1      4215
   61    2    1   25    2   32    0    4    9      1966
   61    2    1   26    1    2    1    1    1      1362
   61    2    1   27    1   22    3    3    1      2140
   61    2    1   28    2   24    0    3    9      1000
   61    2    1   29    2   10    0    1    9      3601
   61    2    1   30    1    7    2    2    1      1841
   61    2    1   31    2   30    0    4    9      5513
   61    2    1   32    1   25    4    4    1      1901
   61    2    1   33    1   25    4    4    1      1361
   61    2    1   34    1   31    4    4    1      1548
   61    2    1   35    2   14    0    2    9      1791
   61    2    1   36    2    4    0    2    9      4328
   61    2    1   37    1    6    1    1    1      1132
   61    2    1   38    1    6    1    1    1       783
   61    2    1   39    2   27    0    4    9      1472
   61    2    1   40    2   23    0    3    9      1398
   61    2    1   41    2   29    0    4    9      1615
   61    2    1   42    2   14    0    1    9      4606
   61    2    1   43    2   24    0    4    9      1032
   61    2    1   44    2   13    0    1    9      4430
   61    2    1   45    2   17    0    3    9     15391
   61    2    1   46    1   12    2    2    1      2472
   61    2    1   47    2    8    0    2    9      4326
   61    2    1   48    2    5    0    1    9      1162
   61    2    1   49    1   28    4    4    1      1565
   61    2    1   50    1    2    1    1    1      5118
   61    2    1   51    1   31    4    4    1      2851
   61    2    1   52    1   21    3    3    1      1218
   61    2    2    1    2   24    0    3    9      3506
   61    2    2    2    1    6    1    1    1      1478
   61    2    2    3    1    2    1    1    1      1996
   61    2    2    4    1   25    4    4    1       957
   61    2    2    5    2   16    0    2    9      1463
   61    2    2    6    2   32    0    4    9      2461
   61    2    2    7    2   18    0    3    9      4380
   61    2    2    8    2   14    0    1    9      9821
   61    2    2    9    2   13    0    1    9      2293
   61    2    2   10    1   19    3    3    1      4714
   61    2    2   11    1   22    3    3    1      3102
   61    2    2   12    2   10    0    2    9      1603
   61    2    2   13    1   31    4    3    0      3379
   61    2    2   14    1   28    4    4    1      1885
   61    2    2   15    1   15    2    2    1      1506
   61    2    2   16    1   21    3    3    1      1431
   61    2    2   17    1   12    2    2    1      1182
   61    2    2   18    2   17    0    3    9      2751
   61    2    2   19    1   15    2    2    1      1586
   61    2    2   20    1   12    2    2    1       915
   61    2    2   21    1    7    2    2    1       783
   61    2    2   22    1    9    1    1    1       832
   61    2    2   23    1    6    1    1    1       832
   61    2    2   24    2   24    0    4    9       671
   61    2    2   25    2   24    0    4    9       517
   61    2    2   26    1    7    2    2    1      2929
   61    2    2   27    2   24    0    3    9      3517
   61    2    2   28    2   14    0    1    9       641
   61    2    2   29    2   20    0    3    9      6552
   61    2    2   30    2    1    0    1    9      1762
   61    2    2   31    2   29    0    4    9      1357
   61    2    2   32    2   30    0    4    9       695
   61    2    2   33    1   25    4    4    1       813
   61    2    2   34    1   28    4    4    1       541
   61    2    2   35    1    3    2    2    1      2216
   61    2    2   36    1    9    1    1    1       833
   61    2    2   37    2   14    0    2    9      1344
   61    2    2   38    1   26    4    4    1      6795
   61    2    2   39    1   31    4    4    1       524
   61    2    2   40    2   14    0    1    9      1113
   61    2    2   41    2    4    0    2    9      5596
   61    2    2   42    2   11    0    2    9      1389
   61    2    2   43    1   21    3    3    1      2470
   61    2    2   44    2   23    0    4    9       884
   61    2    2   45    1    3    2    3    0      1826
   61    2    2   46    1   19    3    3    1      6889
   61    2    2   47    2    8    0    2    9      2231
   61    2    2   48    2   27    0    3    9      1247
   61    2    2   49    1   26    4    4    1      1005
   61    2    2   50    1    2    1    2    0      2406
   61    2    2   51    2    5    0    1    9       694
   61    2    2   52    1   22    3    3    1      9819
