   53    1    1    1    1    6    1    1    1      5819
   53    1    1    2    1   12    2    1    0      2912
   53    1    1    3    1   31    4    3    0      3702
   53    1    1    4    1    2    1    1    1      3019
   53    1    1    5    1   28    4    4    1      3020
   53    1    1    6    1    9    1    1    1      2300
   53    1    1    7    1    7    2    1    0      1866
   53    1    1    8    1   22    3    4    0      2640
   53    1    1    9    1   21    3    2    0      4144
   53    1    1   10    1   26    4    3    0      2772
   53    1    1   11    1    3    2    1    0      6927
   53    1    1   12    1   25    4    2    0      6468
   53    1    1   13    1   15    2    3    0      7691
   53    1    1   14    1   19    3    2    0      6370
   53    1    2    1    1   21    3    2    0      4179
   53    1    2    2    1   15    2    4    0      3630
   53    1    2    3    1    3    2    1    0      5494
   53    1    2    4    1   28    4    3    0      2492
   53    1    2    5    1    7    2    1    0      5842
   53    1    2    6    1   31    4    4    1      2827
   53    1    2    7    1   26    4    3    0      3379
   53    1    2    8    1   19    3    3    1      3774
   53    1    2    9    1   22    3    3    1      5137
   53    1    2   10    1    2    1    1    1      2381
   53    1    2   11    1    9    1    4    0      4711
   53    1    2   12    1    6    1    2    0      2820
   53    1    2   13    1   25    4    3    0      3469
   53    1    2   14    1   12    2    4    0      6828
   53    1    3    1    1   15    2    4    0      4579
   53    1    3    2    1    7    2    3    0      3670
   53    1    3    3    1   19    3    3    1      3381
   53    1    3    4    1    6    1    1    1      4959
   53    1    3    5    1   28    4    4    1      4330
   53    1    3    6    1   22    3    3    1      2567
   53    1    3    7    1    3    2    1    0      2346
   53    1    3    8    1    9    1    1    1      2814
   53    1    3    9    1   26    4    3    0      3486
   53    1    3   10    1   21    3    3    1      6828
   53    1    3   11    1    2    1    1    1      2477
   53    1    3   12    1   31    4    4    1      2748
   53    1    3   13    1   12    2    2    1      3023
   53    1    3   14    1   25    4    3    0      2112
   53    1    4    1    1   28    4    4    1      5235
   53    1    4    2    1   21    3    3    1      2428
   53    1    4    3    1   25    4    4    1      1868
   53    1    4    4    1    3    2    2    1      1907
   53    1    4    5    1    9    1    2    0      3448
   53    1    4    6    1    6    1    2    0      4407
   53    1    4    7    1   19    3    3    1      1985
   53    1    4    8    1    7    2    2    1      1923
   53    1    4    9    1   22    3    3    1      1767
   53    1    4   10    1   31    4    4    1      1890
   53    1    4   11    1    2    1    1    1      2655
   53    1    4   12    1   12    2    2    1      1895
   53    1    4   13    1   26    4    3    0      2693
   53    1    4   14    1   15    2    2    1      1787
   53    1    5    1    1   21    3    3    1      1935
   53    1    5    2    1   12    2    2    1      1611
   53    1    5    3    1   22    3    3    1      2245
   53    1    5    4    1   28    4    4    1      1325
   53    1    5    5    1   25    4    3    0      2081
   53    1    5    6    1   19    3    3    1      1111
   53    1    5    7    1    7    2    2    1      1836
   53    1    5    8    1    9    1    1    1      1228
   53    1    5    9    1   31    4    4    1      2365
   53    1    5   10    1    3    2    2    1      2055
   53    1    5   11    1   15    2    2    1      1550
   53    1    5   12    1    6    1    1    1      1873
   53    1    5   13    1    2    1    1    1      1024
   53    1    5   14    1   26    4    3    0      2544
   53    1    6    1    1    6    1    2    0      1970
   53    1    6    2    1   25    4    3    0      2308
   53    1    6    3    1   26    4    4    1      1570
   53    1    6    4    1   31    4    4    1       884
   53    1    6    5    1   22    3    4    0      1482
   53    1    6    6    1   19    3    3    1      1352
   53    1    6    7    1   28    4    4    1      1003
   53    1    6    8    1    2    1    1    1      1836
   53    1    6    9    1    3    2    1    0      2492
   53    1    6   10    1   12    2    2    1      1266
   53    1    6   11    1   15    2    2    1      1128
   53    1    6   12    1    7    2    2    1      1524
   53    1    6   13    1   21    3    3    1      2065
   53    1    6   14    1    9    1    2    0      2231
   53    1    7    1    1   31    4    4    1      4071
   53    1    7    2    1   15    2    2    1      2374
   53    1    7    3    1   25    4    3    0      3080
   53    1    7    4    1    9    1    2    0      5678
   53    1    7    5    1   21    3    3    1      3765
   53    1    7    6    1    3    2    2    1      2441
   53    1    7    7    1    6    1    2    0      2913
   53    1    7    8    1   26    4    4    1      2270
   53    1    7    9    1   19    3    3    1      1381
   53    1    7   10    1    2    1    1    1      2494
   53    1    7   11    1   12    2    2    1      1396
   53    1    7   12    1   22    3    3    1      1838
   53    1    7   13    1   28    4    4    1      1078
   53    1    7   14    1    7    2    2    1      2236
   53    1    8    1    1   26    4    3    0      4635
   53    1    8    2    1   25    4    3    0      1795
   53    1    8    3    1    7    2    2    1      2629
   53    1    8    4    1   28    4    4    1      2198
   53    1    8    5    1    3    2    2    1      1863
   53    1    8    6    1    2    1    1    1      1886
   53    1    8    7    1   19    3    3    1      1684
   53    1    8    8    1   31    4    4    1      1546
   53    1    8    9    1   21    3    3    1      1421
   53    1    8   10    1    9    1    2    0      2054
   53    1    8   11    1   22    3    3    1      3149
   53    1    8   12    1   15    2    2    1      2664
   53    1    8   13    1    6    1    1    1      2183
   53    1    8   14    1   12    2    2    1      1865
   53    1    9    1    1   26    4    4    1      3324
   53    1    9    2    1    7    2    2    1      2073
   53    1    9    3    1   21    3    3    1      2424
   53    1    9    4    1   12    2    2    1      1832
   53    1    9    5    1   19    3    3    1      2136
   53    1    9    6    1   15    2    2    1      1908
   53    1    9    7    1    9    1    1    1      1849
   53    1    9    8    1    2    1    1    1      1872
   53    1    9    9    1   28    4    4    1      2686
   53    1    9   10    1   22    3    3    1      2108
   53    1    9   11    1    3    2    2    1      2521
   53    1    9   12    1   31    4    4    1      1646
   53    1    9   13    1   25    4    4    1      2630
   53    1    9   14    1    6    1    1    1      2190
   53    1   10    1    1    7    2    3    0      2834
   53    1   10    2    1   19    3    3    1      2146
   53    1   10    3    1   12    2    2    1      2046
   53    1   10    4    1    3    2    1    0      4918
   53    1   10    5    1    2    1    1    1      1691
   53    1   10    6    1   15    2    2    1      3465
   53    1   10    7    1   21    3    3    1      1735
   53    1   10    8    1   31    4    4    1       947
   53    1   10    9    1    9    1    2    0      1982
   53    1   10   10    1   25    4    3    0      1760
   53    1   10   11    1   22    3    3    1      1779
   53    1   10   12    1   28    4    4    1       997
   53    1   10   13    1   26    4    4    1      1599
   53    1   10   14    1    6    1    2    0      1552
   53    2    1    1    1   31    4    4    1      2372
   53    2    1    2    1    9    1    1    1      1999
   53    2    1    3    1   21    3    3    1      1968
   53    2    1    4    2   29    0    3    9      2602
   53    2    1    5    1    2    1    1    1      2140
   53    2    1    6    1   25    4    3    0      1863
   53    2    1    7    1   19    3    3    1      1822
   53    2    1    8    1   28    4    4    1      1062
   53    2    1    9    1   26    4    4    1      1981
   53    2    1   10    2    4    0    2    9      2559
   53    2    1   11    2   20    0    4    9      3458
   53    2    1   12    1   21    3    4    0      1930
   53    2    1   13    1   19    3    3    1      1982
   53    2    1   14    2    5    0    1    9      1640
   53    2    1   15    2   10    0    2    9      3248
   53    2    1   16    2   24    0    4    9      2079
   53    2    1   17    1   15    2    2    1      4165
   53    2    1   18    1    6    1    1    1      1592
   53    2    1   19    1   26    4    4    1      5426
   53    2    1   20    2   16    0    2    9      1667
   53    2    1   21    2   14    0    2    9      2193
   53    2    1   22    1   22    3    3    1      3131
   53    2    1   23    2   30    0    4    9      1951
   53    2    1   24    1    9    1    1    1      3458
   53    2    1   25    1   25    4    3    0      1993
   53    2    1   26    2   24    0    3    9      2507
   53    2    1   27    1    3    2    2    1      5256
   53    2    1   28    1    6    1    1    1      1992
   53    2    1   29    2   14    0    2    9      1874
   53    2    1   30    1    7    2    2    1      1752
   53    2    1   31    1    7    2    2    1      1139
   53    2    1   32    2   32    0    4    9      1495
   53    2    1   33    1    3    2    2    1      4469
   53    2    1   34    2   27    0    4    9      2237
   53    2    1   35    2   18    0    3    9      1324
   53    2    1   36    2    8    0    2    9      2801
   53    2    1   37    1   12    2    2    1      1090
   53    2    1   38    1    2    1    1    1      1592
   53    2    1   39    2   11    0    2    9      1418
   53    2    1   40    1   31    4    4    1      2170
   53    2    1   41    1   28    4    4    1      1053
   53    2    1   42    1   15    2    2    1      1548
   53    2    1   43    2   17    0    3    9      2031
   53    2    1   44    1   22    3    3    1      3520
   53    2    1   45    2   14    0    2    9      1661
   53    2    1   46    2   24    0    4    9      1892
   53    2    1   47    2   13    0    1    9      2177
   53    2    1   48    1   12    2    2    1      1676
   53    2    1   49    2    1    0    1    9      1299
   53    2    1   50    2   24    0    4    9      4008
   53    2    1   51    2   14    0    2    9      2209
   53    2    1   52    2   23    0    3    9      2778
   53    2    2    1    2   24    0    3    9      1789
   53    2    2    2    2   14    0    2    9      2695
   53    2    2    3    2   24    0    3    9      2077
   53    2    2    4    1   15    2    2    1      1691
   53    2    2    5    1   15    2    2    1      1137
   53    2    2    6    2   14    0    2    9      1437
   53    2    2    7    1    9    1    1    1      2820
   53    2    2    8    1   26    4    3    0      1589
   53    2    2    9    2   32    0    4    9      1359
   53    2    2   10    2   14    0    2    9      1715
   53    2    2   11    2   13    0    1    9      1047
   53    2    2   12    1    6    1    1    1      6054
   53    2    2   13    1    3    2    2    1      2334
   53    2    2   14    2   17    0    4    9      2905
   53    2    2   15    1   19    3    4    0      1383
   53    2    2   16    2   27    0    4    9      2016
   53    2    2   17    1   31    4    4    1       921
   53    2    2   18    2   23    0    4    9      3229
   53    2    2   19    2   24    0    4    9      1054
   53    2    2   20    2   30    0    3    9      1341
   53    2    2   21    1   21    3    4    0      1048
   53    2    2   22    1   25    4    4    1       952
   53    2    2   23    1    7    2    2    1      1938
   53    2    2   24    2   10    0    2    9      1718
   53    2    2   25    1   28    4    4    1      1835
   53    2    2   26    2    8    0    2    9      1874
   53    2    2   27    1    2    1    1    1      1505
   53    2    2   28    1   25    4    3    0      1334
   53    2    2   29    1    9    1    1    1      1842
   53    2    2   30    1   31    4    4    1      2162
   53    2    2   31    1   21    3    4    0      3357
   53    2    2   32    2    5    0    1    9      2640
   53    2    2   33    1   12    2    2    1      1472
   53    2    2   34    1   22    3    3    1      2726
   53    2    2   35    2   11    0    2    9      2675
   53    2    2   36    2   18    0    3    9      3041
   53    2    2   37    2   24    0    4    9      1873
   53    2    2   38    1   19    3    3    1      1952
   53    2    2   39    2    4    0    2    9      2027
   53    2    2   40    1    7    2    2    1      1435
   53    2    2   41    2   16    0    2    9      1579
   53    2    2   42    1    3    2    2    1      1501
   53    2    2   43    1   26    4    4    1      2827
   53    2    2   44    1    6    1    1    1      2427
   53    2    2   45    2   29    0    4    9      1836
   53    2    2   46    2   20    0    3    9      2363
   53    2    2   47    1   12    2    2    1      1814
   53    2    2   48    2   14    0    2    9      1263
   53    2    2   49    1    2    1    1    1      1533
   53    2    2   50    2    1    0    1    9      1145
   53    2    2   51    1   28    4    4    1      2021
   53    2    2   52    1   22    3    3    1      2061
