   32    1    1    1    1   26    4    2    0      7422
   32    1    1    2    1   22    3    4    0      2674
   32    1    1    3    1   25    4    1    0      2736
   32    1    1    4    1   21    3    1    0      2027
   32    1    1    5    1   12    2    1    0      1715
   32    1    1    6    1    9    1    3    0      1991
   32    1    1    7    1   15    2    3    0      2464
   32    1    1    8    1    7    2    2    1      1942
   32    1    1    9    1    2    1    3    0      2041
   32    1    1   10    1    6    1    1    1      1776
   32    1    1   11    1   28    4    3    0      2987
   32    1    1   12    1    3    2    2    1      2188
   32    1    1   13    1   31    4    3    0      1861
   32    1    1   14    1   19    3    4    0      1492
   32    1    2    1    1   26    4    3    0      3498
   32    1    2    2    1    6    1    1    1      2103
   32    1    2    3    1   15    2    3    0      2292
   32    1    2    4    1   28    4    4    1      1777
   32    1    2    5    1   12    2    4    0      1515
   32    1    2    6    1    7    2    1    0      1623
   32    1    2    7    1   22    3    3    1      3151
   32    1    2    8    1    2    1    1    1      1890
   32    1    2    9    1   19    3    3    1      1655
   32    1    2   10    1   25    4    4    1       854
   32    1    2   11    1   21    3    4    0       740
   32    1    2   12    1    3    2    1    0      1743
   32    1    2   13    1    9    1    1    1      1779
   32    1    2   14    1   31    4    4    1      1437
   32    1    3    1    1    7    2    2    1      2474
   32    1    3    2    1   28    4    4    1       904
   32    1    3    3    1    3    2    1    0      1812
   32    1    3    4    1   26    4    4    1      1157
   32    1    3    5    1   21    3    3    1      1848
   32    1    3    6    1    9    1    1    1      1950
   32    1    3    7    1   12    2    2    1      1777
   32    1    3    8    1   31    4    4    1      1995
   32    1    3    9    1   22    3    3    1      1388
   32    1    3   10    1    2    1    2    0      1813
   32    1    3   11    1    6    1    2    0      1125
   32    1    3   12    1   15    2    2    1      1041
   32    1    3   13    1   19    3    3    1      1160
   32    1    3   14    1   25    4    4    1       891
   32    1    4    1    1   25    4    4    1      1938
   32    1    4    2    1    7    2    2    1      2358
   32    1    4    3    1   21    3    3    1      1896
   32    1    4    4    1   19    3    3    1      3005
   32    1    4    5    1    6    1    2    0      1573
   32    1    4    6    1   31    4    4    1      1119
   32    1    4    7    1   22    3    3    1      1123
   32    1    4    8    1   15    2    2    1      2263
   32    1    4    9    1   26    4    4    1      1037
   32    1    4   10    1   12    2    2    1      1012
   32    1    4   11    1    3    2    1    0       525
   32    1    4   12    1    9    1    1    1      4337
   32    1    4   13    1   28    4    4    1      3044
   32    1    4   14    1    2    1    1    1      2235
   32    1    5    1    1   26    4    4    1      2796
   32    1    5    2    1   21    3    4    0      2717
   32    1    5    3    1    6    1    2    0      1913
   32    1    5    4    1    9    1    2    0       869
   32    1    5    5    1    2    1    2    0      2219
   32    1    5    6    1   31    4    4    1       747
   32    1    5    7    1   19    3    4    0      1214
   32    1    5    8    1   12    2    1    0      1862
   32    1    5    9    1   28    4    4    1      1012
   32    1    5   10    1   15    2    2    1      1325
   32    1    5   11    1    3    2    1    0       905
   32    1    5   12    1   25    4    4    1      1133
   32    1    5   13    1   22    3    4    0      1009
   32    1    5   14    1    7    2    2    1      2721
   32    1    6    1    1   19    3    4    0      3024
   32    1    6    2    1   12    2    2    1       977
   32    1    6    3    1    3    2    2    1      1099
   32    1    6    4    1   15    2    1    0      2463
   32    1    6    5    1   31    4    3    0      1301
   32    1    6    6    1    9    1    1    1      1002
   32    1    6    7    1    6    1    2    0      2195
   32    1    6    8    1   22    3    3    1      1604
   32    1    6    9    1    2    1    1    1      2564
   32    1    6   10    1   21    3    3    1      1646
   32    1    6   11    1    7    2    2    1      1565
   32    1    6   12    1   26    4    3    0      2575
   32    1    6   13    1   28    4    4    1      1313
   32    1    6   14    1   25    4    4    1      3453
   32    1    7    1    1    2    1    1    1      4782
   32    1    7    2    1   25    4    4    1      2095
   32    1    7    3    1   19    3    4    0      1676
   32    1    7    4    1    6    1    2    0      1298
   32    1    7    5    1   21    3    4    0      2311
   32    1    7    6    1   28    4    4    1      1235
   32    1    7    7    1    3    2    2    1      1699
   32    1    7    8    1   15    2    2    1      1312
   32    1    7    9    1   31    4    4    1      1564
   32    1    7   10    1   26    4    2    0      1150
   32    1    7   11    1   22    3    4    0      1144
   32    1    7   12    1    9    1    1    1      1156
   32    1    7   13    1    7    2    2    1      1319
   32    1    7   14    1   12    2    2    1      4642
   32    1    8    1    1   19    3    4    0      3107
   32    1    8    2    1   22    3    3    1      1695
   32    1    8    3    1   26    4    4    1      1197
   32    1    8    4    1   12    2    2    1      1629
   32    1    8    5    1   28    4    4    1      1373
   32    1    8    6    1   15    2    2    1      1478
   32    1    8    7    1   31    4    4    1      1197
   32    1    8    8    1    3    2    1    0      1629
   32    1    8    9    1    9    1    1    1      1717
   32    1    8   10    1   21    3    3    1      1361
   32    1    8   11    1   25    4    1    0      3404
   32    1    8   12    1    2    1    2    0      2508
   32    1    8   13    1    6    1    1    1      2705
   32    1    8   14    1    7    2    2    1      1269
   32    1    9    1    1   31    4    4    1      2819
   32    1    9    2    1   12    2    2    1      1219
   32    1    9    3    1    3    2    1    0      1106
   32    1    9    4    1   15    2    2    1      1759
   32    1    9    5    1    6    1    1    1      1050
   32    1    9    6    1    9    1    1    1      2128
   32    1    9    7    1   26    4    3    0      1196
   32    1    9    8    1    7    2    2    1      1733
   32    1    9    9    1    2    1    1    1      1104
   32    1    9   10    1   21    3    4    0      1604
   32    1    9   11    1   28    4    4    1      1198
   32    1    9   12    1   22    3    3    1      1182
   32    1    9   13    1   25    4    4    1      1600
   32    1    9   14    1   19    3    3    1      1313
   32    1   10    1    1    9    1    2    0      1786
   32    1   10    2    1   28    4    4    1      1083
   32    1   10    3    1   12    2    2    1       992
   32    1   10    4    1    7    2    2    1      2601
   32    1   10    5    1   19    3    4    0      2002
   32    1   10    6    1   22    3    3    1       859
   32    1   10    7    1    3    2    3    0       873
   32    1   10    8    1   31    4    3    0      3119
   32    1   10    9    1    2    1    1    1      2091
   32    1   10   10    1   26    4    3    0      1608
   32    1   10   11    1   15    2    4    0      1025
   32    1   10   12    1    6    1    2    0      1361
   32    1   10   13    1   25    4    3    0      1124
   32    1   10   14    1   21    3    3    1      1759
   32    2    1    1    1    3    2    2    1      2907
   32    2    1    2    2   24    0    4    9      1078
   32    2    1    3    2   10    0    1    9      2604
   32    2    1    4    2    1    0    1    9      1589
   32    2    1    5    2   14    0    2    9      1254
   32    2    1    6    1    6    1    1    1       884
   32    2    1    7    2   29    0    3    9      2306
   32    2    1    8    2   24    0    4    9      1718
   32    2    1    9    1   15    2    1    0      1026
   32    2    1   10    2   17    0    1    9      2890
   32    2    1   11    1    7    2    2    1      1496
   32    2    1   12    2   24    0    4    9      2013
   32    2    1   13    2   14    0    2    9      2541
   32    2    1   14    2   23    0    4    9       968
   32    2    1   15    1   31    4    4    1      1283
   32    2    1   16    2    8    0    1    9      1792
   32    2    1   17    1   26    4    4    1       825
   32    2    1   18    1    6    1    2    0       889
   32    2    1   19    1    9    1    1    1      1335
   32    2    1   20    2   14    0    1    9       802
   32    2    1   21    1    7    2    2    1       850
   32    2    1   22    1   12    2    1    0       577
   32    2    1   23    1   26    4    4    1      1019
   32    2    1   24    1   15    2    1    0      1779
   32    2    1   25    1    9    1    2    0       957
   32    2    1   26    1    2    1    2    0       695
   32    2    1   27    2   27    0    4    9       589
   32    2    1   28    1   25    4    3    0       951
   32    2    1   29    1   21    3    3    1      1170
   32    2    1   30    2   16    0    2    9       867
   32    2    1   31    2    5    0    1    9       913
   32    2    1   32    2   20    0    4    9      1037
   32    2    1   33    2   14    0    2    9       788
   32    2    1   34    1   21    3    3    1       774
   32    2    1   35    1   28    4    3    0       616
   32    2    1   36    1   28    4    4    1      1136
   32    2    1   37    2   30    0    4    9      1107
   32    2    1   38    1   19    3    3    1       984
   32    2    1   39    2   18    0    3    9       529
   32    2    1   40    2   11    0    2    9      1405
   32    2    1   41    1   12    2    1    0       566
   32    2    1   42    1   22    3    3    1      2063
   32    2    1   43    1   22    3    3    1       925
   32    2    1   44    2    4    0    2    9       985
   32    2    1   45    1   31    4    4    1      1859
   32    2    1   46    1   25    4    1    0       857
   32    2    1   47    1    3    2    2    1       792
   32    2    1   48    2   32    0    4    9       729
   32    2    1   49    2   24    0    3    9       653
   32    2    1   50    1   19    3    4    0       819
   32    2    1   51    2   13    0    1    9       979
   32    2    1   52    1    2    1    2    0       765
   32    2    2    1    2   20    0    4    9       879
   32    2    2    2    1   28    4    2    0      1037
   32    2    2    3    2   14    0    2    9       884
   32    2    2    4    1   15    2    4    0       897
   32    2    2    5    2   14    0    2    9       830
   32    2    2    6    2   11    0    2    9       893
   32    2    2    7    1    7    2    2    1       811
   32    2    2    8    2    1    0    1    9       715
   32    2    2    9    1    9    1    1    1       512
   32    2    2   10    1   31    4    2    0       829
   32    2    2   11    1    6    1    2    0       780
   32    2    2   12    1    2    1    2    0       846
   32    2    2   13    2   14    0    2    9      1485
   32    2    2   14    2    4    0    2    9      1123
   32    2    2   15    1   22    3    3    1      1206
   32    2    2   16    1   25    4    3    0       935
   32    2    2   17    2   18    0    4    9      1522
   32    2    2   18    1   15    2    2    1      1846
   32    2    2   19    1   19    3    4    0       893
   32    2    2   20    2   24    0    4    9      2074
   32    2    2   21    2    8    0    2    9      1432
   32    2    2   22    2   24    0    4    9       831
   32    2    2   23    1   25    4    2    0      2126
   32    2    2   24    1    7    2    2    1       683
   32    2    2   25    1    2    1    2    0      2592
   32    2    2   26    2   27    0    4    9       777
   32    2    2   27    1   12    2    2    1      1643
   32    2    2   28    1   22    3    3    1       827
   32    2    2   29    1    6    1    2    0      1578
   32    2    2   30    1   12    2    4    0       764
   32    2    2   31    2   32    0    4    9      1086
   32    2    2   32    2   13    0    1    9      1284
   32    2    2   33    1    9    1    1    1       753
   32    2    2   34    1   19    3    4    0       899
   32    2    2   35    1   26    4    3    0       880
   32    2    2   36    1    3    2    2    1      1085
   32    2    2   37    1   21    3    3    1       867
   32    2    2   38    2   23    0    4    9       577
   32    2    2   39    2   10    0    1    9       699
   32    2    2   40    1   31    4    4    1      1135
   32    2    2   41    2   24    0    4    9       755
   32    2    2   42    1    3    2    2    1       917
   32    2    2   43    2   14    0    2    9      1297
   32    2    2   44    2   29    0    3    9      1118
   32    2    2   45    2   24    0    4    9      1122
   32    2    2   46    1   26    4    3    0      1174
   32    2    2   47    1   21    3    1    0      1704
   32    2    2   48    2    5    0    1    9       612
   32    2    2   49    1   28    4    4    1      2733
   32    2    2   50    2   30    0    3    9       928
   32    2    2   51    2   16    0    2    9       988
   32    2    2   52    2   17    0    3    9      1317
