   15    1    1    1    1   12    2    1    0      6609
   15    1    1    2    1    6    1    2    0      3547
   15    1    1    3    1   21    1    1    1      5238
   15    1    1    4    1   19    1    2    0      2917
   15    1    1    5    1    9    1    1    1       905
   15    1    1    6    1    2    1    1    1      1254
   15    1    1    7    1   26    2    1    0       645
   15    1    1    8    1   31    2    2    1       996
   15    1    1    9    1   22    1    1    1      1229
   15    1    1   10    1    7    2    1    0      1469
   15    1    1   11    1    3    2    1    0       827
   15    1    1   12    1   25    2    2    1      3587
   15    1    1   13    1   15    2    2    1      1109
   15    1    1   14    1   28    2    2    1      2217
   15    1    2    1    1   31    2    2    1      1444
   15    1    2    2    1    9    1    2    0      3692
   15    1    2    3    1   15    2    2    1       961
   15    1    2    4    1   12    2    1    0      1292
   15    1    2    5    1   26    2    1    0      1489
   15    1    2    6    1   25    2    2    1      1006
   15    1    2    7    1    2    1    1    1       823
   15    1    2    8    1   21    1    1    1       695
   15    1    2    9    1   19    1    1    1      1100
   15    1    2   10    1    7    2    1    0      2049
   15    1    2   11    1    6    1    2    0       776
   15    1    2   12    1   28    2    2    1       610
   15    1    2   13    1    3    2    1    0       538
   15    1    2   14    1   22    1    2    0      1950
   15    1    3    1    1    7    2    2    1      4387
   15    1    3    2    1   21    1    1    1      1285
   15    1    3    3    1   25    2    2    1      1218
   15    1    3    4    1   22    1    2    0      5122
   15    1    3    5    1   28    2    2    1      1038
   15    1    3    6    1   15    2    2    1      1029
   15    1    3    7    1   31    2    2    1       701
   15    1    3    8    1    2    1    1    1      1426
   15    1    3    9    1   19    1    1    1      1674
   15    1    3   10    1   26    2    2    1      1128
   15    1    3   11    1   12    2    2    1       955
   15    1    3   12    1    6    1    1    1       870
   15    1    3   13    1    9    1    2    0      2004
   15    1    3   14    1    3    2    1    0      1053
   15    1    4    1    1   26    2    2    1      2680
   15    1    4    2    1   28    2    2    1       750
   15    1    4    3    1    3    2    1    0       737
   15    1    4    4    1    2    1    2    0      1644
   15    1    4    5    1   19    1    2    0      3155
   15    1    4    6    1   31    2    2    1      4654
   15    1    4    7    1    9    1    2    0      3829
   15    1    4    8    1   21    1    1    1      2869
   15    1    4    9    1    6    1    1    1      2659
   15    1    4   10    1   15    2    2    1      1946
   15    1    4   11    1    7    2    2    1      2174
   15    1    4   12    1   25    2    1    0      1528
   15    1    4   13    1   22    1    2    0      2324
   15    1    4   14    1   12    2    2    1      1552
   15    1    5    1    1   15    2    2    1       833
   15    1    5    2    1    3    2    2    1      2352
   15    1    5    3    1    9    1    1    1      3971
   15    1    5    4    1   28    2    2    1      1029
   15    1    5    5    1   21    1    1    1       989
   15    1    5    6    1   31    2    2    1       935
   15    1    5    7    1   22    1    1    1       867
   15    1    5    8    1   12    2    2    1       673
   15    1    5    9    1    2    1    1    1       567
   15    1    5   10    1   25    2    1    0       673
   15    1    5   11    1   19    1    2    0      2608
   15    1    5   12    1   26    2    2    1      1297
   15    1    5   13    1    7    2    2    1      2237
   15    1    5   14    1    6    1    1    1      1300
   15    1    6    1    1    6    1    1    1      3584
   15    1    6    2    1   19    1    2    0      1041
   15    1    6    3    1   31    2    2    1      2433
   15    1    6    4    1    9    1    1    1      1521
   15    1    6    5    1   22    1    1    1      3157
   15    1    6    6    1   21    1    1    1      1016
   15    1    6    7    1   12    2    2    1       912
   15    1    6    8    1   15    2    2    1      1118
   15    1    6    9    1   26    2    1    0      2274
   15    1    6   10    1   25    2    1    0       896
   15    1    6   11    1    3    2    2    1      1157
   15    1    6   12    1   28    2    2    1      1240
   15    1    6   13    1    2    1    1    1      1447
   15    1    6   14    1    7    2    2    1      1118
   15    1    7    1    1   22    1    1    1      3100
   15    1    7    2    1   28    2    2    1       753
   15    1    7    3    1    2    1    1    1      4292
   15    1    7    4    1   25    2    2    1      5209
   15    1    7    5    1   19    1    2    0      2362
   15    1    7    6    1   15    2    2    1       885
   15    1    7    7    1   31    2    2    1      7347
   15    1    7    8    1   26    2    2    1      2559
   15    1    7    9    1    6    1    2    0      2121
   15    1    7   10    1    7    2    2    1       686
   15    1    7   11    1   21    1    1    1       851
   15    1    7   12    1    3    2    2    1      3970
   15    1    7   13    1   12    2    2    1       772
   15    1    7   14    1    9    1    2    0      2438
   15    1    8    1    1    9    1    2    0      9236
   15    1    8    2    1    7    2    2    1      1019
   15    1    8    3    1    6    1    2    0      1571
   15    1    8    4    1    2    1    1    1      2526
   15    1    8    5    1   15    2    2    1      1002
   15    1    8    6    1   12    2    2    1       787
   15    1    8    7    1   21    1    1    1      1285
   15    1    8    8    1   31    2    2    1       706
   15    1    8    9    1   26    2    2    1      1831
   15    1    8   10    1    3    2    2    1       943
   15    1    8   11    1   28    2    2    1       827
   15    1    8   12    1   25    2    1    0       827
   15    1    8   13    1   19    1    2    0       914
   15    1    8   14    1   22    1    1    1      2711
   15    1    9    1    1   19    1    2    0      2669
   15    1    9    2    1   15    2    2    1       586
   15    1    9    3    1   21    1    1    1      1220
   15    1    9    4    1   31    2    2    1       484
   15    1    9    5    1    9    1    2    0      1634
   15    1    9    6    1    6    1    2    0      5241
   15    1    9    7    1   22    1    2    0      1281
   15    1    9    8    1    2    1    1    1      1638
   15    1    9    9    1   25    2    1    0      3126
   15    1    9   10    1   28    2    2    1       818
   15    1    9   11    1   12    2    2    1       434
   15    1    9   12    1    3    2    2    1      1362
   15    1    9   13    1   26    2    2    1      1980
   15    1    9   14    1    7    2    2    1      1326
   15    1   10    1    1    2    1    1    1      1423
   15    1   10    2    1   28    2    2    1       471
   15    1   10    3    1    6    1    1    1      6005
   15    1   10    4    1    3    2    2    1       726
   15    1   10    5    1    9    1    1    1      3370
   15    1   10    6    1   25    2    1    0      1060
   15    1   10    7    1   15    2    2    1       723
   15    1   10    8    1   12    2    2    1       631
   15    1   10    9    1   22    1    2    0      1471
   15    1   10   10    1   21    1    1    1       877
   15    1   10   11    1   26    2    1    0       732
   15    1   10   12    1    7    2    2    1       567
   15    1   10   13    1   31    2    2    1       657
   15    1   10   14    1   19    1    2    0       856
   15    2    1    1    1    9    1    1    1      3072
   15    2    1    2    2   24    0    2    9      2341
   15    2    1    3    1   21    1    1    1      1705
   15    2    1    4    1   31    2    2    1      1414
   15    2    1    5    1   19    1    1    1      5646
   15    2    1    6    1   12    2    2    1       701
   15    2    1    7    1    3    2    2    1      4881
   15    2    1    8    1    2    1    1    1       975
   15    2    1    9    1   19    1    2    0      1577
   15    2    1   10    2   13    0    1    9      1115
   15    2    1   11    2   14    0    2    9      1903
   15    2    1   12    1   28    2    2    1       756
   15    2    1   13    2   11    0    2    9       678
   15    2    1   14    1   22    1    1    1      3996
   15    2    1   15    2   14    0    2    9      7277
   15    2    1   16    2   32    0    2    9       651
   15    2    1   17    1    9    1    1    1       866
   15    2    1   18    2    4    0    2    9       592
   15    2    1   19    1    7    2    2    1       825
   15    2    1   20    2   14    0    2    9      1642
   15    2    1   21    1    2    1    1    1       905
   15    2    1   22    1   22    1    2    0      1750
   15    2    1   23    2   27    0    2    9       690
   15    2    1   24    2   16    0    2    9       632
   15    2    1   25    1    3    2    2    1      2512
   15    2    1   26    1   21    1    1    1       749
   15    2    1   27    1   26    2    2    1       960
   15    2    1   28    2   30    0    2    9       570
   15    2    1   29    2    5    0    1    9       949
   15    2    1   30    2   24    0    2    9       672
   15    2    1   31    1    7    2    2    1       630
   15    2    1   32    2    8    0    2    9       717
   15    2    1   33    1   12    2    2    1       546
   15    2    1   34    2   24    0    2    9       637
   15    2    1   35    2   20    0    2    9       981
   15    2    1   36    1   25    2    1    0       686
   15    2    1   37    1   26    2    2    1       515
   15    2    1   38    1    6    1    1    1      2415
   15    2    1   39    1   15    2    2    1       623
   15    2    1   40    1   15    2    2    1       600
   15    2    1   41    1   28    2    2    1       656
   15    2    1   42    2   10    0    2    9      2247
   15    2    1   43    1    6    1    1    1       814
   15    2    1   44    1   25    2    1    0       782
   15    2    1   45    2   17    0    1    9      1280
   15    2    1   46    2   14    0    2    9       653
   15    2    1   47    2   24    0    2    9       580
   15    2    1   48    2   29    0    2    9      1101
   15    2    1   49    1   31    2    2    1       690
   15    2    1   50    2   18    0    1    9      1351
   15    2    1   51    2    1    0    1    9      1011
   15    2    1   52    2   23    0    2    9       668
   15    2    2    1    2   24    0    2    9       530
   15    2    2    2    2   11    0    2    9      1069
   15    2    2    3    1   12    2    2    1       547
   15    2    2    4    1    6    1    1    1      1854
   15    2    2    5    1   26    2    2    1       805
   15    2    2    6    1   21    1    1    1       902
   15    2    2    7    1    9    1    2    0       899
   15    2    2    8    2   20    0    2    9       672
   15    2    2    9    2   14    0    2    9      1126
   15    2    2   10    1   19    1    1    1      1162
   15    2    2   11    1   31    2    2    1       621
   15    2    2   12    1    7    2    2    1       677
   15    2    2   13    1    3    2    2    1      1595
   15    2    2   14    1   15    2    2    1       653
   15    2    2   15    1    7    2    2    1       628
   15    2    2   16    2   24    0    2    9       492
   15    2    2   17    2    4    0    2    9      1289
   15    2    2   18    1   28    2    2    1       663
   15    2    2   19    1   26    2    2    1      1117
   15    2    2   20    1    6    1    1    1      1426
   15    2    2   21    2   14    0    2    9       618
   15    2    2   22    1   21    1    1    1      1603
   15    2    2   23    1    9    1    2    0       996
   15    2    2   24    1    2    1    2    0       862
   15    2    2   25    1   25    2    1    0       652
   15    2    2   26    1   25    2    2    1       883
   15    2    2   27    1   22    1    2    0      1617
   15    2    2   28    2    1    0    1    9       832
   15    2    2   29    2   16    0    2    9       609
   15    2    2   30    2   13    0    2    9      1706
   15    2    2   31    2   23    0    2    9       583
   15    2    2   32    2   29    0    2    9      1153
   15    2    2   33    1    2    1    1    1      1235
   15    2    2   34    1   12    2    2    1       691
   15    2    2   35    2   18    0    1    9      1464
   15    2    2   36    2    5    0    1    9      1966
   15    2    2   37    1   22    1    1    1      1441
   15    2    2   38    2   10    0    2    9      1016
   15    2    2   39    1   19    1    2    0      1264
   15    2    2   40    1   28    2    2    1       718
   15    2    2   41    2    8    0    2    9      1779
   15    2    2   42    2   32    0    2    9      1933
   15    2    2   43    1    3    2    2    1      1584
   15    2    2   44    1   15    2    2    1       961
   15    2    2   45    2   27    0    2    9      1004
   15    2    2   46    2   14    0    2    9      1573
   15    2    2   47    2   30    0    2    9       903
   15    2    2   48    2   24    0    2    9      1844
   15    2    2   49    2   24    0    2    9       731
   15    2    2   50    2   14    0    2    9      1183
   15    2    2   51    2   17    0    1    9       736
   15    2    2   52    1   31    2    2    1       612
