   17    1    1    1    1   25    2    1    0      7729
   17    1    1    2    1    6    1    1    1      3385
   17    1    1    3    1   22    1    2    0      2066
   17    1    1    4    1   31    2    2    1      3031
   17    1    1    5    1   15    2    1    0      4111
   17    1    1    6    1   26    2    2    1      3157
   17    1    1    7    1    7    2    1    0      1191
   17    1    1    8    1   19    1    2    0      3040
   17    1    1    9    1    2    1    1    1      3903
   17    1    1   10    1   21    1    2    0      4644
   17    1    1   11    1    3    2    2    1      3155
   17    1    1   12    1   28    2    2    1      2950
   17    1    1   13    1    9    1    1    1      2832
   17    1    1   14    1   12    2    1    0      2416
   17    1    2    1    1    9    1    1    1      5739
   17    1    2    2    1   31    2    2    1      5271
   17    1    2    3    1    6    1    2    0      2820
   17    1    2    4    1   22    1    2    0      1629
   17    1    2    5    1   19    1    1    1      2293
   17    1    2    6    1   12    2    2    1      2842
   17    1    2    7    1    3    2    2    1      2889
   17    1    2    8    1   26    2    1    0      2087
   17    1    2    9    1    2    1    1    1      3228
   17    1    2   10    1   15    2    1    0      4588
   17    1    2   11    1   21    1    1    1      2014
   17    1    2   12    1    7    2    2    1      3806
   17    1    2   13    1   25    2    1    0      1399
   17    1    2   14    1   28    2    2    1      6903
   17    1    3    1    1   25    2    2    1      1755
   17    1    3    2    1   21    1    1    1       774
   17    1    3    3    1   26    2    2    1      1192
   17    1    3    4    1    7    2    1    0      2234
   17    1    3    5    1   31    2    2    1      1561
   17    1    3    6    1    9    1    1    1       892
   17    1    3    7    1    2    1    2    0      1561
   17    1    3    8    1   22    1    2    0      6899
   17    1    3    9    1   12    2    2    1      2184
   17    1    3   10    1    6    1    1    1      1281
   17    1    3   11    1   19    1    2    0      3327
   17    1    3   12    1    3    2    2    1      1827
   17    1    3   13    1   15    2    2    1      1531
   17    1    3   14    1   28    2    1    0      1502
   17    1    4    1    1   19    1    1    1      1695
   17    1    4    2    1    7    2    1    0      1020
   17    1    4    3    1    3    2    1    0      1404
   17    1    4    4    1   28    2    1    0      1453
   17    1    4    5    1   12    2    1    0      2060
   17    1    4    6    1    9    1    1    1       803
   17    1    4    7    1    6    1    2    0       867
   17    1    4    8    1   25    2    1    0      5210
   17    1    4    9    1   22    1    2    0      6642
   17    1    4   10    1   26    2    1    0       802
   17    1    4   11    1   21    1    1    1      2251
   17    1    4   12    1    2    1    1    1      2161
   17    1    4   13    1   15    2    2    1      1724
   17    1    4   14    1   31    2    1    0      3624
   17    1    5    1    1   21    1    1    1      2534
   17    1    5    2    1    7    2    2    1      2049
   17    1    5    3    1   28    2    2    1      2640
   17    1    5    4    1   22    1    1    1      1895
   17    1    5    5    1   12    2    2    1      2765
   17    1    5    6    1    9    1    1    1      1103
   17    1    5    7    1    6    1    1    1       899
   17    1    5    8    1    3    2    2    1       864
   17    1    5    9    1    2    1    1    1       814
   17    1    5   10    1   19    1    2    0       622
   17    1    5   11    1   26    2    1    0      1886
   17    1    5   12    1   15    2    2    1      2555
   17    1    5   13    1   25    2    2    1      3478
   17    1    5   14    1   31    2    1    0      1564
   17    1    6    1    1   12    2    2    1      2965
   17    1    6    2    1   22    1    1    1      1455
   17    1    6    3    1   19    1    2    0      1478
   17    1    6    4    1    2    1    1    1      2516
   17    1    6    5    1   21    1    1    1      1488
   17    1    6    6    1   15    2    2    1      1717
   17    1    6    7    1    3    2    1    0      2082
   17    1    6    8    1   25    2    2    1      5495
   17    1    6    9    1   26    2    2    1      1981
   17    1    6   10    1    7    2    1    0      6655
   17    1    6   11    1    6    1    1    1      1357
   17    1    6   12    1   31    2    1    0      2136
   17    1    6   13    1    9    1    1    1      1643
   17    1    6   14    1   28    2    2    1      1562
   17    1    7    1    1   15    2    2    1      1637
   17    1    7    2    1    2    1    1    1      1444
   17    1    7    3    1   22    1    1    1      1436
   17    1    7    4    1   25    2    2    1      2051
   17    1    7    5    1   21    1    1    1      1394
   17    1    7    6    1   26    2    1    0      2315
   17    1    7    7    1    9    1    1    1      2711
   17    1    7    8    1    3    2    2    1      1484
   17    1    7    9    1    7    2    1    0      4513
   17    1    7   10    1    6    1    1    1      1238
   17    1    7   11    1   12    2    2    1      1573
   17    1    7   12    1   28    2    2    1      1079
   17    1    7   13    1   31    2    2    1      1597
   17    1    7   14    1   19    1    2    0      1566
   17    1    8    1    1   25    2    1    0      1791
   17    1    8    2    1    6    1    1    1      1361
   17    1    8    3    1   31    2    2    1      1308
   17    1    8    4    1   28    2    2    1      1289
   17    1    8    5    1    2    1    1    1      1398
   17    1    8    6    1    7    2    2    1      1919
   17    1    8    7    1    9    1    1    1      1075
   17    1    8    8    1   12    2    2    1      1753
   17    1    8    9    1   21    1    1    1      1028
   17    1    8   10    1   19    1    2    0      1308
   17    1    8   11    1   15    2    2    1      1457
   17    1    8   12    1   22    1    1    1      1368
   17    1    8   13    1   26    2    2    1      2562
   17    1    8   14    1    3    2    1    0      1229
   17    1    9    1    1    7    2    2    1      2179
   17    1    9    2    1   26    2    1    0      3213
   17    1    9    3    1    9    1    1    1      1813
   17    1    9    4    1    2    1    1    1      1373
   17    1    9    5    1   19    1    2    0      1319
   17    1    9    6    1   28    2    2    1      1803
   17    1    9    7    1   15    2    2    1      1283
   17    1    9    8    1   25    2    1    0       785
   17    1    9    9    1    6    1    1    1      1066
   17    1    9   10    1   12    2    1    0      1264
   17    1    9   11    1   22    1    1    1      1494
   17    1    9   12    1    3    2    2    1      2203
   17    1    9   13    1   21    1    1    1      1412
   17    1    9   14    1   31    2    2    1      1565
   17    1   10    1    1    7    2    2    1      3144
   17    1   10    2    1   19    1    1    1      2636
   17    1   10    3    1   21    1    1    1      2323
   17    1   10    4    1   22    1    1    1      1368
   17    1   10    5    1    2    1    1    1      1906
   17    1   10    6    1   25    2    2    1      5863
   17    1   10    7    1    3    2    2    1      3037
   17    1   10    8    1   31    2    2    1      1925
   17    1   10    9    1   28    2    2    1      1514
   17    1   10   10    1    9    1    1    1      2078
   17    1   10   11    1   26    2    1    0      1644
   17    1   10   12    1    6    1    1    1      1748
   17    1   10   13    1   12    2    2    1      2286
   17    1   10   14    1   15    2    2    1      1812
   17    2    1    1    2   27    0    2    9      1906
   17    2    1    2    1   21    1    1    1      2006
   17    2    1    3    2   16    0    2    9      1494
   17    2    1    4    2   11    0    2    9      2316
   17    2    1    5    1    2    1    1    1      2480
   17    2    1    6    2    4    0    2    9      2813
   17    2    1    7    2   18    0    1    9      2253
   17    2    1    8    2   20    0    2    9      1316
   17    2    1    9    2   17    0    1    9      1792
   17    2    1   10    1   19    1    1    1      3993
   17    2    1   11    1   28    2    2    1      1626
   17    2    1   12    2   10    0    2    9      4106
   17    2    1   13    1   12    2    2    1      1191
   17    2    1   14    2   14    0    1    9      3672
   17    2    1   15    1    2    1    1    1      1670
   17    2    1   16    1    9    1    1    1      1732
   17    2    1   17    2   29    0    2    9      1711
   17    2    1   18    2   14    0    1    9      1964
   17    2    1   19    2   30    0    2    9      1406
   17    2    1   20    2    5    0    1    9      1159
   17    2    1   21    1    6    1    1    1      2026
   17    2    1   22    2   13    0    2    9      2698
   17    2    1   23    1   26    2    1    0      1918
   17    2    1   24    1   31    2    2    1      1891
   17    2    1   25    1    7    2    2    1      3176
   17    2    1   26    2   14    0    2    9      1755
   17    2    1   27    2   24    0    1    9      3157
   17    2    1   28    1   15    2    2    1      1576
   17    2    1   29    2   14    0    2    9      1882
   17    2    1   30    1   15    2    2    1      2448
   17    2    1   31    1   25    2    1    0      1791
   17    2    1   32    1   22    1    1    1      1353
   17    2    1   33    1   31    2    2    1      1827
   17    2    1   34    1   21    1    1    1      2267
   17    2    1   35    1   25    2    2    1      2353
   17    2    1   36    1   28    2    2    1      1604
   17    2    1   37    2   24    0    1    9      1750
   17    2    1   38    2    1    0    1    9      2256
   17    2    1   39    1   22    1    1    1      1143
   17    2    1   40    1    9    1    2    0      2379
   17    2    1   41    2    8    0    2    9      4477
   17    2    1   42    2   23    0    1    9      2443
   17    2    1   43    2   32    0    2    9      1642
   17    2    1   44    2   24    0    2    9      2282
   17    2    1   45    1    7    2    2    1      2111
   17    2    1   46    1   12    2    2    1      1405
   17    2    1   47    2   24    0    1    9      6629
   17    2    1   48    1    3    2    2    1      2077
   17    2    1   49    1   26    2    1    0      2604
   17    2    1   50    1    6    1    1    1      1028
   17    2    1   51    1    3    2    2    1      1436
   17    2    1   52    1   19    1    1    1       900
   17    2    2    1    1   26    2    2    1      1457
   17    2    2    2    2    4    0    2    9      1992
   17    2    2    3    1    9    1    1    1      1561
   17    2    2    4    2    5    0    1    9      1260
   17    2    2    5    2   24    0    2    9      1098
   17    2    2    6    1   31    2    2    1      1327
   17    2    2    7    1    7    2    2    1      3307
   17    2    2    8    1    6    1    1    1      1160
   17    2    2    9    1   31    2    2    1      1243
   17    2    2   10    2   32    0    2    9       938
   17    2    2   11    1   25    2    2    1      1382
   17    2    2   12    1   12    2    2    1      1279
   17    2    2   13    2   24    0    1    9      1453
   17    2    2   14    1   19    1    2    0      1428
   17    2    2   15    2    8    0    1    9      1900
   17    2    2   16    2    1    0    1    9      1265
   17    2    2   17    1   22    1    1    1       944
   17    2    2   18    2   10    0    2    9      1228
   17    2    2   19    2   24    0    2    9      2732
   17    2    2   20    2   23    0    1    9      2352
   17    2    2   21    1   21    1    1    1      1186
   17    2    2   22    1    2    1    1    1      1476
   17    2    2   23    1   25    2    2    1      1098
   17    2    2   24    1    6    1    1    1      1470
   17    2    2   25    1   19    1    1    1      2180
   17    2    2   26    2   20    0    1    9      2142
   17    2    2   27    1   28    2    2    1      1722
   17    2    2   28    2   27    0    2    9      1222
   17    2    2   29    2   16    0    2    9      1333
   17    2    2   30    1   15    2    2    1       977
   17    2    2   31    1   21    1    1    1      1116
   17    2    2   32    1   12    2    2    1      1024
   17    2    2   33    2   14    0    2    9      1944
   17    2    2   34    1    2    1    1    1      1468
   17    2    2   35    2   13    0    2    9      1202
   17    2    2   36    2   24    0    1    9      2018
   17    2    2   37    1    7    2    2    1      1810
   17    2    2   38    2   18    0    1    9       971
   17    2    2   39    1   26    2    2    1      1141
   17    2    2   40    1    9    1    1    1      1608
   17    2    2   41    2   14    0    1    9      1097
   17    2    2   42    2   14    0    1    9      1422
   17    2    2   43    2   11    0    2    9      1159
   17    2    2   44    1    3    2    2    1      1435
   17    2    2   45    1   28    2    2    1      1522
   17    2    2   46    2   14    0    2    9      1366
   17    2    2   47    1    3    2    2    1      1744
   17    2    2   48    1   15    2    2    1      1499
   17    2    2   49    1   22    1    1    1      1552
   17    2    2   50    2   30    0    1    9      1363
   17    2    2   51    2   17    0    1    9      1709
   17    2    2   52    2   29    0    2    9      1577
