   30    1    1    1    1   18    3    1    0      6319
   30    1    1    2    1   28    4    4    1     10245
   30    1    1    3    1    7    2    1    0      4558
   30    1    1    4    1   23    4    2    0      1659
   30    1    1    5    1   15    2    4    0      2187
   30    1    1    6    1   12    2    3    0      2325
   30    1    1    7    1    2    1    3    0      4722
   30    1    1    8    1   25    3    1    0      2672
   30    1    1    9    1   19    4    3    0      8527
   30    1    1   10    1   22    3    4    0      2542
   30    1    1   11    1    3    2    2    1      4954
   30    1    1   12    1    6    1    3    0      3270
   30    1    1   13    1    9    1    4    0      3446
   30    1    1   14    1   31    4    3    0      2551
   30    1    2    1    1   18    3    2    0      3877
   30    1    2    2    1   15    2    2    1      2780
   30    1    2    3    1   19    4    1    0      2319
   30    1    2    4    1    6    1    3    0      2364
   30    1    2    5    1    7    2    4    0      3079
   30    1    2    6    1   22    3    3    1      1823
   30    1    2    7    1   12    2    1    0      2880
   30    1    2    8    1   31    4    1    0      6038
   30    1    2    9    1    3    2    1    0      4183
   30    1    2   10    1   25    3    1    0      2170
   30    1    2   11    1    2    1    3    0      1662
   30    1    2   12    1   23    4    2    0      6406
   30    1    2   13    1    9    1    1    1      1280
   30    1    2   14    1   28    4    4    1      1415
   30    1    3    1    1    6    1    1    1      2098
   30    1    3    2    1    2    1    1    1      1384
   30    1    3    3    1   22    3    4    0       930
   30    1    3    4    1    7    2    1    0       942
   30    1    3    5    1    9    1    1    1      1691
   30    1    3    6    1   28    4    4    1      5521
   30    1    3    7    1    3    2    1    0      2887
   30    1    3    8    1   15    2    2    1      2477
   30    1    3    9    1   18    3    4    0      3765
   30    1    3   10    1   23    4    2    0      3936
   30    1    3   11    1   12    2    2    1      2469
   30    1    3   12    1   25    3    3    1      1636
   30    1    3   13    1   31    4    4    1      1357
   30    1    3   14    1   19    4    4    1      1704
   30    1    4    1    1   22    3    3    1      3130
   30    1    4    2    1   18    3    3    1       959
   30    1    4    3    1    6    1    1    1      3242
   30    1    4    4    1   28    4    4    1      1331
   30    1    4    5    1    2    1    1    1      5247
   30    1    4    6    1   23    4    4    1      5304
   30    1    4    7    1   19    4    4    1      1685
   30    1    4    8    1   12    2    2    1      1603
   30    1    4    9    1    3    2    2    1      1332
   30    1    4   10    1    9    1    1    1      1328
   30    1    4   11    1   25    3    3    1       973
   30    1    4   12    1    7    2    2    1      2800
   30    1    4   13    1   15    2    2    1      1137
   30    1    4   14    1   31    4    4    1      2061
   30    1    5    1    1    2    1    1    1      1441
   30    1    5    2    1   25    3    3    1      3106
   30    1    5    3    1   15    2    2    1      1440
   30    1    5    4    1    3    2    2    1      1496
   30    1    5    5    1   12    2    2    1      1359
   30    1    5    6    1   31    4    4    1      2034
   30    1    5    7    1   23    4    4    1       859
   30    1    5    8    1    7    2    2    1      1098
   30    1    5    9    1   28    4    4    1      1096
   30    1    5   10    1    9    1    1    1      2598
   30    1    5   11    1    6    1    1    1       784
   30    1    5   12    1   22    3    3    1      1426
   30    1    5   13    1   18    3    3    1       876
   30    1    5   14    1   19    4    4    1      3410
   30    1    6    1    1    2    1    1    1       920
   30    1    6    2    1   22    3    3    1      4845
   30    1    6    3    1   18    3    3    1       646
   30    1    6    4    1    9    1    1    1       790
   30    1    6    5    1   31    4    4    1      2688
   30    1    6    6    1   25    3    3    1      2407
   30    1    6    7    1   12    2    2    1       825
   30    1    6    8    1   28    4    4    1      1034
   30    1    6    9    1   23    4    4    1       978
   30    1    6   10    1    7    2    2    1      2173
   30    1    6   11    1   19    4    3    0      1576
   30    1    6   12    1   15    2    2    1      1339
   30    1    6   13    1    3    2    2    1       520
   30    1    6   14    1    6    1    1    1      1012
   30    1    7    1    1   15    2    2    1      2433
   30    1    7    2    1   31    4    4    1      1633
   30    1    7    3    1   19    4    4    1      1280
   30    1    7    4    1    6    1    1    1      1079
   30    1    7    5    1    3    2    2    1       805
   30    1    7    6    1   28    4    4    1      1367
   30    1    7    7    1    2    1    1    1      1698
   30    1    7    8    1    7    2    2    1      1120
   30    1    7    9    1   23    4    4    1      1037
   30    1    7   10    1   22    3    3    1      1245
   30    1    7   11    1    9    1    1    1       997
   30    1    7   12    1   25    3    3    1      1247
   30    1    7   13    1   18    3    3    1      1311
   30    1    7   14    1   12    2    2    1      1196
   30    1    8    1    1   15    2    2    1      3272
   30    1    8    2    1    7    2    2    1       831
   30    1    8    3    1   22    3    3    1      1968
   30    1    8    4    1   18    3    3    1       739
   30    1    8    5    1   12    2    2    1      1239
   30    1    8    6    1    2    1    1    1      1511
   30    1    8    7    1   25    3    3    1      3277
   30    1    8    8    1   28    4    4    1      2045
   30    1    8    9    1   19    4    4    1      2645
   30    1    8   10    1   23    4    4    1       782
   30    1    8   11    1    9    1    1    1      1304
   30    1    8   12    1    6    1    1    1       870
   30    1    8   13    1   31    4    4    1      1061
   30    1    8   14    1    3    2    2    1      1564
   30    1    9    1    1   18    3    3    1      1487
   30    1    9    2    1   25    3    3    1       917
   30    1    9    3    1    2    1    1    1      2186
   30    1    9    4    1   22    3    3    1      2789
   30    1    9    5    1    3    2    2    1      2447
   30    1    9    6    1    7    2    2    1       647
   30    1    9    7    1   12    2    2    1       759
   30    1    9    8    1    6    1    1    1       842
   30    1    9    9    1   31    4    4    1      1011
   30    1    9   10    1    9    1    1    1       956
   30    1    9   11    1   23    4    4    1      1160
   30    1    9   12    1   28    4    4    1       939
   30    1    9   13    1   15    2    2    1      1120
   30    1    9   14    1   19    4    4    1      1077
   30    2    1    1    2   32    0    4    9      1629
   30    2    1    2    2   10    0    1    9      2190
   30    2    1    3    2    5    0    1    9       816
   30    2    1    4    1   31    4    4    1      1601
   30    2    1    5    1   23    4    4    1      1275
   30    2    1    6    1   18    3    3    1      1122
   30    2    1    7    1   23    4    4    1       943
   30    2    1    8    1    7    2    2    1      2579
   30    2    1    9    1   18    3    3    1      1134
   30    2    1   10    2   26    0    3    9       979
   30    2    1   11    1    6    1    1    1      2566
   30    2    1   12    2   24    0    4    9       945
   30    2    1   13    1    2    1    1    1      4253
   30    2    1   14    2   14    0    1    9      1077
   30    2    1   15    2   11    0    2    9      1372
   30    2    1   16    2   29    0    3    9      1695
   30    2    1   17    1   15    2    2    1      1190
   30    2    1   18    2   27    0    4    9      1872
   30    2    1   19    2   30    0    3    9      1439
   30    2    1   20    1   31    4    4    1      2144
   30    2    1   21    1    9    1    1    1      1284
   30    2    1   22    2   14    0    1    9      1066
   30    2    1   23    2   17    0    3    9      1337
   30    2    1   24    1   15    2    2    1      2758
   30    2    1   25    1    9    1    1    1      2010
   30    2    1   26    2   14    0    2    9       692
   30    2    1   27    2   30    0    3    9      2130
   30    2    1   28    2   30    0    3    9      1238
   30    2    1   29    2    4    0    2    9      1375
   30    2    1   30    2   13    0    1    9      1450
   30    2    1   31    1   19    4    4    1      2553
   30    2    1   32    1   12    2    2    1       933
   30    2    1   33    2    1    0    1    9       610
   30    2    1   34    2   14    0    1    9       699
   30    2    1   35    1   25    3    3    1       593
   30    2    1   36    1   12    2    2    1       675
   30    2    1   37    1   19    4    4    1       802
   30    2    1   38    1    3    2    2    1      1012
   30    2    1   39    1   28    4    4    1      1005
   30    2    1   40    1    7    2    2    1      1239
   30    2    1   41    1   22    3    3    1      1080
   30    2    1   42    1    3    2    2    1       663
   30    2    1   43    1   25    3    3    1      1174
   30    2    1   44    1   22    3    3    1      1977
   30    2    1   45    1    2    1    1    1      1084
   30    2    1   46    2   21    0    3    9       931
   30    2    1   47    1   28    4    4    1      1143
   30    2    1   48    1    6    1    1    1       851
   30    2    1   49    2   30    0    3    9       795
   30    2    1   50    2   20    0    4    9       757
   30    2    1   51    2   16    0    2    9       721
   30    2    1   52    2    8    0    2    9       686
   30    2    2    1    1   12    2    2    1       588
   30    2    2    2    1    2    1    1    1       750
   30    2    2    3    1   23    4    4    1       970
   30    2    2    4    1   28    4    4    1       725
   30    2    2    5    2   20    0    4    9      1282
   30    2    2    6    1   25    3    3    1      1145
   30    2    2    7    2   24    0    4    9       781
   30    2    2    8    1   19    4    4    1      1119
   30    2    2    9    2    1    0    1    9       788
   30    2    2   10    2    5    0    1    9       663
   30    2    2   11    2   13    0    1    9       790
   30    2    2   12    1    7    2    2    1      3104
   30    2    2   13    2   14    0    1    9       838
   30    2    2   14    1    2    1    1    1      1087
   30    2    2   15    2   32    0    4    9       845
   30    2    2   16    1   18    3    3    1      1101
   30    2    2   17    1   23    4    4    1       747
   30    2    2   18    1   18    3    3    1       911
   30    2    2   19    2   26    0    3    9       580
   30    2    2   20    1    6    1    1    1       887
   30    2    2   21    1   15    2    2    1       893
   30    2    2   22    1    3    2    2    1       827
   30    2    2   23    2   30    0    3    9       620
   30    2    2   24    1   19    4    4    1       741
   30    2    2   25    2    8    0    2    9      1017
   30    2    2   26    2   30    0    3    9      1818
   30    2    2   27    2   10    0    1    9      1252
   30    2    2   28    2   30    0    3    9      1051
   30    2    2   29    2   27    0    4    9      1483
   30    2    2   30    1   25    3    3    1      1449
   30    2    2   31    2    4    0    2    9      1521
   30    2    2   32    1   22    3    3    1       910
   30    2    2   33    2   30    0    3    9       756
   30    2    2   34    1   28    4    4    1       671
   30    2    2   35    2   29    0    3    9       814
   30    2    2   36    2   16    0    2    9      1175
   30    2    2   37    1    6    1    1    1      1386
   30    2    2   38    2   14    0    1    9      8941
   30    2    2   39    1   12    2    2    1       873
   30    2    2   40    1    9    1    1    1      1056
   30    2    2   41    1   31    4    4    1      1383
   30    2    2   42    2   14    0    1    9      5017
   30    2    2   43    1    9    1    1    1       650
   30    2    2   44    2   21    0    3    9       897
   30    2    2   45    2   11    0    2    9      2102
   30    2    2   46    1   31    4    4    1      5019
   30    2    2   47    1   15    2    2    1      1148
   30    2    2   48    1    3    2    2    1       671
   30    2    2   49    1   22    3    3    1      8013
   30    2    2   50    1    7    2    2    1      1454
   30    2    2   51    2   14    0    1    9      1813
   30    2    2   52    2   17    0    3    9      2750
