    3    1    1    1    1    3    1    3    0     10223
    3    1    1    2    1    6    1    2    0      4883
    3    1    1    3    1   15    2    1    0      2312
    3    1    1    4    1    9    2    4    0      2165
    3    1    1    5    1   22    3    2    0      7334
    3    1    1    6    1   26    4    2    0      6090
    3    1    1    7    1   21    3    4    0      1903
    3    1    1    8    1   19    3    1    0      1868
    3    1    1    9    1   28    4    4    1       954
    3    1    1   10    1   12    2    4    0      2388
    3    1    1   11    1   25    4    1    0      2142
    3    1    1   12    1   31    4    3    0      2385
    3    1    1   13    1   10    2    3    0      1690
    3    1    1   14    1    5    1    1    1      1232
    3    1    2    1    1   31    4    4    1      2643
    3    1    2    2    1   26    4    3    0       954
    3    1    2    3    1    9    2    1    0      1597
    3    1    2    4    1   19    3    1    0      3797
    3    1    2    5    1   12    2    3    0      1846
    3    1    2    6    1    5    1    1    1      2949
    3    1    2    7    1   15    2    3    0      2111
    3    1    2    8    1   28    4    2    0      2932
    3    1    2    9    1    6    1    2    0      2007
    3    1    2   10    1   21    3    1    0      2496
    3    1    2   11    1   25    4    1    0      4165
    3    1    2   12    1    3    1    2    0      2087
    3    1    2   13    1   10    2    2    1      3756
    3    1    2   14    1   22    3    2    0      1639
    3    1    3    1    1   10    2    2    1      3451
    3    1    3    2    1   12    2    4    0      1170
    3    1    3    3    1   26    4    3    0      2204
    3    1    3    4    1   22    3    2    0      1805
    3    1    3    5    1   25    4    1    0      1357
    3    1    3    6    1   21    3    2    0      1888
    3    1    3    7    1    6    1    2    0      1821
    3    1    3    8    1    5    1    1    1      3549
    3    1    3    9    1    3    1    3    0      1535
    3    1    3   10    1    9    2    1    0       684
    3    1    3   11    1   19    3    3    1      5145
    3    1    3   12    1   15    2    3    0      3628
    3    1    3   13    1   31    4    3    0      3733
    3    1    3   14    1   28    4    4    1      2440
    3    1    4    1    1   28    4    4    1      1788
    3    1    4    2    1    6    1    2    0      2902
    3    1    4    3    1   25    4    1    0      1114
    3    1    4    4    1    9    2    1    0       758
    3    1    4    5    1    5    1    2    0      3057
    3    1    4    6    1    3    1    3    0      2336
    3    1    4    7    1   21    3    2    0      1643
    3    1    4    8    1   12    2    4    0      1506
    3    1    4    9    1   26    4    2    0      1295
    3    1    4   10    1   19    3    3    1      1252
    3    1    4   11    1   10    2    3    0      1459
    3    1    4   12    1   22    3    2    0      2354
    3    1    4   13    1   15    2    3    0      2253
    3    1    4   14    1   31    4    4    1      1964
    3    1    5    1    1    3    1    3    0      2467
    3    1    5    2    1   15    2    4    0      5049
    3    1    5    3    1   22    3    2    0      3511
    3    1    5    4    1   26    4    4    1      1028
    3    1    5    5    1   19    3    1    0      1100
    3    1    5    6    1   10    2    4    0       857
    3    1    5    7    1   12    2    4    0       672
    3    1    5    8    1   25    4    4    1      1133
    3    1    5    9    1    6    1    1    1      1009
    3    1    5   10    1   31    4    4    1       953
    3    1    5   11    1   21    3    3    1      1076
    3    1    5   12    1   28    4    4    1       730
    3    1    5   13    1    9    2    2    1       894
    3    1    5   14    1    5    1    1    1       795
    3    1    6    1    1    6    1    1    1      1657
    3    1    6    2    1   21    3    3    1       904
    3    1    6    3    1    9    2    2    1       789
    3    1    6    4    1    5    1    2    0       726
    3    1    6    5    1   22    3    3    1      1410
    3    1    6    6    1   26    4    4    1       811
    3    1    6    7    1   15    2    2    1      1067
    3    1    6    8    1    3    1    1    1       497
    3    1    6    9    1   31    4    4    1      1038
    3    1    6   10    1   10    2    2    1      1381
    3    1    6   11    1   28    4    4    1       815
    3    1    6   12    1   25    4    4    1       639
    3    1    6   13    1   12    2    2    1       982
    3    1    6   14    1   19    3    3    1       688
    3    1    7    1    1   31    4    4    1      2067
    3    1    7    2    1   21    3    3    1       849
    3    1    7    3    1   26    4    4    1       687
    3    1    7    4    1   22    3    3    1       565
    3    1    7    5    1   15    2    2    1       879
    3    1    7    6    1   10    2    2    1       781
    3    1    7    7    1    6    1    1    1       670
    3    1    7    8    1   28    4    4    1       740
    3    1    7    9    1    5    1    1    1      1239
    3    1    7   10    1   19    3    3    1       743
    3    1    7   11    1    3    1    1    1       858
    3    1    7   12    1   25    4    4    1      1001
    3    1    7   13    1    9    2    2    1       689
    3    1    7   14    1   12    2    2    1      1271
    3    1    8    1    1    5    1    1    1      2340
    3    1    8    2    1    6    1    1    1      1255
    3    1    8    3    1   26    4    4    1      1062
    3    1    8    4    1   21    3    3    1       764
    3    1    8    5    1   10    2    2    1      2191
    3    1    8    6    1   22    3    3    1      1048
    3    1    8    7    1   19    3    3    1       478
    3    1    8    8    1   15    2    2    1       732
    3    1    8    9    1    9    2    2    1       704
    3    1    8   10    1   12    2    2    1       565
    3    1    8   11    1   28    4    4    1       958
    3    1    8   12    1   31    4    4    1       457
    3    1    8   13    1    3    1    1    1      1272
    3    1    8   14    1   25    4    4    1       662
    3    1    9    1    1    3    1    1    1       955
    3    1    9    2    1    5    1    1    1      1413
    3    1    9    3    1   28    4    4    1       717
    3    1    9    4    1   10    2    2    1       977
    3    1    9    5    1   19    3    3    1       763
    3    1    9    6    1    6    1    1    1      2109
    3    1    9    7    1   21    3    3    1      1226
    3    1    9    8    1   25    4    4    1       474
    3    1    9    9    1    9    2    2    1       648
    3    1    9   10    1   15    2    2    1      1022
    3    1    9   11    1   22    3    3    1       566
    3    1    9   12    1   12    2    2    1       592
    3    1    9   13    1   31    4    4    1       506
    3    1    9   14    1   26    4    4    1       486
    3    2    1    1    2   14    0    2    9      1753
    3    2    1    2    2    4    0    1    9       563
    3    2    1    3    1   10    2    2    1       749
    3    2    1    4    2   27    0    4    9      1264
    3    2    1    5    2    7    0    1    9      1070
    3    2    1    6    1    6    1    1    1       644
    3    2    1    7    1    9    2    2    1       779
    3    2    1    8    1   26    4    4    1       909
    3    2    1    9    2    2    0    1    9       794
    3    2    1   10    1   21    3    3    1      1643
    3    2    1   11    1   25    4    4    1      1418
    3    2    1   12    1    3    1    1    1       738
    3    2    1   13    2   24    0    3    9       821
    3    2    1   14    2   30    0    4    9       757
    3    2    1   15    2   23    0    3    9      1096
    3    2    1   16    2    8    0    1    9      1245
    3    2    1   17    2   13    0    2    9       556
    3    2    1   18    1    3    1    1    1       919
    3    2    1   19    2   29    0    4    9       531
    3    2    1   20    2   16    0    2    9       814
    3    2    1   21    2   24    0    1    9       703
    3    2    1   22    2    8    0    1    9       707
    3    2    1   23    1    5    1    1    1       776
    3    2    1   24    1   21    3    3    1       698
    3    2    1   25    1   28    4    4    1      1215
    3    2    1   26    2   24    0    3    9       735
    3    2    1   27    1   19    3    3    1       867
    3    2    1   28    2   24    0    3    9       737
    3    2    1   29    1    9    2    2    1      1028
    3    2    1   30    1    6    1    1    1       908
    3    2    1   31    1   19    3    3    1       761
    3    2    1   32    1   12    2    2    1       635
    3    2    1   33    1   12    2    2    1       595
    3    2    1   34    2   20    0    3    9      1628
    3    2    1   35    1   26    4    4    1       572
    3    2    1   36    2    1    0    1    9       966
    3    2    1   37    2    8    0    1    9      2496
    3    2    1   38    1   22    3    3    1       877
    3    2    1   39    2   18    0    3    9       539
    3    2    1   40    2   11    0    2    9      1287
    3    2    1   41    1   31    4    4    1       516
    3    2    1   42    1   22    3    3    1       721
    3    2    1   43    2   17    0    3    9       597
    3    2    1   44    1   25    4    4    1      1165
    3    2    1   45    1    5    1    1    1      1871
    3    2    1   46    2    8    0    1    9      1573
    3    2    1   47    1   15    2    2    1      1799
    3    2    1   48    1   28    4    4    1      1440
    3    2    1   49    2   32    0    4    9       551
    3    2    1   50    1   31    4    4    1       530
    3    2    1   51    1   15    2    2    1       829
    3    2    1   52    1   10    2    2    1       637
    3    2    2    1    2    7    0    1    9       597
    3    2    2    2    1   25    4    4    1      1549
    3    2    2    3    2    2    0    1    9       912
    3    2    2    4    2   11    0    2    9      1533
    3    2    2    5    1    6    1    1    1       656
    3    2    2    6    2    4    0    1    9       470
    3    2    2    7    1    3    1    1    1       469
    3    2    2    8    2    8    0    1    9       707
    3    2    2    9    2   32    0    4    9       631
    3    2    2   10    1    3    1    1    1       510
    3    2    2   11    2   16    0    2    9       747
    3    2    2   12    1   21    3    3    1      1054
    3    2    2   13    2   24    0    3    9       468
    3    2    2   14    1   22    3    3    1       466
    3    2    2   15    1   28    4    4    1       816
    3    2    2   16    2   29    0    4    9       992
    3    2    2   17    2   27    0    4    9       858
    3    2    2   18    1   31    4    4    1       536
    3    2    2   19    1   15    2    2    1       916
    3    2    2   20    1   25    4    4    1      1008
    3    2    2   21    1    5    1    1    1      3240
    3    2    2   22    2   13    0    2    9       696
    3    2    2   23    1   10    2    2    1       653
    3    2    2   24    1   26    4    4    1      1124
    3    2    2   25    1   28    4    4    1       552
    3    2    2   26    1    9    2    2    1       707
    3    2    2   27    1   22    3    3    1      1160
    3    2    2   28    1   26    4    4    1       586
    3    2    2   29    1   31    4    4    1       547
    3    2    2   30    1   10    2    2    1       654
    3    2    2   31    2   20    0    3    9       693
    3    2    2   32    2   18    0    3    9       426
    3    2    2   33    2   30    0    4    9       554
    3    2    2   34    2   17    0    3    9       421
    3    2    2   35    2    8    0    2    9       789
    3    2    2   36    2   14    0    2    9       503
    3    2    2   37    2    8    0    1    9       755
    3    2    2   38    2   23    0    3    9      1014
    3    2    2   39    1   21    3    3    1       446
    3    2    2   40    1    6    1    1    1       989
    3    2    2   41    1   19    3    3    1       503
    3    2    2   42    2   24    0    3    9       580
    3    2    2   43    2   24    0    3    9       430
    3    2    2   44    2    1    0    1    9       606
    3    2    2   45    1    9    2    2    1      2389
    3    2    2   46    1   15    2    2    1       536
    3    2    2   47    1   12    2    2    1       516
    3    2    2   48    2   24    0    3    9       624
    3    2    2   49    1    5    1    1    1       839
    3    2    2   50    2    8    0    1    9       487
    3    2    2   51    1   12    2    2    1       628
    3    2    2   52    1   19    3    3    1       524
