   36    1    1    1    1   15    2    3    0      8795
   36    1    1    2    1   12    2    3    0      3912
   36    1    1    3    1   31    4    2    0      2084
   36    1    1    4    1   19    3    1    0      4361
   36    1    1    5    1   22    3    3    1      7396
   36    1    1    6    1    7    2    2    1      1885
   36    1    1    7    1   21    3    3    1      1954
   36    1    1    8    1    6    1    2    0      1957
   36    1    1    9    1   28    4    4    1      2239
   36    1    1   10    1   25    4    4    1      1974
   36    1    1   11    1   26    4    4    1      2888
   36    1    1   12    1    9    1    1    1      4118
   36    1    1   13    1    2    1    1    1      1842
   36    1    1   14    1    3    2    1    0      2633
   36    1    2    1    1    6    1    1    1      4210
   36    1    2    2    1   19    3    2    0      2619
   36    1    2    3    1    3    2    1    0      3034
   36    1    2    4    1   12    2    4    0      3322
   36    1    2    5    1   25    4    2    0      1886
   36    1    2    6    1    7    2    1    0      1930
   36    1    2    7    1    2    1    1    1      3637
   36    1    2    8    1   21    3    2    0      3396
   36    1    2    9    1   28    4    4    1      3749
   36    1    2   10    1    9    1    2    0      3696
   36    1    2   11    1   31    4    2    0      3509
   36    1    2   12    1   22    3    2    0      4945
   36    1    2   13    1   15    2    4    0      1973
   36    1    2   14    1   26    4    3    0      2943
   36    1    3    1    1   21    3    2    0      8386
   36    1    3    2    1   12    2    4    0      2476
   36    1    3    3    1    6    1    1    1      3425
   36    1    3    4    1   25    4    3    0      1498
   36    1    3    5    1    3    2    2    1      3510
   36    1    3    6    1   26    4    1    0      9226
   36    1    3    7    1    9    1    3    0      2578
   36    1    3    8    1   28    4    3    0      5171
   36    1    3    9    1    2    1    1    1      3165
   36    1    3   10    1   19    3    2    0      7247
   36    1    3   11    1   31    4    3    0      1638
   36    1    3   12    1   15    2    3    0     16941
   36    1    3   13    1   22    3    2    0      2848
   36    1    3   14    1    7    2    2    1      2807
   36    1    4    1    1    2    1    3    0      5041
   36    1    4    2    1   15    2    4    0      2672
   36    1    4    3    1   19    3    3    1      6845
   36    1    4    4    1   22    3    3    1      7453
   36    1    4    5    1   31    4    1    0      3443
   36    1    4    6    1   28    4    2    0      2467
   36    1    4    7    1    7    2    3    0      2665
   36    1    4    8    1    6    1    1    1      2422
   36    1    4    9    1    9    1    3    0      1462
   36    1    4   10    1    3    2    4    0      8197
   36    1    4   11    1   21    3    1    0      5653
   36    1    4   12    1   26    4    3    0      5676
   36    1    4   13    1   25    4    4    1      1170
   36    1    4   14    1   12    2    1    0       484
   36    1    5    1    1    6    1    3    0      1880
   36    1    5    2    1   19    3    2    0      9301
   36    1    5    3    1   12    2    1    0      3497
   36    1    5    4    1   25    4    4    1      6278
   36    1    5    5    1   21    3    4    0      1484
   36    1    5    6    1   22    3    3    1      3657
   36    1    5    7    1   28    4    4    1      1528
   36    1    5    8    1   15    2    1    0      2140
   36    1    5    9    1   31    4    2    0      1519
   36    1    5   10    1   26    4    3    0      3483
   36    1    5   11    1    3    2    1    0      1800
   36    1    5   12    1    9    1    2    0      1881
   36    1    5   13    1    7    2    4    0       870
   36    1    5   14    1    2    1    1    1      1564
   36    1    6    1    1    6    1    4    0     21866
   36    1    6    2    1   21    3    4    0      1880
   36    1    6    3    1    7    2    2    1      1957
   36    1    6    4    1   26    4    3    0      1720
   36    1    6    5    1    9    1    4    0      1228
   36    1    6    6    1   31    4    2    0       772
   36    1    6    7    1   22    3    1    0       830
   36    1    6    8    1    3    2    3    0      1349
   36    1    6    9    1   19    3    2    0      1831
   36    1    6   10    1   25    4    4    1      5766
   36    1    6   11    1   28    4    3    0      2304
   36    1    6   12    1   15    2    1    0      4621
   36    1    6   13    1    2    1    2    0       861
   36    1    6   14    1   12    2    4    0       836
   36    1    7    1    1    3    2    3    0      3747
   36    1    7    2    1   19    3    2    0      1685
   36    1    7    3    1   12    2    4    0       747
   36    1    7    4    1    7    2    1    0       933
   36    1    7    5    1   28    4    3    0      1689
   36    1    7    6    1   22    3    4    0       878
   36    1    7    7    1   15    2    2    1       596
   36    1    7    8    1    9    1    3    0      1005
   36    1    7    9    1   21    3    2    0       766
   36    1    7   10    1   25    4    2    0       984
   36    1    7   11    1    2    1    4    0       633
   36    1    7   12    1    6    1    3    0      1112
   36    1    7   13    1   31    4    2    0      1269
   36    1    7   14    1   26    4    4    1      1675
   36    1    8    1    1   15    2    3    0     18613
   36    1    8    2    1   26    4    1    0      7061
   36    1    8    3    1   31    4    4    1      3476
   36    1    8    4    1    7    2    3    0      2890
   36    1    8    5    1   21    3    4    0      1823
   36    1    8    6    1    6    1    2    0      1631
   36    1    8    7    1    2    1    1    1      1318
   36    1    8    8    1   19    3    2    0      2434
   36    1    8    9    1   22    3    2    0      5785
   36    1    8   10    1   28    4    3    0      1243
   36    1    8   11    1   12    2    2    1      2178
   36    1    8   12    1    3    2    4    0      1212
   36    1    8   13    1    9    1    3    0      6052
   36    1    8   14    1   25    4    1    0      1803
   36    1    9    1    1   25    4    4    1      1198
   36    1    9    2    1   15    2    3    0      1663
   36    1    9    3    1   12    2    1    0       629
   36    1    9    4    1   28    4    1    0       452
   36    1    9    5    1   26    4    1    0       411
   36    1    9    6    1   22    3    1    0       452
   36    1    9    7    1   21    3    3    1       858
   36    1    9    8    1    9    1    4    0       633
   36    1    9    9    1    7    2    1    0       168
   36    1    9   10    1    3    2    4    0       250
   36    1    9   11    1   19    3    3    1       633
   36    1    9   12    1    6    1    4    0       560
   36    1    9   13    1    2    1    1    1        83
   36    1    9   14    1   31    4    4    1       256
   36    1   10    1    1    9    1    1    1      3713
   36    1   10    2    1    7    2    2    1      3485
   36    1   10    3    1   25    4    4    1      1714
   36    1   10    4    1   26    4    3    0      3790
   36    1   10    5    1   12    2    3    0      2640
   36    1   10    6    1    2    1    1    1      3551
   36    1   10    7    1   21    3    3    1      2897
   36    1   10    8    1   28    4    4    1      2318
   36    1   10    9    1   22    3    2    0      4674
   36    1   10   10    1   15    2    4    0      2704
   36    1   10   11    1   19    3    2    0      5148
   36    1   10   12    1    6    1    2    0      3191
   36    1   10   13    1    3    2    1    0      6864
   36    1   10   14    1   31    4    4    1      3638
   36    2    1    1    1   28    4    3    0      5168
   36    2    1    2    1   22    3    2    0      2530
   36    2    1    3    2   24    0    4    9      4493
   36    2    1    4    1   15    2    2    1      2746
   36    2    1    5    1    7    2    1    0      1853
   36    2    1    6    2   32    0    4    9      1331
   36    2    1    7    1   21    3    3    1      3327
   36    2    1    8    2    1    0    1    9      2667
   36    2    1    9    2   30    0    4    9      4577
   36    2    1   10    1    6    1    2    0      3418
   36    2    1   11    2   14    0    2    9      2706
   36    2    1   12    2   14    0    2    9      1239
   36    2    1   13    1   19    3    3    1      3782
   36    2    1   14    2   20    0    2    9     16687
   36    2    1   15    1   28    4    4    1      2037
   36    2    1   16    2   13    0    2    9      2916
   36    2    1   17    2    8    0    3    9      5456
   36    2    1   18    2   14    0    2    9      2790
   36    2    1   19    2   10    0    2    9      2935
   36    2    1   20    1   25    4    4    1      3267
   36    2    1   21    1   26    4    4    1      4704
   36    2    1   22    2   17    0    2    9      5237
   36    2    1   23    1   19    3    2    0      2532
   36    2    1   24    1   26    4    4    1      2192
   36    2    1   25    2   27    0    4    9      1513
   36    2    1   26    1   22    3    3    1      2333
   36    2    1   27    1   25    4    4    1      1344
   36    2    1   28    1    3    2    3    0      5515
   36    2    1   29    1   21    3    2    0      4815
   36    2    1   30    2   11    0    2    9      5711
   36    2    1   31    1    7    2    1    0      2044
   36    2    1   32    1   12    2    2    1      1339
   36    2    1   33    1   31    4    4    1      1318
   36    2    1   34    1   12    2    2    1      2434
   36    2    1   35    2   24    0    3    9      1761
   36    2    1   36    1   31    4    4    1      1292
   36    2    1   37    1    2    1    2    0      2777
   36    2    1   38    2   24    0    3    9      1436
   36    2    1   39    1   15    2    2    1      1267
   36    2    1   40    2   24    0    3    9      7089
   36    2    1   41    1    2    1    2    0      2247
   36    2    1   42    1    6    1    2    0      2381
   36    2    1   43    2   16    0    2    9      2014
   36    2    1   44    2    5    0    1    9      1358
   36    2    1   45    1    9    1    2    0      1177
   36    2    1   46    2   18    0    3    9      2491
   36    2    1   47    2   29    0    4    9      1112
   36    2    1   48    2    4    0    2    9      1533
   36    2    1   49    2   23    0    3    9      1840
   36    2    1   50    1    9    1    2    0     53093
   36    2    1   51    2   14    0    2    9      2028
   36    2    1   52    1    3    2    1    0      1372
   36    2    2    1    2   17    0    3    9      3781
   36    2    2    2    2   10    0    1    9      3487
   36    2    2    3    2    1    0    2    9      1396
   36    2    2    4    1   19    3    3    1      1341
   36    2    2    5    2   29    0    4    9      1144
   36    2    2    6    1    7    2    2    1      4203
   36    2    2    7    1   31    4    4    1      1556
   36    2    2    8    1   28    4    4    1      2166
   36    2    2    9    1   22    3    3    1      2193
   36    2    2   10    1   26    4    4    1      1322
   36    2    2   11    2    4    0    2    9     10805
   36    2    2   12    1   12    2    2    1      6358
   36    2    2   13    1   15    2    1    0      1992
   36    2    2   14    2   14    0    1    9      3514
   36    2    2   15    1   25    4    4    1      1662
   36    2    2   16    2    5    0    1    9      3612
   36    2    2   17    2   11    0    2    9      1997
   36    2    2   18    1    6    1    1    1      2062
   36    2    2   19    1    3    2    2    1      2668
   36    2    2   20    2   27    0    4    9      2690
   36    2    2   21    2   14    0    1    9      5879
   36    2    2   22    1    2    1    1    1      5660
   36    2    2   23    1   31    4    4    1      1739
   36    2    2   24    1   21    3    3    1      2678
   36    2    2   25    2   20    0    3    9      4204
   36    2    2   26    2   13    0    1    9      8325
   36    2    2   27    2   24    0    3    9      2601
   36    2    2   28    2   24    0    3    9      2977
   36    2    2   29    1   25    4    4    1      5627
   36    2    2   30    1   21    3    3    1      1867
   36    2    2   31    2   14    0    1    9      6257
   36    2    2   32    1   12    2    2    1      3863
   36    2    2   33    1    2    1    1    1     10141
   36    2    2   34    2   16    0    2    9      2233
   36    2    2   35    1    3    2    2    1      2128
   36    2    2   36    1    9    1    1    1      3820
   36    2    2   37    2    8    0    2    9      1524
   36    2    2   38    1   15    2    2    1       936
   36    2    2   39    1    6    1    1    1       787
   36    2    2   40    2   14    0    1    9       916
   36    2    2   41    1   22    3    3    1      3984
   36    2    2   42    1   19    3    4    0      1169
   36    2    2   43    2   24    0    3    9      1459
   36    2    2   44    1   26    4    4    1      1290
   36    2    2   45    1    9    1    1    1      5687
   36    2    2   46    2   24    0    3    9      2692
   36    2    2   47    2   32    0    4    9      3018
   36    2    2   48    1   28    4    4    1      1074
   36    2    2   49    1    7    2    2    1      1863
   36    2    2   50    2   18    0    3    9      3261
   36    2    2   51    2   30    0    4    9       828
   36    2    2   52    2   23    0    3    9       988
