   33    1    1    1    1   15    2    2    1      4010
   33    1    1    2    1    9    1    1    1      1806
   33    1    1    3    1   22    3    2    0      1431
   33    1    1    4    1   28    4    4    1      2198
   33    1    1    5    1    2    1    2    0      2511
   33    1    1    6    1   31    4    3    0      4131
   33    1    1    7    1    6    1    1    1      1846
   33    1    1    8    1   19    3    3    1      1773
   33    1    1    9    1    3    2    2    1      1399
   33    1    1   10    1   26    4    4    1       896
   33    1    1   11    1   12    2    1    0      3484
   33    1    1   12    1   21    3    3    1      1577
   33    1    1   13    1    7    2    1    0      2587
   33    1    1   14    1   25    4    3    0      1788
   33    1    2    1    1   19    3    3    1      4236
   33    1    2    2    1    9    1    1    1      1460
   33    1    2    3    1   28    4    4    1      2554
   33    1    2    4    1   12    2    2    1      2789
   33    1    2    5    1   22    3    3    1      1415
   33    1    2    6    1    6    1    1    1      1582
   33    1    2    7    1   31    4    4    1      1663
   33    1    2    8    1   25    4    4    1      2333
   33    1    2    9    1    7    2    1    0      1248
   33    1    2   10    1    2    1    1    1      1479
   33    1    2   11    1   21    3    3    1      1837
   33    1    2   12    1   15    2    2    1      1524
   33    1    2   13    1    3    2    1    0      2120
   33    1    2   14    1   26    4    4    1      8860
   33    1    3    1    1   26    4    4    1      3149
   33    1    3    2    1   12    2    2    1      1792
   33    1    3    3    1    3    2    2    1       793
   33    1    3    4    1    9    1    1    1      1338
   33    1    3    5    1   21    3    3    1      1173
   33    1    3    6    1    2    1    1    1      1143
   33    1    3    7    1    6    1    2    0      1514
   33    1    3    8    1   19    3    3    1      2022
   33    1    3    9    1   22    3    3    1      1382
   33    1    3   10    1   31    4    4    1      1183
   33    1    3   11    1   25    4    3    0       881
   33    1    3   12    1   28    4    4    1      1045
   33    1    3   13    1    7    2    2    1      1436
   33    1    3   14    1   15    2    2    1       804
   33    1    4    1    1   19    3    3    1      1405
   33    1    4    2    1   12    2    2    1      1909
   33    1    4    3    1    3    2    2    1       922
   33    1    4    4    1   28    4    4    1      2022
   33    1    4    5    1   31    4    4    1       646
   33    1    4    6    1   21    3    3    1      1149
   33    1    4    7    1   26    4    3    0       800
   33    1    4    8    1    9    1    2    0      1832
   33    1    4    9    1   15    2    2    1       856
   33    1    4   10    1    7    2    2    1       758
   33    1    4   11    1   25    4    3    0      1833
   33    1    4   12    1   22    3    3    1      1272
   33    1    4   13    1    6    1    2    0       901
   33    1    4   14    1    2    1    1    1      1706
   33    1    5    1    1   22    3    3    1      3996
   33    1    5    2    1   28    4    4    1      1117
   33    1    5    3    1    7    2    2    1      1120
   33    1    5    4    1   31    4    4    1       964
   33    1    5    5    1    6    1    2    0      1486
   33    1    5    6    1    2    1    1    1      1051
   33    1    5    7    1    9    1    1    1       546
   33    1    5    8    1   19    3    3    1      1709
   33    1    5    9    1   26    4    4    1       841
   33    1    5   10    1   15    2    2    1       681
   33    1    5   11    1   12    2    2    1      1198
   33    1    5   12    1   21    3    1    0       799
   33    1    5   13    1   25    4    3    0      1223
   33    1    5   14    1    3    2    2    1       815
   33    1    6    1    1   21    3    3    1      1164
   33    1    6    2    1   28    4    4    1       734
   33    1    6    3    1    6    1    1    1      2722
   33    1    6    4    1   26    4    4    1      2886
   33    1    6    5    1   25    4    3    0      2019
   33    1    6    6    1   15    2    2    1       795
   33    1    6    7    1    7    2    2    1      1420
   33    1    6    8    1   31    4    4    1       788
   33    1    6    9    1   12    2    2    1       933
   33    1    6   10    1   22    3    3    1      1696
   33    1    6   11    1    9    1    1    1       925
   33    1    6   12    1    2    1    1    1      2345
   33    1    6   13    1   19    3    3    1      1005
   33    1    6   14    1    3    2    1    0      1605
   33    1    7    1    1   22    3    3    1      6707
   33    1    7    2    1   21    3    3    1      1176
   33    1    7    3    1   26    4    4    1      1818
   33    1    7    4    1    6    1    2    0      2594
   33    1    7    5    1   19    3    3    1      1187
   33    1    7    6    1    2    1    1    1      1540
   33    1    7    7    1   12    2    2    1      1560
   33    1    7    8    1   31    4    4    1      1626
   33    1    7    9    1    9    1    1    1       842
   33    1    7   10    1   25    4    3    0      1258
   33    1    7   11    1    7    2    2    1      5136
   33    1    7   12    1    3    2    2    1      1700
   33    1    7   13    1   28    4    4    1      1408
   33    1    7   14    1   15    2    2    1      2232
   33    1    8    1    1   25    4    4    1      2229
   33    1    8    2    1   26    4    4    1      1085
   33    1    8    3    1   19    3    3    1       946
   33    1    8    4    1   22    3    3    1       893
   33    1    8    5    1   28    4    4    1       730
   33    1    8    6    1    2    1    1    1      1182
   33    1    8    7    1   21    3    3    1      1359
   33    1    8    8    1    9    1    2    0      1385
   33    1    8    9    1    6    1    1    1      1851
   33    1    8   10    1   15    2    2    1      1105
   33    1    8   11    1   31    4    4    1      1477
   33    1    8   12    1    7    2    2    1      2283
   33    1    8   13    1    3    2    2    1       849
   33    1    8   14    1   12    2    2    1       687
   33    1    9    1    1   21    3    3    1      1528
   33    1    9    2    1   22    3    3    1       843
   33    1    9    3    1   12    2    2    1      2187
   33    1    9    4    1   25    4    3    0       868
   33    1    9    5    1   28    4    4    1      1274
   33    1    9    6    1   31    4    4    1       808
   33    1    9    7    1    3    2    2    1      3753
   33    1    9    8    1   19    3    4    0      7139
   33    1    9    9    1    2    1    1    1      1310
   33    1    9   10    1    9    1    2    0      1547
   33    1    9   11    1   26    4    4    1      2742
   33    1    9   12    1    6    1    1    1      1993
   33    1    9   13    1    7    2    2    1      2218
   33    1    9   14    1   15    2    2    1      1122
   33    1   10    1    1   12    2    2    1      4420
   33    1   10    2    1    3    2    2    1      1348
   33    1   10    3    1   26    4    4    1      1774
   33    1   10    4    1   22    3    3    1      2504
   33    1   10    5    1   19    3    4    0      3060
   33    1   10    6    1   21    3    3    1      5091
   33    1   10    7    1    2    1    1    1      1464
   33    1   10    8    1    7    2    2    1      1918
   33    1   10    9    1   25    4    3    0       994
   33    1   10   10    1   28    4    4    1      1059
   33    1   10   11    1   31    4    4    1      1850
   33    1   10   12    1    6    1    1    1      2625
   33    1   10   13    1    9    1    1    1       648
   33    1   10   14    1   15    2    2    1      1215
   33    2    1    1    1   19    3    4    0      3654
   33    2    1    2    2   18    0    3    9      1060
   33    2    1    3    1   15    2    2    1      2346
   33    2    1    4    1    3    2    2    1      1693
   33    2    1    5    1    7    2    2    1       858
   33    2    1    6    2   24    0    4    9      7224
   33    2    1    7    2    5    0    1    9      1721
   33    2    1    8    2   30    0    4    9      4261
   33    2    1    9    2   27    0    4    9       843
   33    2    1   10    2   11    0    2    9      2506
   33    2    1   11    2   14    0    2    9      1671
   33    2    1   12    1    6    1    1    1      4229
   33    2    1   13    1   12    2    2    1       765
   33    2    1   14    1   21    3    3    1      1007
   33    2    1   15    1   25    4    3    0      1207
   33    2    1   16    2   29    0    4    9       648
   33    2    1   17    2   23    0    4    9       911
   33    2    1   18    1   26    4    3    0       939
   33    2    1   19    1   31    4    4    1       727
   33    2    1   20    1   28    4    4    1       618
   33    2    1   21    1    3    2    1    0      1730
   33    2    1   22    1    9    1    2    0       990
   33    2    1   23    2   14    0    1    9      1575
   33    2    1   24    1   28    4    4    1      2089
   33    2    1   25    1   19    3    3    1      4726
   33    2    1   26    1   22    3    3    1       778
   33    2    1   27    1   22    3    3    1       604
   33    2    1   28    1   21    3    3    1       741
   33    2    1   29    2   32    0    4    9      2312
   33    2    1   30    1   12    2    2    1      2508
   33    2    1   31    2    4    0    2    9      1273
   33    2    1   32    2   24    0    4    9      4503
   33    2    1   33    2   20    0    4    9       708
   33    2    1   34    1   25    4    3    0       712
   33    2    1   35    1    9    1    2    0      1309
   33    2    1   36    2   24    0    4    9      2314
   33    2    1   37    1    6    1    2    0      1757
   33    2    1   38    1    7    2    2    1      1144
   33    2    1   39    1   26    4    3    0      6555
   33    2    1   40    2   13    0    2    9      3782
   33    2    1   41    1    2    1    1    1      2351
   33    2    1   42    2   10    0    2    9       721
   33    2    1   43    2   24    0    4    9      1654
   33    2    1   44    2    8    0    4    9       661
   33    2    1   45    1   15    2    2    1      3820
   33    2    1   46    1   31    4    4    1      4019
   33    2    1   47    2   16    0    2    9      2595
   33    2    1   48    2   14    0    2    9      1437
   33    2    1   49    2   14    0    2    9       612
   33    2    1   50    2    1    0    1    9       796
   33    2    1   51    2   17    0    3    9       973
   33    2    1   52    1    2    1    2    0      1079
   33    2    2    1    2   18    0    3    9      5389
   33    2    2    2    2   24    0    4    9       678
   33    2    2    3    1   19    3    4    0      1340
   33    2    2    4    1    2    1    1    1      3624
   33    2    2    5    2    8    0    2    9      1320
   33    2    2    6    2   14    0    2    9      1028
   33    2    2    7    1   15    2    2    1       603
   33    2    2    8    1   21    3    3    1       820
   33    2    2    9    1   21    3    3    1       740
   33    2    2   10    1   22    3    3    1      1943
   33    2    2   11    1    9    1    1    1       763
   33    2    2   12    2   23    0    4    9      1661
   33    2    2   13    2   13    0    2    9      1051
   33    2    2   14    2   24    0    4    9      4354
   33    2    2   15    2    4    0    2    9      2244
   33    2    2   16    2   24    0    4    9      2155
   33    2    2   17    1    3    2    2    1      1478
   33    2    2   18    2   27    0    4    9      1084
   33    2    2   19    2   24    0    4    9      1025
   33    2    2   20    1   12    2    2    1      4201
   33    2    2   21    2   14    0    2    9      1394
   33    2    2   22    2   20    0    4    9      1483
   33    2    2   23    1   22    3    3    1      1168
   33    2    2   24    1   28    4    4    1      1314
   33    2    2   25    1   31    4    4    1       638
   33    2    2   26    1    7    2    2    1      2518
   33    2    2   27    1    7    2    2    1       786
   33    2    2   28    2   16    0    2    9       707
   33    2    2   29    2   32    0    4    9       792
   33    2    2   30    1    6    1    1    1       953
   33    2    2   31    1   25    4    3    0      1044
   33    2    2   32    2   29    0    4    9       603
   33    2    2   33    1    3    2    2    1      1619
   33    2    2   34    2   14    0    1    9      1411
   33    2    2   35    2   14    0    2    9       844
   33    2    2   36    2   17    0    3    9      1403
   33    2    2   37    1   12    2    2    1      1348
   33    2    2   38    1   31    4    4    1      2431
   33    2    2   39    2   10    0    2    9      1582
   33    2    2   40    1   26    4    4    1      1199
   33    2    2   41    1    2    1    1    1      1328
   33    2    2   42    1   26    4    4    1       940
   33    2    2   43    1   19    3    4    0       919
   33    2    2   44    2   30    0    4    9      6355
   33    2    2   45    1    6    1    1    1      1014
   33    2    2   46    1   15    2    2    1      1261
   33    2    2   47    1   25    4    4    1      2668
   33    2    2   48    2   11    0    2    9      1586
   33    2    2   49    1   28    4    4    1       771
   33    2    2   50    2    5    0    1    9      1589
   33    2    2   51    2    1    0    1    9       918
   33    2    2   52    1    9    1    2    0      2130
