   17    1    1    1    1   28    4    1    0      3644
   17    1    1    2    1   12    2    4    0       695
   17    1    1    3    1    7    2    3    0      3012
   17    1    1    4    1    9    1    1    1      2180
   17    1    1    5    1    6    1    4    0      1662
   17    1    1    6    1   15    2    2    1      9075
   17    1    1    7    1   18    3    4    0      3961
   17    1    1    8    1   23    4    4    1      5092
   17    1    1    9    1   22    3    1    0      3769
   17    1    1   10    1   25    3    4    0     12827
   17    1    1   11    1    3    2    1    0      2339
   17    1    1   12    1    2    1    1    1      3374
   17    1    1   13    1   31    4    2    0      5464
   17    1    1   14    1   19    4    2    0      3414
   17    1    2    1    1   12    2    4    0      2674
   17    1    2    2    1    2    1    1    1      3280
   17    1    2    3    1   28    4    2    0      2877
   17    1    2    4    1   31    4    3    0      8947
   17    1    2    5    1   25    3    4    0      4022
   17    1    2    6    1   22    3    1    0      4430
   17    1    2    7    1    3    2    2    1      4053
   17    1    2    8    1   15    2    1    0      4003
   17    1    2    9    1    9    1    1    1      4748
   17    1    2   10    1   18    3    3    1      3311
   17    1    2   11    1    6    1    2    0      2827
   17    1    2   12    1    7    2    2    1      2275
   17    1    2   13    1   19    4    4    1      4377
   17    1    2   14    1   23    4    4    1      1755
   17    1    3    1    1    9    1    1    1      1206
   17    1    3    2    1   23    4    4    1      1351
   17    1    3    3    1    7    2    2    1      1809
   17    1    3    4    1   28    4    4    1      4074
   17    1    3    5    1   18    3    3    1      1496
   17    1    3    6    1    6    1    1    1      6397
   17    1    3    7    1   12    2    2    1       990
   17    1    3    8    1    3    2    2    1      2263
   17    1    3    9    1   19    4    3    0      2557
   17    1    3   10    1   31    4    4    1      2031
   17    1    3   11    1   22    3    3    1       895
   17    1    3   12    1    2    1    1    1      1308
   17    1    3   13    1   25    3    3    1      1352
   17    1    3   14    1   15    2    2    1      9491
   17    1    4    1    1   22    3    3    1      1379
   17    1    4    2    1   28    4    4    1       925
   17    1    4    3    1   12    2    4    0      1465
   17    1    4    4    1   25    3    3    1      2199
   17    1    4    5    1   15    2    2    1      1759
   17    1    4    6    1    2    1    1    1      1386
   17    1    4    7    1   19    4    3    0       899
   17    1    4    8    1   31    4    4    1      5096
   17    1    4    9    1    6    1    2    0      1612
   17    1    4   10    1    3    2    2    1      2149
   17    1    4   11    1   23    4    4    1      1455
   17    1    4   12    1    9    1    1    1       983
   17    1    4   13    1    7    2    2    1      2080
   17    1    4   14    1   18    3    3    1      1693
   17    1    5    1    1    3    2    2    1      4251
   17    1    5    2    1   19    4    4    1      1426
   17    1    5    3    1   25    3    3    1      1210
   17    1    5    4    1   23    4    4    1      2698
   17    1    5    5    1   15    2    2    1      1711
   17    1    5    6    1   12    2    2    1      1020
   17    1    5    7    1   28    4    4    1       868
   17    1    5    8    1    7    2    2    1      1074
   17    1    5    9    1   18    3    3    1       904
   17    1    5   10    1    6    1    1    1       980
   17    1    5   11    1    9    1    1    1       718
   17    1    5   12    1   31    4    4    1      1249
   17    1    5   13    1    2    1    1    1      1776
   17    1    5   14    1   22    3    3    1      1786
   17    1    6    1    1   19    4    4    1      2794
   17    1    6    2    1   22    3    3    1      1228
   17    1    6    3    1   12    2    2    1      1068
   17    1    6    4    1    6    1    1    1       930
   17    1    6    5    1   28    4    4    1      1132
   17    1    6    6    1    3    2    2    1      2799
   17    1    6    7    1   23    4    4    1      1536
   17    1    6    8    1    2    1    1    1      2355
   17    1    6    9    1    7    2    2    1      1286
   17    1    6   10    1   25    3    3    1      1235
   17    1    6   11    1   31    4    4    1       963
   17    1    6   12    1   18    3    3    1      1709
   17    1    6   13    1   15    2    2    1      1465
   17    1    6   14    1    9    1    1    1       575
   17    1    7    1    1    3    2    2    1      2148
   17    1    7    2    1    7    2    2    1       782
   17    1    7    3    1   31    4    4    1      1055
   17    1    7    4    1   19    4    4    1      1798
   17    1    7    5    1   25    3    3    1      1215
   17    1    7    6    1   28    4    4    1       959
   17    1    7    7    1   15    2    2    1      7465
   17    1    7    8    1    2    1    1    1      1807
   17    1    7    9    1   23    4    4    1      2968
   17    1    7   10    1   22    3    3    1      1650
   17    1    7   11    1   18    3    3    1      2352
   17    1    7   12    1   12    2    2    1      1987
   17    1    7   13    1    6    1    1    1      1348
   17    1    7   14    1    9    1    1    1       911
   17    2    1    1    2   14    0    1    9      4701
   17    2    1    2    2   26    0    3    9      1185
   17    2    1    3    2    5    0    1    9      1427
   17    2    1    4    1    7    2    2    1      1819
   17    2    1    5    2   14    0    1    9      1218
   17    2    1    6    1    2    1    1    1      2098
   17    2    1    7    1    6    1    1    1      6799
   17    2    1    8    1    9    1    1    1       736
   17    2    1    9    2   13    0    1    9       659
   17    2    1   10    1    7    2    2    1      2505
   17    2    1   11    1   22    3    3    1      3078
   17    2    1   12    2   30    0    3    9      4972
   17    2    1   13    2   30    0    3    9      1462
   17    2    1   14    2   14    0    1    9      1965
   17    2    1   15    2    4    0    2    9      1502
   17    2    1   16    1   31    4    4    1      3379
   17    2    1   17    2   17    0    3    9      1101
   17    2    1   18    1   18    3    3    1      1058
   17    2    1   19    1    6    1    1    1      3896
   17    2    1   20    2   20    0    4    9      1165
   17    2    1   21    2   30    0    3    9      1679
   17    2    1   22    1    2    1    1    1      4157
   17    2    1   23    2   10    0    1    9      1527
   17    2    1   24    1    9    1    1    1       635
   17    2    1   25    1   15    2    2    1      2594
   17    2    1   26    2    8    0    2    9      1980
   17    2    1   27    2   30    0    3    9      1549
   17    2    1   28    2   14    0    1    9      2720
   17    2    1   29    1    3    2    2    1      1156
   17    2    1   30    2   16    0    2    9      1014
   17    2    1   31    2   27    0    4    9      2910
   17    2    1   32    1   19    4    4    1      1291
   17    2    1   33    1    3    2    2    1       872
   17    2    1   34    1   23    4    4    1      1382
   17    2    1   35    1   22    3    3    1      2287
   17    2    1   36    2   24    0    4    9      1093
   17    2    1   37    1   23    4    4    1      2410
   17    2    1   38    2   29    0    3    9      1018
   17    2    1   39    1   15    2    2    1      1186
   17    2    1   40    1   25    3    3    1      1076
   17    2    1   41    1   31    4    4    1      1642
   17    2    1   42    1   28    4    4    1      1097
   17    2    1   43    2   21    0    3    9      1133
   17    2    1   44    1   12    2    2    1      1905
   17    2    1   45    1   25    3    3    1      1094
   17    2    1   46    1   18    3    3    1      1003
   17    2    1   47    2    1    0    1    9       867
   17    2    1   48    1   12    2    2    1      1089
   17    2    1   49    2   11    0    2    9      2807
   17    2    1   50    2   32    0    4    9       871
   17    2    1   51    1   19    4    4    1      1669
   17    2    1   52    1   28    4    4    1      1283
   17    2    2    1    1    2    1    1    1      2448
   17    2    2    2    1   31    4    4    1      1503
   17    2    2    3    1    3    2    2    1      2340
   17    2    2    4    2   27    0    4    9      1047
   17    2    2    5    1    7    2    2    1       958
   17    2    2    6    1   22    3    3    1      4792
   17    2    2    7    1   15    2    2    1      3417
   17    2    2    8    2   21    0    3    9      1409
   17    2    2    9    2   16    0    2    9      2074
   17    2    2   10    2   30    0    3    9      1208
   17    2    2   11    1    6    1    1    1      1528
   17    2    2   12    1   28    4    4    1      1164
   17    2    2   13    2   32    0    4    9      1246
   17    2    2   14    1   22    3    3    1      1245
   17    2    2   15    2   14    0    1    9      1964
   17    2    2   16    1   23    4    4    1      3470
   17    2    2   17    2    4    0    2    9      1668
   17    2    2   18    2   30    0    3    9      4162
   17    2    2   19    2    5    0    1    9      1581
   17    2    2   20    2   10    0    1    9       926
   17    2    2   21    1   25    3    3    1       986
   17    2    2   22    1   31    4    4    1       915
   17    2    2   23    2   30    0    3    9      1103
   17    2    2   24    1   12    2    2    1       852
   17    2    2   25    2   24    0    4    9       818
   17    2    2   26    1   19    4    4    1      1346
   17    2    2   27    2   14    0    1    9      1613
   17    2    2   28    2   26    0    3    9      1597
   17    2    2   29    2   14    0    1    9      3901
   17    2    2   30    1   15    2    2    1      1954
   17    2    2   31    1    3    2    2    1      1317
   17    2    2   32    1   19    4    4    1      1041
   17    2    2   33    1   12    2    2    1      1192
   17    2    2   34    2   14    0    2    9      3193
   17    2    2   35    2   30    0    3    9      7290
   17    2    2   36    1   28    4    4    1      1016
   17    2    2   37    1    7    2    2    1      1184
   17    2    2   38    1   18    3    3    1       977
   17    2    2   39    1   23    4    4    1      2011
   17    2    2   40    2    1    0    1    9      1259
   17    2    2   41    2   11    0    2    9      2074
   17    2    2   42    1   25    3    3    1      1128
   17    2    2   43    1    2    1    1    1      1740
   17    2    2   44    1    6    1    1    1      1479
   17    2    2   45    2    8    0    2    9       684
   17    2    2   46    2   20    0    4    9      4466
   17    2    2   47    1    9    1    1    1       928
   17    2    2   48    2   13    0    1    9       748
   17    2    2   49    1    9    1    1    1       622
   17    2    2   50    2   29    0    3    9       822
   17    2    2   51    2   17    0    3    9      1318
   17    2    2   52    1   18    3    3    1      1122
