   49    1    1    1    1    3    2    1    0     20791
   49    1    1    2    1   26    4    2    0     12909
   49    1    1    3    1    9    1    1    1      4676
   49    1    1    4    1   19    3    3    1      3259
   49    1    1    5    1   28    4    4    1      1314
   49    1    1    6    1    6    1    2    0      1262
   49    1    1    7    1   12    2    4    0      5062
   49    1    1    8    1   25    4    2    0     14725
   49    1    1    9    1   31    4    2    0      3891
   49    1    1   10    1   21    3    4    0      4002
   49    1    1   11    1    7    2    3    0      8147
   49    1    1   12    1    2    1    1    1      3559
   49    1    1   13    1   22    3    2    0      1595
   49    1    1   14    1   15    2    4    0      6109
   49    1    2    1    1   21    3    1    0      4971
   49    1    2    2    1    2    1    2    0      5382
   49    1    2    3    1   31    4    4    1      3432
   49    1    2    4    1    7    2    4    0      1304
   49    1    2    5    1   19    3    3    1     21933
   49    1    2    6    1   25    4    3    0      5828
   49    1    2    7    1   12    2    4    0      3821
   49    1    2    8    1   28    4    4    1     12454
   49    1    2    9    1   15    2    1    0     13054
   49    1    2   10    1    9    1    1    1      6791
   49    1    2   11    1    3    2    1    0      2665
   49    1    2   12    1   22    3    1    0      1144
   49    1    2   13    1    6    1    3    0      1724
   49    1    2   14    1   26    4    2    0      7072
   49    1    3    1    1    6    1    2    0      4290
   49    1    3    2    1   22    3    2    0      2593
   49    1    3    3    1    7    2    4    0      5739
   49    1    3    4    1   19    3    2    0      5879
   49    1    3    5    1   28    4    4    1      3094
   49    1    3    6    1   15    2    3    0      2308
   49    1    3    7    1   26    4    1    0      2505
   49    1    3    8    1    3    2    1    0      2271
   49    1    3    9    1    9    1    1    1      8197
   49    1    3   10    1   25    4    2    0      2727
   49    1    3   11    1   31    4    3    0      4708
   49    1    3   12    1    2    1    2    0      1418
   49    1    3   13    1   21    3    1    0      2282
   49    1    3   14    1   12    2    1    0       888
   49    1    4    1    1   21    3    1    0     24109
   49    1    4    2    1    2    1    2    0      3598
   49    1    4    3    1   22    3    1    0      4631
   49    1    4    4    1    3    2    2    1      6392
   49    1    4    5    1   25    4    1    0      5490
   49    1    4    6    1   31    4    3    0      2521
   49    1    4    7    1   15    2    3    0      3269
   49    1    4    8    1    9    1    1    1      3460
   49    1    4    9    1    7    2    2    1      5763
   49    1    4   10    1    6    1    2    0      1302
   49    1    4   11    1   28    4    3    0      8115
   49    1    4   12    1   12    2    3    0      1713
   49    1    4   13    1   26    4    2    0      1926
   49    1    4   14    1   19    3    3    1      3099
   49    1    5    1    1   19    3    3    1      2680
   49    1    5    2    1   28    4    4    1      3054
   49    1    5    3    1    2    1    2    0      3717
   49    1    5    4    1   31    4    3    0      6082
   49    1    5    5    1    9    1    1    1      3809
   49    1    5    6    1   26    4    2    0      9994
   49    1    5    7    1   22    3    1    0      9301
   49    1    5    8    1   21    3    1    0      2363
   49    1    5    9    1   12    2    4    0     30453
   49    1    5   10    1    7    2    2    1     17008
   49    1    5   11    1   25    4    2    0     18411
   49    1    5   12    1    3    2    3    0     18022
   49    1    5   13    1   15    2    2    1     24137
   49    1    5   14    1    6    1    1    1      4312
   49    1    6    1    1    7    2    2    1      2779
   49    1    6    2    1    3    2    2    1      2461
   49    1    6    3    1   22    3    1    0      3516
   49    1    6    4    1    9    1    1    1      3529
   49    1    6    5    1   19    3    2    0      3366
   49    1    6    6    1   26    4    2    0      6145
   49    1    6    7    1   28    4    2    0      3557
   49    1    6    8    1   21    3    3    1      4905
   49    1    6    9    1    6    1    2    0      9598
   49    1    6   10    1   25    4    3    0      6080
   49    1    6   11    1   12    2    2    1      3727
   49    1    6   12    1    2    1    1    1      2124
   49    1    6   13    1   15    2    2    1      3304
   49    1    6   14    1   31    4    4    1      2630
   49    1    7    1    1   12    2    2    1      5419
   49    1    7    2    1   25    4    3    0      2316
   49    1    7    3    1   28    4    3    0      2832
   49    1    7    4    1    6    1    1    1      7560
   49    1    7    5    1    7    2    2    1      4548
   49    1    7    6    1    3    2    2    1      2776
   49    1    7    7    1   22    3    3    1      5146
   49    1    7    8    1   19    3    4    0     16798
   49    1    7    9    1    9    1    1    1      4793
   49    1    7   10    1   21    3    3    1      2259
   49    1    7   11    1   26    4    3    0      4746
   49    1    7   12    1   15    2    2    1      2078
   49    1    7   13    1    2    1    1    1      1085
   49    1    7   14    1   31    4    4    1      1770
   49    1    8    1    1   31    4    4    1      6198
   49    1    8    2    1   22    3    3    1       992
   49    1    8    3    1   15    2    2    1      1250
   49    1    8    4    1    6    1    1    1       801
   49    1    8    5    1    7    2    1    0      3522
   49    1    8    6    1    9    1    1    1       838
   49    1    8    7    1    3    2    1    0       942
   49    1    8    8    1   19    3    3    1      1962
   49    1    8    9    1    2    1    1    1       845
   49    1    8   10    1   28    4    4    1      1029
   49    1    8   11    1   21    3    3    1      1614
   49    1    8   12    1   26    4    4    1       974
   49    1    8   13    1   25    4    3    0       632
   49    1    8   14    1   12    2    2    1      1664
   49    1    9    1    1    9    1    1    1      7751
   49    1    9    2    1   28    4    4    1      1235
   49    1    9    3    1    2    1    1    1      1275
   49    1    9    4    1   25    4    3    0      2401
   49    1    9    5    1   31    4    4    1      2259
   49    1    9    6    1   21    3    3    1      1458
   49    1    9    7    1    6    1    1    1      1745
   49    1    9    8    1   26    4    3    0      3533
   49    1    9    9    1   19    3    3    1       969
   49    1    9   10    1   15    2    2    1      1627
   49    1    9   11    1   12    2    2    1       868
   49    1    9   12    1   22    3    3    1      2290
   49    1    9   13    1    7    2    2    1      2488
   49    1    9   14    1    3    2    1    0      1446
   49    1   10    1    1    2    1    1    1      1180
   49    1   10    2    1   31    4    4    1      1758
   49    1   10    3    1   25    4    3    0      1265
   49    1   10    4    1    3    2    2    1      8791
   49    1   10    5    1   22    3    3    1      5546
   49    1   10    6    1   21    3    3    1       950
   49    1   10    7    1   15    2    2    1      1897
   49    1   10    8    1   26    4    3    0      1046
   49    1   10    9    1   12    2    2    1      1046
   49    1   10   10    1   19    3    4    0      1222
   49    1   10   11    1    6    1    1    1      5470
   49    1   10   12    1    7    2    2    1      6085
   49    1   10   13    1    9    1    1    1      2716
   49    1   10   14    1   28    4    4    1       944
   49    2    1    1    1   15    2    2    1      6133
   49    2    1    2    2   30    0    1    9       785
   49    2    1    3    1   25    4    1    0      4370
   49    2    1    4    1    7    2    2    1     10061
   49    2    1    5    1    9    1    1    1       773
   49    2    1    6    1    6    1    1    1      1160
   49    2    1    7    1   19    3    3    1      1355
   49    2    1    8    2   11    0    2    9      1078
   49    2    1    9    1   22    3    3    1      9860
   49    2    1   10    1    7    2    2    1      1204
   49    2    1   11    1   26    4    3    0      1645
   49    2    1   12    2   24    0    4    9       965
   49    2    1   13    1   21    3    3    1      3839
   49    2    1   14    1   28    4    4    1      1967
   49    2    1   15    1   31    4    4    1      3210
   49    2    1   16    2   10    0    1    9      2107
   49    2    1   17    2    5    0    1    9       712
   49    2    1   18    2   14    0    2    9      2069
   49    2    1   19    2    1    0    1    9      1052
   49    2    1   20    2   18    0    3    9      1099
   49    2    1   21    1    9    1    1    1      1144
   49    2    1   22    1   28    4    4    1       939
   49    2    1   23    2   24    0    4    9       928
   49    2    1   24    2    4    0    2    9      2236
   49    2    1   25    1   15    2    2    1      1060
   49    2    1   26    2   24    0    4    9      4939
   49    2    1   27    2   14    0    2    9      1240
   49    2    1   28    1    2    1    1    1       800
   49    2    1   29    2   23    0    3    9      1832
   49    2    1   30    1   21    3    3    1      1440
   49    2    1   31    1   26    4    4    1      1240
   49    2    1   32    1   31    4    4    1       600
   49    2    1   33    2   27    0    4    9       513
   49    2    1   34    1    3    2    2    1      2550
   49    2    1   35    1   19    3    4    0      1985
   49    2    1   36    1    6    1    1    1      1722
   49    2    1   37    2   24    0    4    9      2079
   49    2    1   38    1   12    2    2    1      1430
   49    2    1   39    1   22    3    1    0       870
   49    2    1   40    2   14    0    4    9      5404
   49    2    1   41    2   14    0    4    9      2062
   49    2    1   42    1    2    1    3    0      1653
   49    2    1   43    2   32    0    2    9      5404
   49    2    1   44    2   29    0    1    9      1366
   49    2    1   45    1   12    2    4    0      1560
   49    2    1   46    1   25    4    3    0      4891
   49    2    1   47    2   17    0    3    9       745
   49    2    1   48    2   20    0    4    9      2613
   49    2    1   49    2   13    0    2    9      2206
   49    2    1   50    2    8    0    2    9      2743
   49    2    1   51    2   16    0    2    9       707
   49    2    1   52    1    3    2    2    1      1800
   49    2    2    1    1    7    2    2    1       705
   49    2    2    2    2   29    0    4    9      2390
   49    2    2    3    1   31    4    4    1       672
   49    2    2    4    2    8    0    2    9      1310
   49    2    2    5    1    2    1    2    0      1611
   49    2    2    6    2   14    0    2    9       820
   49    2    2    7    2   24    0    4    9      3613
   49    2    2    8    1   28    4    4    1       694
   49    2    2    9    1    9    1    1    1      1276
   49    2    2   10    2   24    0    4    9      1995
   49    2    2   11    2    1    0    1    9      1589
   49    2    2   12    1   15    2    2    1      1038
   49    2    2   13    2   17    0    1    9       814
   49    2    2   14    2   18    0    3    9      1326
   49    2    2   15    1    7    2    2    1      2938
   49    2    2   16    1    9    1    1    1       902
   49    2    2   17    1   28    4    4    1      1124
   49    2    2   18    2   14    0    1    9      6977
   49    2    2   19    2   32    0    4    9      1420
   49    2    2   20    2   11    0    2    9       652
   49    2    2   21    2   10    0    1    9       859
   49    2    2   22    2   14    0    2    9      1106
   49    2    2   23    2    5    0    1    9       783
   49    2    2   24    1   22    3    3    1      1353
   49    2    2   25    2   13    0    2    9      1452
   49    2    2   26    2   24    0    4    9      1027
   49    2    2   27    1   21    3    3    1      1179
   49    2    2   28    1    2    1    2    0      2422
   49    2    2   29    1   26    4    4    1      1422
   49    2    2   30    1   22    3    4    0      1030
   49    2    2   31    2   23    0    4    9      1070
   49    2    2   32    1    6    1    2    0      2916
   49    2    2   33    1   25    4    4    1      2401
   49    2    2   34    1   21    3    3    1      2666
   49    2    2   35    1    3    2    1    0      1449
   49    2    2   36    2   14    0    2    9      1672
   49    2    2   37    1   26    4    4    1      4878
   49    2    2   38    2   16    0    2    9      1237
   49    2    2   39    1   19    3    3    1      1165
   49    2    2   40    1   31    4    4    1      2184
   49    2    2   41    2    4    0    1    9      5555
   49    2    2   42    1   19    3    3    1      1623
   49    2    2   43    1   12    2    2    1      2343
   49    2    2   44    2   20    0    1    9       891
   49    2    2   45    2   30    0    4    9      2089
   49    2    2   46    1    6    1    1    1      4294
   49    2    2   47    1   12    2    2    1      1396
   49    2    2   48    2   27    0    4    9      1542
   49    2    2   49    2   24    0    4    9      1098
   49    2    2   50    1   15    2    2    1      1871
   49    2    2   51    1   25    4    4    1      1949
   49    2    2   52    1    3    2    2    1      1944
