   29    1    1    1    1   15    2    1    0      4946
   29    1    1    2    1   28    4    4    1      3029
   29    1    1    3    1    2    1    2    0      2156
   29    1    1    4    1   21    3    2    0      1567
   29    1    1    5    1    6    1    1    1      4697
   29    1    1    6    1   25    4    3    0      1405
   29    1    1    7    1   12    2    2    1      3038
   29    1    1    8    1   26    4    3    0      5669
   29    1    1    9    1   19    3    1    0      1307
   29    1    1   10    1    9    1    3    0      1215
   29    1    1   11    1    7    2    4    0      3543
   29    1    1   12    1   31    4    2    0      1282
   29    1    1   13    1    3    2    1    0      2519
   29    1    1   14    1   22    3    4    0      1547
   29    1    2    1    1   25    4    2    0      3507
   29    1    2    2    1    2    1    3    0      1168
   29    1    2    3    1    3    2    4    0      1002
   29    1    2    4    1   12    2    1    0      1034
   29    1    2    5    1    6    1    3    0       506
   29    1    2    6    1   31    4    2    0       782
   29    1    2    7    1    9    1    1    1      1016
   29    1    2    8    1   28    4    4    1      2752
   29    1    2    9    1   22    3    3    1      4034
   29    1    2   10    1   19    3    2    0      2209
   29    1    2   11    1   21    3    2    0      1170
   29    1    2   12    1    7    2    3    0       604
   29    1    2   13    1   26    4    3    0      1165
   29    1    2   14    1   15    2    1    0      1830
   29    1    3    1    1    7    2    4    0      1407
   29    1    3    2    1   25    4    2    0      1152
   29    1    3    3    1   22    3    3    1       970
   29    1    3    4    1   26    4    3    0       676
   29    1    3    5    1   21    3    3    1     10290
   29    1    3    6    1   15    2    3    0      6999
   29    1    3    7    1    9    1    4    0      3016
   29    1    3    8    1    6    1    2    0      1672
   29    1    3    9    1    3    2    3    0      1645
   29    1    3   10    1   31    4    4    1       581
   29    1    3   11    1    2    1    1    1      1646
   29    1    3   12    1   28    4    2    0       540
   29    1    3   13    1   19    3    4    0      1167
   29    1    3   14    1   12    2    2    1       681
   29    1    4    1    1   25    4    2    0      1508
   29    1    4    2    1    3    2    3    0       561
   29    1    4    3    1   21    3    1    0       836
   29    1    4    4    1   26    4    4    1      1034
   29    1    4    5    1    7    2    3    0      1202
   29    1    4    6    1   31    4    2    0       682
   29    1    4    7    1   22    3    1    0       472
   29    1    4    8    1   19    3    4    0       877
   29    1    4    9    1   28    4    3    0       852
   29    1    4   10    1   12    2    2    1       554
   29    1    4   11    1    9    1    1    1       965
   29    1    4   12    1    6    1    3    0       910
   29    1    4   13    1    2    1    3    0      1651
   29    1    4   14    1   15    2    1    0      1130
   29    1    5    1    1   28    4    4    1      1810
   29    1    5    2    1    6    1    2    0       971
   29    1    5    3    1   15    2    3    0      9933
   29    1    5    4    1    2    1    2    0      2824
   29    1    5    5    1   19    3    2    0      1280
   29    1    5    6    1    7    2    4    0      1589
   29    1    5    7    1   25    4    3    0      1678
   29    1    5    8    1    9    1    2    0       852
   29    1    5    9    1   21    3    1    0      1339
   29    1    5   10    1    3    2    3    0      1822
   29    1    5   11    1   31    4    4    1       654
   29    1    5   12    1   26    4    3    0      4421
   29    1    5   13    1   12    2    4    0      2093
   29    1    5   14    1   22    3    2    0      3906
   29    1    6    1    1    2    1    2    0      5524
   29    1    6    2    1    9    1    3    0      1984
   29    1    6    3    1   15    2    3    0      1849
   29    1    6    4    1   31    4    4    1      2168
   29    1    6    5    1   25    4    3    0      1218
   29    1    6    6    1   19    3    3    1       938
   29    1    6    7    1   12    2    2    1      1493
   29    1    6    8    1    6    1    1    1      1130
   29    1    6    9    1   26    4    3    0      1902
   29    1    6   10    1   28    4    4    1      1051
   29    1    6   11    1   22    3    3    1      1505
   29    1    6   12    1   21    3    3    1      1270
   29    1    6   13    1    7    2    1    0      2244
   29    1    6   14    1    3    2    1    0       899
   29    1    7    1    1    3    2    1    0      2390
   29    1    7    2    1   15    2    1    0      1054
   29    1    7    3    1    9    1    2    0       701
   29    1    7    4    1   28    4    4    1      2074
   29    1    7    5    1   12    2    2    1      1992
   29    1    7    6    1   26    4    4    1      1721
   29    1    7    7    1    2    1    2    0      3189
   29    1    7    8    1   22    3    3    1      2414
   29    1    7    9    1   21    3    3    1      1294
   29    1    7   10    1   25    4    4    1      1211
   29    1    7   11    1    6    1    2    0      1708
   29    1    7   12    1   19    3    3    1      1265
   29    1    7   13    1   31    4    4    1       926
   29    1    7   14    1    7    2    1    0      5882
   29    1    8    1    1   21    3    3    1      3621
   29    1    8    2    1    9    1    2    0      1989
   29    1    8    3    1    3    2    1    0       670
   29    1    8    4    1   15    2    1    0      1500
   29    1    8    5    1   28    4    4    1      1817
   29    1    8    6    1   22    3    3    1       801
   29    1    8    7    1   12    2    1    0      2657
   29    1    8    8    1    6    1    1    1     11616
   29    1    8    9    1    2    1    2    0      3120
   29    1    8   10    1   25    4    4    1      2092
   29    1    8   11    1   19    3    3    1       857
   29    1    8   12    1   31    4    4    1      1112
   29    1    8   13    1   26    4    3    0      1068
   29    1    8   14    1    7    2    2    1      1498
   29    1    9    1    1    3    2    2    1      2220
   29    1    9    2    1   25    4    4    1      2212
   29    1    9    3    1   22    3    3    1      2701
   29    1    9    4    1   12    2    2    1      2657
   29    1    9    5    1   21    3    3    1      5704
   29    1    9    6    1    9    1    2    0      2307
   29    1    9    7    1   28    4    4    1      3904
   29    1    9    8    1   31    4    4    1       901
   29    1    9    9    1    2    1    2    0      9073
   29    1    9   10    1   26    4    4    1      7311
   29    1    9   11    1   15    2    1    0      4283
   29    1    9   12    1    7    2    1    0      5449
   29    1    9   13    1    6    1    1    1      3223
   29    1    9   14    1   19    3    3    1      2103
   29    1   10    1    1    9    1    2    0      3346
   29    1   10    2    1    3    2    2    1      1701
   29    1   10    3    1   31    4    4    1      1282
   29    1   10    4    1   12    2    1    0      3359
   29    1   10    5    1   25    4    4    1      3793
   29    1   10    6    1   26    4    4    1      4907
   29    1   10    7    1   22    3    3    1       951
   29    1   10    8    1    7    2    2    1      1330
   29    1   10    9    1   19    3    3    1      1997
   29    1   10   10    1   21    3    3    1      1166
   29    1   10   11    1   28    4    4    1      1040
   29    1   10   12    1    2    1    2    0      1447
   29    1   10   13    1    6    1    2    0      1254
   29    1   10   14    1   15    2    2    1      4780
   29    2    1    1    1    6    1    2    0      2770
   29    2    1    2    1    9    1    2    0      3124
   29    2    1    3    2   20    0    3    9      1575
   29    2    1    4    1    6    1    2    0      4313
   29    2    1    5    1   21    3    3    1      4957
   29    2    1    6    2   24    0    3    9      2728
   29    2    1    7    2   10    0    1    9      2204
   29    2    1    8    2    1    0    1    9      2132
   29    2    1    9    1   19    3    3    1      2400
   29    2    1   10    2   14    0    2    9      1280
   29    2    1   11    1   31    4    4    1      1102
   29    2    1   12    1    9    1    3    0      1490
   29    2    1   13    2    8    0    2    9      2023
   29    2    1   14    1   22    3    3    1      1223
   29    2    1   15    2   29    0    4    9       823
   29    2    1   16    1   26    4    3    0       807
   29    2    1   17    1   12    2    2    1      4440
   29    2    1   18    1   26    4    3    0      3319
   29    2    1   19    1   12    2    2    1      2755
   29    2    1   20    1    3    2    1    0      1638
   29    2    1   21    1   31    4    4    1     29812
   29    2    1   22    2    4    0    1    9      1228
   29    2    1   23    1   25    4    4    1      1756
   29    2    1   24    2   24    0    3    9      3687
   29    2    1   25    2   30    0    4    9       740
   29    2    1   26    1   15    2    2    1      1064
   29    2    1   27    1   19    3    3    1       926
   29    2    1   28    2   14    0    2    9       953
   29    2    1   29    1   15    2    2    1       724
   29    2    1   30    2    5    0    1    9       968
   29    2    1   31    1    2    1    1    1       610
   29    2    1   32    2   17    0    3    9      1019
   29    2    1   33    2   14    0    2    9      2707
   29    2    1   34    1    7    2    1    0      1544
   29    2    1   35    1   25    4    4    1      2571
   29    2    1   36    2   13    0    2    9       997
   29    2    1   37    1    2    1    1    1       926
   29    2    1   38    2   24    0    3    9      1066
   29    2    1   39    2   32    0    4    9       607
   29    2    1   40    2   24    0    3    9       840
   29    2    1   41    1    7    2    2    1      1447
   29    2    1   42    2   11    0    2    9      1646
   29    2    1   43    1   28    4    4    1      1101
   29    2    1   44    2   23    0    3    9       977
   29    2    1   45    1   28    4    4    1      1243
   29    2    1   46    2   16    0    2    9      1099
   29    2    1   47    1   21    3    3    1      2079
   29    2    1   48    2   27    0    4    9       877
   29    2    1   49    2   18    0    3    9       747
   29    2    1   50    2   14    0    2    9      2398
   29    2    1   51    1    3    2    1    0       910
   29    2    1   52    1   22    3    3    1      1707
   29    2    2    1    2   14    0    2    9      1991
   29    2    2    2    1   31    4    4    1      1129
   29    2    2    3    2    8    0    2    9      1245
   29    2    2    4    1    3    2    1    0      5724
   29    2    2    5    2   14    0    2    9      1320
   29    2    2    6    1   22    3    3    1      1668
   29    2    2    7    2   24    0    3    9       866
   29    2    2    8    2   10    0    2    9      9631
   29    2    2    9    1    7    2    1    0      1407
   29    2    2   10    2   17    0    3    9      2488
   29    2    2   11    1    9    1    4    0      9076
   29    2    2   12    2   32    0    4    9       699
   29    2    2   13    2   24    0    3    9      1087
   29    2    2   14    2    1    0    1    9      1045
   29    2    2   15    1   15    2    2    1      4764
   29    2    2   16    1    6    1    1    1       878
   29    2    2   17    2   30    0    4    9      2716
   29    2    2   18    1   28    4    4    1       896
   29    2    2   19    1   25    4    4    1       733
   29    2    2   20    2   23    0    3    9      1152
   29    2    2   21    1   21    3    3    1       803
   29    2    2   22    1    3    2    2    1      3092
   29    2    2   23    1   26    4    4    1      8328
   29    2    2   24    2   16    0    2    9      1117
   29    2    2   25    1   28    4    4    1      8480
   29    2    2   26    1   12    2    3    0     17309
   29    2    2   27    1   31    4    4    1       746
   29    2    2   28    1    2    1    1    1      1581
   29    2    2   29    2   14    0    2    9      2894
   29    2    2   30    2   11    0    2    9       780
   29    2    2   31    2   29    0    4    9      4205
   29    2    2   32    1   19    3    3    1       677
   29    2    2   33    1   15    2    2    1      1787
   29    2    2   34    2   18    0    3    9      1956
   29    2    2   35    2   27    0    4    9      1463
   29    2    2   36    2   24    0    3    9      1453
   29    2    2   37    1   12    2    2    1      6707
   29    2    2   38    1   19    3    3    1      2344
   29    2    2   39    1   21    3    3    1      2347
   29    2    2   40    2   20    0    3    9      6526
   29    2    2   41    1    7    2    2    1      2874
   29    2    2   42    1   22    3    3    1      2632
   29    2    2   43    1    9    1    2    0      1119
   29    2    2   44    2   14    0    2    9      1859
   29    2    2   45    1   25    4    3    0      2810
   29    2    2   46    2   24    0    3    9      2842
   29    2    2   47    1    6    1    2    0      3273
   29    2    2   48    2    4    0    1    9      1927
   29    2    2   49    1   26    4    4    1      6779
   29    2    2   50    2   13    0    2    9      1213
   29    2    2   51    1    2    1    1    1      1453
   29    2    2   52    2    5    0    1    9      1716
