   27    1    1    1    1    3    2    1    0      5149
   27    1    1    2    1   31    2    2    1      2507
   27    1    1    3    1   25    2    1    0      1144
   27    1    1    4    1   21    1    2    0      1139
   27    1    1    5    1   28    2    1    0      3679
   27    1    1    6    1    2    1    2    0      4245
   27    1    1    7    1    9    1    2    0      2820
   27    1    1    8    1    6    1    2    0      5692
   27    1    1    9    1    7    2    1    0      1185
   27    1    1   10    1   26    2    2    1      1178
   27    1    1   11    1   15    2    2    1      2012
   27    1    1   12    1   19    1    1    1      1789
   27    1    1   13    1   12    2    1    0      1718
   27    1    1   14    1   22    1    2    0      4506
   27    1    2    1    1    3    2    1    0      2996
   27    1    2    2    1    6    1    1    1      4693
   27    1    2    3    1   19    1    1    1      2794
   27    1    2    4    1   25    2    1    0      1819
   27    1    2    5    1   26    2    2    1      2075
   27    1    2    6    1   15    2    1    0      2489
   27    1    2    7    1   21    1    2    0      1647
   27    1    2    8    1    7    2    1    0      1829
   27    1    2    9    1   22    1    1    1      1525
   27    1    2   10    1   12    2    2    1      1465
   27    1    2   11    1   31    2    2    1      3391
   27    1    2   12    1    2    1    1    1      4632
   27    1    2   13    1    9    1    2    0      3599
   27    1    2   14    1   28    2    2    1      2184
   27    1    3    1    1   15    2    2    1      2135
   27    1    3    2    1   21    1    1    1      3714
   27    1    3    3    1   12    2    1    0      2526
   27    1    3    4    1    7    2    2    1      1458
   27    1    3    5    1    2    1    1    1      1625
   27    1    3    6    1   22    1    2    0      5545
   27    1    3    7    1    6    1    2    0      4036
   27    1    3    8    1   19    1    1    1      2011
   27    1    3    9    1   25    2    1    0      1228
   27    1    3   10    1   28    2    2    1      2244
   27    1    3   11    1   26    2    2    1      1627
   27    1    3   12    1   31    2    1    0      2651
   27    1    3   13    1    9    1    1    1      1274
   27    1    3   14    1    3    2    1    0      1144
   27    1    4    1    1   26    2    2    1      1122
   27    1    4    2    1   28    2    2    1      1030
   27    1    4    3    1   19    1    1    1      2333
   27    1    4    4    1   21    1    1    1      2177
   27    1    4    5    1    3    2    2    1       955
   27    1    4    6    1    2    1    2    0       821
   27    1    4    7    1    6    1    1    1      2253
   27    1    4    8    1   15    2    1    0      1460
   27    1    4    9    1    9    1    1    1      3266
   27    1    4   10    1   12    2    2    1       976
   27    1    4   11    1   22    1    1    1      1050
   27    1    4   12    1   31    2    1    0      1537
   27    1    4   13    1   25    2    1    0       652
   27    1    4   14    1    7    2    1    0       699
   27    1    5    1    1   25    2    1    0       838
   27    1    5    2    1   21    1    1    1      4317
   27    1    5    3    1    2    1    1    1      3025
   27    1    5    4    1   19    1    2    0      2409
   27    1    5    5    1    6    1    1    1      1073
   27    1    5    6    1   28    2    2    1      1623
   27    1    5    7    1    9    1    1    1       792
   27    1    5    8    1   31    2    1    0      1193
   27    1    5    9    1   22    1    1    1      1378
   27    1    5   10    1   26    2    1    0      1356
   27    1    5   11    1    3    2    2    1      2159
   27    1    5   12    1   12    2    1    0      1098
   27    1    5   13    1    7    2    1    0       870
   27    1    5   14    1   15    2    2    1       716
   27    1    6    1    1   28    2    2    1      4716
   27    1    6    2    1   22    1    1    1       688
   27    1    6    3    1   26    2    1    0       773
   27    1    6    4    1   15    2    2    1      1023
   27    1    6    5    1   21    1    1    1      1607
   27    1    6    6    1   19    1    1    1       984
   27    1    6    7    1   12    2    2    1       689
   27    1    6    8    1    3    2    2    1      1046
   27    1    6    9    1   31    2    1    0      1949
   27    1    6   10    1    2    1    1    1       856
   27    1    6   11    1   25    2    2    1      1366
   27    1    6   12    1    6    1    1    1       736
   27    1    6   13    1    9    1    1    1       740
   27    1    6   14    1    7    2    1    0       839
   27    1    7    1    1   21    1    1    1       564
   27    1    7    2    1   26    2    1    0       639
   27    1    7    3    1   19    1    2    0       734
   27    1    7    4    1    7    2    1    0       553
   27    1    7    5    1    3    2    2    1       780
   27    1    7    6    1   25    2    1    0       525
   27    1    7    7    1   12    2    2    1      1025
   27    1    7    8    1    2    1    2    0       969
   27    1    7    9    1   28    2    1    0       683
   27    1    7   10    1   31    2    1    0       824
   27    1    7   11    1   15    2    1    0       576
   27    1    7   12    1   22    1    1    1       610
   27    1    7   13    1    9    1    1    1       699
   27    1    7   14    1    6    1    1    1       799
   27    1    8    1    1   21    1    1    1       564
   27    1    8    2    1   12    2    2    1       607
   27    1    8    3    1    9    1    1    1       455
   27    1    8    4    1   31    2    2    1       806
   27    1    8    5    1   19    1    2    0       599
   27    1    8    6    1    6    1    1    1       727
   27    1    8    7    1    2    1    1    1       587
   27    1    8    8    1    3    2    1    0       724
   27    1    8    9    1   26    2    1    0       592
   27    1    8   10    1   15    2    2    1       577
   27    1    8   11    1   28    2    2    1       587
   27    1    8   12    1   22    1    1    1       677
   27    1    8   13    1   25    2    1    0       650
   27    1    8   14    1    7    2    2    1       650
   27    1    9    1    1   21    1    1    1       461
   27    1    9    2    1    3    2    2    1       524
   27    1    9    3    1   19    1    2    0       504
   27    1    9    4    1   22    1    1    1       572
   27    1    9    5    1    7    2    2    1       791
   27    1    9    6    1   12    2    2    1       712
   27    1    9    7    1   15    2    1    0       604
   27    1    9    8    1   28    2    2    1       477
   27    1    9    9    1    9    1    1    1       571
   27    1    9   10    1    6    1    1    1       869
   27    1    9   11    1   25    2    1    0       499
   27    1    9   12    1    2    1    1    1       455
   27    1    9   13    1   26    2    1    0       630
   27    1    9   14    1   31    2    2    1       581
   27    1   10    1    1   31    2    2    1       771
   27    1   10    2    1    2    1    1    1       533
   27    1   10    3    1    6    1    1    1       497
   27    1   10    4    1   26    2    2    1      1325
   27    1   10    5    1   19    1    2    0       793
   27    1   10    6    1   12    2    2    1       642
   27    1   10    7    1   28    2    2    1       554
   27    1   10    8    1    7    2    1    0       628
   27    1   10    9    1   21    1    1    1       532
   27    1   10   10    1    3    2    1    0      1423
   27    1   10   11    1   25    2    1    0       463
   27    1   10   12    1    9    1    1    1       597
   27    1   10   13    1   15    2    2    1       750
   27    1   10   14    1   22    1    1    1      1649
   27    2    1    1    1   19    1    2    0      1478
   27    2    1    2    2   14    0    1    9       587
   27    2    1    3    2   24    0    2    9       676
   27    2    1    4    1   26    2    1    0       554
   27    2    1    5    1   15    2    1    0      3173
   27    2    1    6    2   13    0    1    9       439
   27    2    1    7    1   22    1    2    0       694
   27    2    1    8    2   17    0    1    9       555
   27    2    1    9    2   29    0    1    9       470
   27    2    1   10    2   14    0    2    9       772
   27    2    1   11    1   15    2    2    1       501
   27    2    1   12    1   25    2    1    0       546
   27    2    1   13    1   25    2    1    0       765
   27    2    1   14    1   31    2    2    1      1311
   27    2    1   15    1   21    1    1    1       475
   27    2    1   16    1   21    1    1    1       490
   27    2    1   17    1   31    2    2    1       823
   27    2    1   18    2    1    0    2    9       903
   27    2    1   19    2   23    0    2    9       643
   27    2    1   20    2   14    0    2    9      2187
   27    2    1   21    2   24    0    2    9       484
   27    2    1   22    1   22    1    2    0       881
   27    2    1   23    1    6    1    1    1       735
   27    2    1   24    2    8    0    2    9       770
   27    2    1   25    1   12    2    2    1       468
   27    2    1   26    1    3    2    2    1       546
   27    2    1   27    1   26    2    1    0       413
   27    2    1   28    1    7    2    2    1       509
   27    2    1   29    1    7    2    2    1       330
   27    2    1   30    2   27    0    1    9       733
   27    2    1   31    1   28    2    2    1       528
   27    2    1   32    1    2    1    1    1       476
   27    2    1   33    2   14    0    1    9       426
   27    2    1   34    1   19    1    2    0       442
   27    2    1   35    1    9    1    1    1       441
   27    2    1   36    2   10    0    1    9       425
   27    2    1   37    2    5    0    1    9       409
   27    2    1   38    2   20    0    2    9       441
   27    2    1   39    1    6    1    1    1       489
   27    2    1   40    2   18    0    1    9       550
   27    2    1   41    1    3    2    2    1       464
   27    2    1   42    2   32    0    2    9       527
   27    2    1   43    2   30    0    1    9       474
   27    2    1   44    1   12    2    2    1       344
   27    2    1   45    2   24    0    1    9      1084
   27    2    1   46    2    4    0    1    9       769
   27    2    1   47    2   24    0    2    9       563
   27    2    1   48    1   28    2    2    1       445
   27    2    1   49    1    2    1    1    1       892
   27    2    1   50    2   11    0    1    9      1753
   27    2    1   51    2   16    0    2    9       628
   27    2    1   52    1    9    1    1    1       652
   27    2    2    1    2   17    0    2    9       531
   27    2    2    2    1   25    2    2    1       510
   27    2    2    3    1    9    1    1    1       795
   27    2    2    4    1    7    2    2    1       556
   27    2    2    5    2   11    0    2    9       487
   27    2    2    6    1   12    2    2    1       484
   27    2    2    7    2   29    0    1    9       449
   27    2    2    8    2   20    0    2    9       592
   27    2    2    9    2   24    0    2    9       441
   27    2    2   10    1   31    2    1    0       537
   27    2    2   11    1    6    1    2    0       388
   27    2    2   12    2   16    0    1    9       693
   27    2    2   13    2    5    0    1    9       378
   27    2    2   14    2    4    0    1    9       364
   27    2    2   15    1   21    1    1    1       590
   27    2    2   16    2   32    0    2    9       664
   27    2    2   17    1   22    1    1    1       349
   27    2    2   18    1   28    2    2    1       512
   27    2    2   19    1   26    2    1    0       477
   27    2    2   20    2   24    0    2    9       842
   27    2    2   21    1    7    2    1    0       569
   27    2    2   22    2   18    0    1    9       771
   27    2    2   23    1   15    2    2    1       597
   27    2    2   24    2   10    0    2    9       718
   27    2    2   25    1   15    2    2    1       498
   27    2    2   26    1    2    1    1    1       590
   27    2    2   27    1   31    2    2    1       440
   27    2    2   28    2   30    0    1    9      1319
   27    2    2   29    1    2    1    1    1       595
   27    2    2   30    2    1    0    1    9       732
   27    2    2   31    2   24    0    2    9       607
   27    2    2   32    2   14    0    1    9       568
   27    2    2   33    2   14    0    2    9       434
   27    2    2   34    1   28    2    2    1       561
   27    2    2   35    1   19    1    1    1       428
   27    2    2   36    2   14    0    1    9       444
   27    2    2   37    2   14    0    1    9       443
   27    2    2   38    2    8    0    2    9       459
   27    2    2   39    2   13    0    1    9       522
   27    2    2   40    1   21    1    1    1       438
   27    2    2   41    1    6    1    1    1       453
   27    2    2   42    2   27    0    2    9       420
   27    2    2   43    1    3    2    2    1       404
   27    2    2   44    2   24    0    2    9       468
   27    2    2   45    1   25    2    1    0       370
   27    2    2   46    1    9    1    1    1       756
   27    2    2   47    1   22    1    2    0       455
   27    2    2   48    2   23    0    1    9       550
   27    2    2   49    1   26    2    1    0       352
   27    2    2   50    1    3    2    1    0       355
   27    2    2   51    1   12    2    2    1       629
   27    2    2   52    1   19    1    2    0       909
