   37    1    1    1    1    3    2    1    0      6039
   37    1    1    2    1   22    1    2    0      4707
   37    1    1    3    1   31    2    1    0      1600
   37    1    1    4    1   15    2    1    0      8888
   37    1    1    5    1    7    2    1    0      7389
   37    1    1    6    1    6    1    2    0      1791
   37    1    1    7    1   28    2    2    1      3392
   37    1    1    8    1   21    1    2    0      3689
   37    1    1    9    1    9    1    2    0      7967
   37    1    1   10    1   19    1    1    1      3993
   37    1    1   11    1   12    2    2    1      1770
   37    1    1   12    1    2    1    1    1       836
   37    1    1   13    1   25    2    2    1       659
   37    1    1   14    1   26    2    1    0      1114
   37    1    2    1    1   21    1    1    1      4573
   37    1    2    2    1    3    2    2    1      1048
   37    1    2    3    1   31    2    2    1      1726
   37    1    2    4    1   25    2    1    0      1482
   37    1    2    5    1    9    1    2    0      1975
   37    1    2    6    1   15    2    2    1      7729
   37    1    2    7    1   28    2    2    1      5661
   37    1    2    8    1   19    1    1    1      7820
   37    1    2    9    1   22    1    2    0      3652
   37    1    2   10    1   12    2    2    1      1818
   37    1    2   11    1   26    2    1    0      1266
   37    1    2   12    1    7    2    2    1      5576
   37    1    2   13    1    2    1    2    0      3722
   37    1    2   14    1    6    1    1    1      1486
   37    1    3    1    1    9    1    2    0      4352
   37    1    3    2    1   31    2    2    1      1419
   37    1    3    3    1   22    1    2    0      2515
   37    1    3    4    1   28    2    2    1       711
   37    1    3    5    1   21    1    1    1      1836
   37    1    3    6    1   19    1    2    0      1235
   37    1    3    7    1   25    2    1    0      1306
   37    1    3    8    1   26    2    2    1      2335
   37    1    3    9    1   15    2    1    0      3506
   37    1    3   10    1    2    1    1    1       927
   37    1    3   11    1    3    2    1    0       763
   37    1    3   12    1   12    2    2    1      1765
   37    1    3   13    1    7    2    2    1      4271
   37    1    3   14    1    6    1    2    0      1653
   37    1    4    1    1   19    1    1    1      6155
   37    1    4    2    1   22    1    1    1      1381
   37    1    4    3    1    3    2    2    1       815
   37    1    4    4    1   12    2    2    1       623
   37    1    4    5    1    9    1    2    0       743
   37    1    4    6    1   25    2    1    0      3810
   37    1    4    7    1   31    2    2    1       675
   37    1    4    8    1   21    1    1    1       921
   37    1    4    9    1   15    2    2    1      1621
   37    1    4   10    1   28    2    2    1      1029
   37    1    4   11    1    6    1    1    1      1917
   37    1    4   12    1    2    1    1    1      1153
   37    1    4   13    1    7    2    1    0      1811
   37    1    4   14    1   26    2    1    0      3412
   37    1    5    1    1    6    1    1    1      1890
   37    1    5    2    1   28    2    2    1      1559
   37    1    5    3    1   15    2    2    1       794
   37    1    5    4    1    2    1    1    1       955
   37    1    5    5    1   26    2    2    1       790
   37    1    5    6    1   25    2    2    1       695
   37    1    5    7    1   19    1    1    1       813
   37    1    5    8    1   21    1    1    1      1165
   37    1    5    9    1   12    2    2    1       671
   37    1    5   10    1    9    1    2    0      1029
   37    1    5   11    1    7    2    1    0      2037
   37    1    5   12    1   22    1    2    0       781
   37    1    5   13    1    3    2    1    0      1206
   37    1    5   14    1   31    2    2    1      1790
   37    1    6    1    1    2    1    1    1      4119
   37    1    6    2    1    3    2    1    0       963
   37    1    6    3    1   26    2    1    0      1061
   37    1    6    4    1   25    2    2    1       916
   37    1    6    5    1   15    2    2    1      2848
   37    1    6    6    1   28    2    2    1      1726
   37    1    6    7    1   21    1    1    1       874
   37    1    6    8    1   19    1    2    0       808
   37    1    6    9    1    9    1    1    1       977
   37    1    6   10    1   12    2    2    1      1099
   37    1    6   11    1    7    2    2    1      1040
   37    1    6   12    1    6    1    1    1      1383
   37    1    6   13    1   31    2    1    0      2048
   37    1    6   14    1   22    1    2    0      1271
   37    1    7    1    1   26    2    2    1      7435
   37    1    7    2    1   19    1    2    0       834
   37    1    7    3    1    9    1    1    1      2458
   37    1    7    4    1   21    1    2    0      1368
   37    1    7    5    1   31    2    2    1      1770
   37    1    7    6    1   12    2    2    1       788
   37    1    7    7    1   28    2    2    1       661
   37    1    7    8    1   25    2    1    0      2060
   37    1    7    9    1   15    2    2    1      5795
   37    1    7   10    1    6    1    2    0      1708
   37    1    7   11    1   22    1    1    1      1329
   37    1    7   12    1    3    2    2    1      1581
   37    1    7   13    1    7    2    2    1       814
   37    1    7   14    1    2    1    2    0      1166
   37    1    8    1    1   22    1    1    1      1235
   37    1    8    2    1   21    1    1    1       995
   37    1    8    3    1    7    2    2    1       668
   37    1    8    4    1    3    2    2    1       642
   37    1    8    5    1   31    2    1    0      2457
   37    1    8    6    1   26    2    2    1      1136
   37    1    8    7    1   12    2    1    0      1459
   37    1    8    8    1    2    1    2    0      2882
   37    1    8    9    1   25    2    2    1      1095
   37    1    8   10    1    6    1    1    1      1789
   37    1    8   11    1   15    2    1    0      1142
   37    1    8   12    1   19    1    2    0      1138
   37    1    8   13    1    9    1    1    1      1197
   37    1    8   14    1   28    2    2    1      1454
   37    1    9    1    1    3    2    2    1      1318
   37    1    9    2    1   22    1    1    1       770
   37    1    9    3    1   21    1    1    1       692
   37    1    9    4    1   25    2    1    0       521
   37    1    9    5    1   15    2    1    0      1549
   37    1    9    6    1   26    2    2    1       712
   37    1    9    7    1   19    1    2    0       860
   37    1    9    8    1    9    1    2    0       979
   37    1    9    9    1   28    2    1    0      1237
   37    1    9   10    1   12    2    2    1       668
   37    1    9   11    1    2    1    2    0       626
   37    1    9   12    1    6    1    1    1       610
   37    1    9   13    1    7    2    1    0       747
   37    1    9   14    1   31    2    2    1       854
   37    1   10    1    1   31    2    2    1       870
   37    1   10    2    1    9    1    1    1       788
   37    1   10    3    1   12    2    1    0       646
   37    1   10    4    1    7    2    2    1      3509
   37    1   10    5    1    3    2    2    1      1833
   37    1   10    6    1   19    1    2    0      1761
   37    1   10    7    1   22    1    1    1      1508
   37    1   10    8    1   28    2    1    0      2120
   37    1   10    9    1    2    1    1    1       796
   37    1   10   10    1   25    2    2    1      1133
   37    1   10   11    1    6    1    2    0      1280
   37    1   10   12    1   21    1    2    0       469
   37    1   10   13    1   15    2    1    0      1531
   37    1   10   14    1   26    2    2    1       631
   37    2    1    1    1   12    2    1    0      3297
   37    2    1    2    1    6    1    1    1      1101
   37    2    1    3    1   21    1    2    0       930
   37    2    1    4    1    7    2    2    1      1133
   37    2    1    5    2   13    0    1    9      1616
   37    2    1    6    2   20    0    2    9      2256
   37    2    1    7    2   14    0    1    9       887
   37    2    1    8    1   31    2    1    0      1588
   37    2    1    9    1    3    2    2    1       774
   37    2    1   10    2   24    0    2    9      1560
   37    2    1   11    2   24    0    2    9       970
   37    2    1   12    1    9    1    1    1       932
   37    2    1   13    1   25    2    1    0       832
   37    2    1   14    1   31    2    2    1       943
   37    2    1   15    2   24    0    2    9       826
   37    2    1   16    1   15    2    1    0      1242
   37    2    1   17    1   28    2    2    1      4106
   37    2    1   18    1    2    1    2    0      2518
   37    2    1   19    2   30    0    1    9       514
   37    2    1   20    2   23    0    1    9      1278
   37    2    1   21    2   10    0    2    9       780
   37    2    1   22    1    7    2    2    1       750
   37    2    1   23    1   22    1    2    0       784
   37    2    1   24    1   25    2    1    0      1218
   37    2    1   25    1   26    2    2    1      1122
   37    2    1   26    2    5    0    2    9       886
   37    2    1   27    2   18    0    1    9       387
   37    2    1   28    1    9    1    1    1       580
   37    2    1   29    2   32    0    2    9      1373
   37    2    1   30    1   21    1    2    0       551
   37    2    1   31    2    8    0    1    9       578
   37    2    1   32    1    3    2    1    0       605
   37    2    1   33    2   29    0    2    9       549
   37    2    1   34    2   16    0    2    9       576
   37    2    1   35    1   12    2    2    1       810
   37    2    1   36    2    1    0    1    9      1531
   37    2    1   37    2   14    0    2    9      1134
   37    2    1   38    1   19    1    2    0       961
   37    2    1   39    2   27    0    1    9       556
   37    2    1   40    1    2    1    1    1       599
   37    2    1   41    2   24    0    2    9      1023
   37    2    1   42    1   26    2    1    0       679
   37    2    1   43    1   15    2    2    1       733
   37    2    1   44    2    4    0    2    9       432
   37    2    1   45    2   14    0    1    9       991
   37    2    1   46    1   22    1    2    0       921
   37    2    1   47    1   19    1    2    0      1013
   37    2    1   48    1    6    1    2    0      1789
   37    2    1   49    2   17    0    1    9       647
   37    2    1   50    1   28    2    1    0       701
   37    2    1   51    2   14    0    1    9      1282
   37    2    1   52    2   11    0    2    9       559
   37    2    2    1    2   24    0    2    9       986
   37    2    2    2    2    8    0    2    9       451
   37    2    2    3    1    7    2    1    0       754
   37    2    2    4    1   25    2    2    1       708
   37    2    2    5    2   27    0    2    9       745
   37    2    2    6    1   26    2    1    0       588
   37    2    2    7    1   19    1    2    0      1718
   37    2    2    8    2    4    0    1    9       530
   37    2    2    9    2   32    0    1    9       333
   37    2    2   10    1    3    2    2    1       817
   37    2    2   11    1   25    2    1    0       672
   37    2    2   12    1    3    2    2    1      1654
   37    2    2   13    2   14    0    2    9      2037
   37    2    2   14    1   31    2    2    1      1108
   37    2    2   15    1    6    1    1    1       745
   37    2    2   16    2    5    0    1    9      1084
   37    2    2   17    1   12    2    1    0      1074
   37    2    2   18    1    7    2    2    1      1864
   37    2    2   19    1    2    1    2    0      1390
   37    2    2   20    2   23    0    1    9      1527
   37    2    2   21    2   11    0    1    9       763
   37    2    2   22    2   13    0    1    9      3901
   37    2    2   23    1    2    1    1    1      1154
   37    2    2   24    1   21    1    2    0      1108
   37    2    2   25    1   28    2    2    1      1449
   37    2    2   26    1    9    1    1    1      1216
   37    2    2   27    2   18    0    1    9      1840
   37    2    2   28    1    6    1    2    0      2471
   37    2    2   29    2   16    0    2    9      1621
   37    2    2   30    1   19    1    2    0      1076
   37    2    2   31    1   21    1    2    0      1260
   37    2    2   32    2   24    0    2    9      1593
   37    2    2   33    1   22    1    1    1      2411
   37    2    2   34    1   26    2    1    0       812
   37    2    2   35    2   24    0    2    9      2028
   37    2    2   36    2   20    0    1    9       556
   37    2    2   37    2    1    0    1    9       903
   37    2    2   38    2   14    0    2    9      1572
   37    2    2   39    2   14    0    1    9      1574
   37    2    2   40    2   29    0    1    9       839
   37    2    2   41    1    9    1    2    0      1319
   37    2    2   42    1   12    2    1    0      1075
   37    2    2   43    1   15    2    2    1       889
   37    2    2   44    1   28    2    2    1       390
   37    2    2   45    2   24    0    2    9       871
   37    2    2   46    1   15    2    1    0      1285
   37    2    2   47    2   14    0    2    9      1075
   37    2    2   48    2   17    0    1    9       937
   37    2    2   49    1   22    1    1    1       932
   37    2    2   50    1   31    2    2    1      1311
   37    2    2   51    2   10    0    1    9      1228
   37    2    2   52    2   30    0    2    9      1772
