   19    1    1    1    1    2    1    1    1     12311
   19    1    1    2    1   22    3    2    0      5968
   19    1    1    3    1    3    2    4    0      8986
   19    1    1    4    1   12    2    4    0      3019
   19    1    1    5    1   15    2    2    1      7851
   19    1    1    6    1   21    3    3    1      4113
   19    1    1    7    1    9    1    1    1      8973
   19    1    1    8    1   19    3    3    1      7495
   19    1    1    9    1    7    2    3    0      1261
   19    1    1   10    1   26    4    2    0     17283
   19    1    1   11    1    6    1    1    1      3512
   19    1    1   12    1   28    4    2    0      6364
   19    1    1   13    1   25    4    3    0      3894
   19    1    1   14    1   31    4    2    0      2900
   19    1    2    1    1   21    3    1    0     22629
   19    1    2    2    1   12    2    4    0      4629
   19    1    2    3    1    9    1    2    0      2741
   19    1    2    4    1    3    2    4    0      4528
   19    1    2    5    1   19    3    4    0      3780
   19    1    2    6    1    6    1    1    1      3813
   19    1    2    7    1   31    4    3    0      2733
   19    1    2    8    1   25    4    3    0      6232
   19    1    2    9    1   15    2    2    1      3207
   19    1    2   10    1   26    4    4    1      6760
   19    1    2   11    1   28    4    3    0      3563
   19    1    2   12    1    7    2    2    1      2437
   19    1    2   13    1    2    1    2    0      1988
   19    1    2   14    1   22    3    3    1      3870
   19    1    3    1    1    6    1    1    1      2226
   19    1    3    2    1    9    1    1    1      4954
   19    1    3    3    1   15    2    2    1      2949
   19    1    3    4    1    2    1    2    0      2383
   19    1    3    5    1   22    3    3    1      3193
   19    1    3    6    1   26    4    4    1      2330
   19    1    3    7    1   28    4    4    1      3053
   19    1    3    8    1   12    2    1    0      4004
   19    1    3    9    1   31    4    3    0      3292
   19    1    3   10    1   25    4    3    0      4753
   19    1    3   11    1    7    2    2    1      3660
   19    1    3   12    1    3    2    1    0      1546
   19    1    3   13    1   21    3    4    0      2453
   19    1    3   14    1   19    3    3    1     13035
   19    1    4    1    1    6    1    1    1      8589
   19    1    4    2    1   19    3    4    0      1846
   19    1    4    3    1    7    2    2    1      3685
   19    1    4    4    1   15    2    2    1      6050
   19    1    4    5    1   28    4    4    1      2689
   19    1    4    6    1   26    4    4    1      2134
   19    1    4    7    1   25    4    3    0      1650
   19    1    4    8    1   22    3    4    0      3192
   19    1    4    9    1    3    2    1    0      2033
   19    1    4   10    1   31    4    3    0      6600
   19    1    4   11    1   12    2    2    1      3609
   19    1    4   12    1   21    3    3    1      5257
   19    1    4   13    1    2    1    2    0      4824
   19    1    4   14    1    9    1    1    1      3296
   19    1    5    1    1   31    4    4    1      7878
   19    1    5    2    1   15    2    2    1      3980
   19    1    5    3    1    6    1    1    1      2877
   19    1    5    4    1   26    4    3    0      4795
   19    1    5    5    1    3    2    1    0      3941
   19    1    5    6    1   25    4    3    0      3872
   19    1    5    7    1   19    3    4    0      2638
   19    1    5    8    1   12    2    2    1      7501
   19    1    5    9    1    7    2    2    1      2930
   19    1    5   10    1    2    1    2    0      6525
   19    1    5   11    1   21    3    3    1      4673
   19    1    5   12    1   28    4    4    1      1334
   19    1    5   13    1   22    3    3    1       786
   19    1    5   14    1    9    1    1    1      3955
   19    1    6    1    1   15    2    2    1      4183
   19    1    6    2    1    7    2    2    1      3472
   19    1    6    3    1   25    4    3    0      1990
   19    1    6    4    1    9    1    1    1      2847
   19    1    6    5    1   31    4    4    1      4590
   19    1    6    6    1   12    2    2    1      4215
   19    1    6    7    1   21    3    4    0      4303
   19    1    6    8    1    3    2    1    0      1564
   19    1    6    9    1    6    1    1    1      5477
   19    1    6   10    1   19    3    3    1      3339
   19    1    6   11    1    2    1    2    0      3206
   19    1    6   12    1   26    4    4    1      4798
   19    1    6   13    1   28    4    3    0      9951
   19    1    6   14    1   22    3    4    0      2329
   19    1    7    1    1    6    1    1    1      3152
   19    1    7    2    1   19    3    4    0     20002
   19    1    7    3    1    3    2    2    1      3594
   19    1    7    4    1   22    3    3    1      2572
   19    1    7    5    1    7    2    2    1      3990
   19    1    7    6    1   15    2    2    1      2631
   19    1    7    7    1   12    2    1    0      3150
   19    1    7    8    1   26    4    3    0      4249
   19    1    7    9    1   21    3    4    0      2871
   19    1    7   10    1   31    4    3    0       477
   19    1    7   11    1    9    1    1    1      2947
   19    1    7   12    1   28    4    4    1     16509
   19    1    7   13    1   25    4    3    0      2538
   19    1    7   14    1    2    1    2    0      3389
   19    1    8    1    1   12    2    2    1    127357
   19    1    8    2    1   31    4    4    1      6137
   19    1    8    3    1    2    1    1    1      4500
   19    1    8    4    1    6    1    1    1      1745
   19    1    8    5    1    7    2    2    1      4652
   19    1    8    6    1    9    1    1    1      6051
   19    1    8    7    1   15    2    1    0      4481
   19    1    8    8    1   26    4    3    0      6790
   19    1    8    9    1   21    3    3    1       896
   19    1    8   10    1    3    2    2    1      3517
   19    1    8   11    1   28    4    4    1      4609
   19    1    8   12    1   19    3    4    0      2361
   19    1    8   13    1   22    3    4    0      4596
   19    1    8   14    1   25    4    3    0      9781
   19    1    9    1    1   25    4    3    0    101848
   19    1    9    2    1    2    1    2    0      5544
   19    1    9    3    1    3    2    1    0      2067
   19    1    9    4    1    9    1    2    0      2313
   19    1    9    5    1   21    3    4    0      7461
   19    1    9    6    1   26    4    3    0     10979
   19    1    9    7    1    7    2    2    1    222366
   19    1    9    8    1   28    4    4    1      1843
   19    1    9    9    1   12    2    2    1      4250
   19    1    9   10    1    6    1    1    1      2401
   19    1    9   11    1   22    3    4    0      3009
   19    1    9   12    1   31    4    3    0      2066
   19    1    9   13    1   15    2    2    1      4328
   19    1    9   14    1   19    3    4    0      3100
   19    1   10    1    1    9    1    2    0      7954
   19    1   10    2    1   26    4    3    0      3644
   19    1   10    3    1    3    2    2    1      2899
   19    1   10    4    1   25    4    3    0      2304
   19    1   10    5    1   15    2    2    1      2205
   19    1   10    6    1   22    3    4    0      2565
   19    1   10    7    1    7    2    2    1      7127
   19    1   10    8    1   21    3    3    1      3659
   19    1   10    9    1    6    1    1    1      2569
   19    1   10   10    1   31    4    4    1     31218
   19    1   10   11    1   28    4    4    1      5859
   19    1   10   12    1   19    3    3    1      5385
   19    1   10   13    1   12    2    2    1      9570
   19    1   10   14    1    2    1    2    0     13572
   19    2    1    1    1   26    4    4    1     16833
   19    2    1    2    2    1    0    1    9      2543
   19    2    1    3    1   15    2    2    1      2811
   19    2    1    4    1   25    4    3    0      4187
   19    2    1    5    1   15    2    2    1      4452
   19    2    1    6    2   29    0    4    9      4083
   19    2    1    7    1    6    1    1    1      1936
   19    2    1    8    1    9    1    1    1      6867
   19    2    1    9    2   14    0    2    9      3618
   19    2    1   10    2   14    0    2    9      2481
   19    2    1   11    1   31    4    4    1      3407
   19    2    1   12    1    3    2    2    1      3719
   19    2    1   13    2   10    0    2    9      2307
   19    2    1   14    1   19    3    4    0      2584
   19    2    1   15    2   24    0    3    9      3377
   19    2    1   16    1    3    2    2    1      2811
   19    2    1   17    2   18    0    4    9      3148
   19    2    1   18    1   28    4    4    1      1967
   19    2    1   19    2   24    0    4    9      3249
   19    2    1   20    1   12    2    2    1      2944
   19    2    1   21    1    2    1    2    0      2299
   19    2    1   22    2    8    0    2    9      4512
   19    2    1   23    1   21    3    4    0      4668
   19    2    1   24    2   17    0    3    9      1602
   19    2    1   25    2   14    0    2    9      3475
   19    2    1   26    1   21    3    3    1      3305
   19    2    1   27    1   22    3    4    0      4021
   19    2    1   28    2   27    0    3    9      1765
   19    2    1   29    2   23    0    4    9      1791
   19    2    1   30    2    4    0    2    9      2601
   19    2    1   31    1    7    2    2    1     16177
   19    2    1   32    1   31    4    4    1      3307
   19    2    1   33    2    5    0    1    9      4599
   19    2    1   34    2   14    0    2    9      2544
   19    2    1   35    2   11    0    1    9      2235
   19    2    1   36    1   22    3    4    0      2754
   19    2    1   37    2   24    0    4    9      1509
   19    2    1   38    2   30    0    3    9      3162
   19    2    1   39    1    7    2    2    1      3276
   19    2    1   40    2   13    0    2    9      2490
   19    2    1   41    1   25    4    4    1      4359
   19    2    1   42    1   19    3    4    0      4522
   19    2    1   43    2   24    0    4    9      3798
   19    2    1   44    2   20    0    3    9      3470
   19    2    1   45    1   28    4    3    0      2484
   19    2    1   46    2   16    0    1    9      2530
   19    2    1   47    1    2    1    1    1      4141
   19    2    1   48    1    6    1    1    1      1976
   19    2    1   49    2   32    0    4    9      2602
   19    2    1   50    1   26    4    4    1      3731
   19    2    1   51    1   12    2    2    1      2365
   19    2    1   52    1    9    1    1    1      3536
   19    2    2    1    1   25    4    3    0      1604
   19    2    2    2    2   24    0    4    9      5108
   19    2    2    3    2   23    0    4    9      1497
   19    2    2    4    1    3    2    2    1      3021
   19    2    2    5    1   21    3    3    1      4805
   19    2    2    6    2   24    0    4    9      3958
   19    2    2    7    1   31    4    3    0    159844
   19    2    2    8    1   15    2    2    1      1996
   19    2    2    9    2   27    0    3    9      1469
   19    2    2   10    1   19    3    4    0     40450
   19    2    2   11    1    2    1    2    0      2081
   19    2    2   12    2   32    0    4    9      1886
   19    2    2   13    2   30    0    4    9      3508
   19    2    2   14    1   28    4    4    1      1592
   19    2    2   15    1   26    4    4    1      1737
   19    2    2   16    1    6    1    1    1      1605
   19    2    2   17    1   26    4    4    1      2293
   19    2    2   18    1    2    1    1    1     23834
   19    2    2   19    2   14    0    2    9      2001
   19    2    2   20    1   22    3    3    1      1522
   19    2    2   21    2   29    0    3    9      3318
   19    2    2   22    2   14    0    2    9      2018
   19    2    2   23    1    7    2    2    1      1842
   19    2    2   24    1   31    4    4    1      1225
   19    2    2   25    2   10    0    2    9      1801
   19    2    2   26    1    3    2    2    1      2210
   19    2    2   27    1   19    3    3    1      2026
   19    2    2   28    1    7    2    2    1      1722
   19    2    2   29    1    6    1    1    1      1510
   19    2    2   30    2   24    0    4    9      1259
   19    2    2   31    1   21    3    3    1      1513
   19    2    2   32    2   16    0    4    9      1213
   19    2    2   33    2    1    0    1    9      1181
   19    2    2   34    1   22    3    4    0      1583
   19    2    2   35    1   25    4    1    0      2384
   19    2    2   36    2   14    0    2    9      2305
   19    2    2   37    2   24    0    4    9      1318
   19    2    2   38    2   11    0    1    9      1362
   19    2    2   39    1   12    2    2    1      1148
   19    2    2   40    2    5    0    1    9      2671
   19    2    2   41    2   14    0    2    9      1269
   19    2    2   42    2   17    0    4    9      2563
   19    2    2   43    1   12    2    2    1      1261
   19    2    2   44    2   20    0    4    9      3435
   19    2    2   45    2   18    0    3    9      1938
   19    2    2   46    2   13    0    2    9      1862
   19    2    2   47    1    9    1    2    0      1388
   19    2    2   48    2    4    0    2    9      1286
   19    2    2   49    2    8    0    2    9      1603
   19    2    2   50    1   28    4    4    1      2900
   19    2    2   51    1   15    2    2    1      1056
   19    2    2   52    1    9    1    1    1      1719
