   26    1    1    1    1   22    1    1    1      3364
   26    1    1    2    1   31    2    2    1      2306
   26    1    1    3    1   26    2    1    0       758
   26    1    1    4    1   25    2    2    1      2257
   26    1    1    5    1   12    2    2    1      1192
   26    1    1    6    1   15    2    2    1      1193
   26    1    1    7    1   21    1    1    1      1450
   26    1    1    8    1    3    2    2    1      1552
   26    1    1    9    1   19    1    2    0      1346
   26    1    1   10    1    7    2    2    1      1925
   26    1    1   11    1    2    1    1    1      1497
   26    1    1   12    1    9    1    2    0      1134
   26    1    1   13    1   28    2    2    1      3993
   26    1    1   14    1    6    1    1    1      1354
   26    1    2    1    1   26    2    2    1      3145
   26    1    2    2    1    7    2    2    1      5421
   26    1    2    3    1   28    2    2    1      1541
   26    1    2    4    1   22    1    1    1      1432
   26    1    2    5    1   19    1    2    0      1311
   26    1    2    6    1    3    2    1    0      3220
   26    1    2    7    1    9    1    2    0      1420
   26    1    2    8    1    2    1    1    1      1884
   26    1    2    9    1   31    2    2    1      1473
   26    1    2   10    1    6    1    1    1      1303
   26    1    2   11    1   25    2    1    0      1155
   26    1    2   12    1   12    2    2    1      1198
   26    1    2   13    1   21    1    1    1      1343
   26    1    2   14    1   15    2    2    1      1162
   26    1    3    1    1   26    2    1    0      2609
   26    1    3    2    1   15    2    2    1      1473
   26    1    3    3    1   12    2    2    1      1191
   26    1    3    4    1   31    2    2    1       888
   26    1    3    5    1   28    2    2    1       758
   26    1    3    6    1   19    1    1    1      1880
   26    1    3    7    1    6    1    1    1      1037
   26    1    3    8    1    3    2    1    0      1189
   26    1    3    9    1   21    1    1    1      1598
   26    1    3   10    1   25    2    1    0      2143
   26    1    3   11    1    2    1    1    1      1506
   26    1    3   12    1    9    1    2    0       886
   26    1    3   13    1   22    1    1    1      1355
   26    1    3   14    1    7    2    2    1      2134
   26    1    4    1    1    3    2    1    0      3704
   26    1    4    2    1   12    2    2    1      1261
   26    1    4    3    1   31    2    1    0      1948
   26    1    4    4    1    9    1    2    0      2102
   26    1    4    5    1   25    2    1    0      1866
   26    1    4    6    1   15    2    2    1      1337
   26    1    4    7    1   22    1    1    1      1636
   26    1    4    8    1    2    1    1    1      1107
   26    1    4    9    1   21    1    1    1       952
   26    1    4   10    1   26    2    1    0      1474
   26    1    4   11    1   19    1    2    0       864
   26    1    4   12    1    6    1    1    1      1270
   26    1    4   13    1   28    2    2    1      2068
   26    1    4   14    1    7    2    2    1      4034
   26    1    5    1    1    2    1    1    1      1494
   26    1    5    2    1   22    1    1    1       875
   26    1    5    3    1   25    2    2    1      1305
   26    1    5    4    1   26    2    2    1      1238
   26    1    5    5    1   12    2    2    1       725
   26    1    5    6    1   21    1    1    1       681
   26    1    5    7    1   28    2    2    1       798
   26    1    5    8    1    7    2    2    1      1359
   26    1    5    9    1   19    1    2    0      2297
   26    1    5   10    1    6    1    1    1      1479
   26    1    5   11    1    9    1    1    1      2541
   26    1    5   12    1    3    2    1    0      1304
   26    1    5   13    1   15    2    2    1      1101
   26    1    5   14    1   31    2    2    1      1329
   26    1    6    1    1   22    1    1    1       860
   26    1    6    2    1   12    2    2    1      1131
   26    1    6    3    1   26    2    2    1      1262
   26    1    6    4    1   19    1    2    0      1420
   26    1    6    5    1   28    2    2    1       910
   26    1    6    6    1    2    1    1    1      1018
   26    1    6    7    1   25    2    2    1      5186
   26    1    6    8    1    6    1    1    1      1747
   26    1    6    9    1    7    2    1    0      2222
   26    1    6   10    1   21    1    1    1      1581
   26    1    6   11    1    9    1    1    1      1264
   26    1    6   12    1   15    2    2    1       782
   26    1    6   13    1   31    2    2    1       735
   26    1    6   14    1    3    2    2    1       498
   26    1    7    1    1    7    2    2    1       844
   26    1    7    2    1   12    2    2    1       508
   26    1    7    3    1   22    1    1    1       904
   26    1    7    4    1    9    1    1    1       597
   26    1    7    5    1    6    1    1    1       621
   26    1    7    6    1    2    1    1    1       645
   26    1    7    7    1   19    1    2    0       396
   26    1    7    8    1   15    2    2    1      1510
   26    1    7    9    1   31    2    2    1       507
   26    1    7   10    1    3    2    1    0      1191
   26    1    7   11    1   25    2    1    0       656
   26    1    7   12    1   21    1    1    1       879
   26    1    7   13    1   28    2    2    1       669
   26    1    7   14    1   26    2    2    1      1395
   26    1    8    1    1   28    2    2    1       995
   26    1    8    2    1   15    2    2    1      1645
   26    1    8    3    1   22    1    1    1      1180
   26    1    8    4    1   19    1    1    1      1101
   26    1    8    5    1    3    2    1    0       882
   26    1    8    6    1   31    2    2    1      1031
   26    1    8    7    1    2    1    1    1       943
   26    1    8    8    1   25    2    2    1      1274
   26    1    8    9    1   12    2    2    1      1080
   26    1    8   10    1   26    2    2    1      1101
   26    1    8   11    1    9    1    1    1       706
   26    1    8   12    1    7    2    2    1       919
   26    1    8   13    1   21    1    1    1      1539
   26    1    8   14    1    6    1    1    1      1334
   26    1    9    1    1   19    1    2    0      1034
   26    1    9    2    1   28    2    2    1       889
   26    1    9    3    1   25    2    1    0      1591
   26    1    9    4    1   21    1    1    1      1232
   26    1    9    5    1   26    2    2    1      2351
   26    1    9    6    1    7    2    2    1      1218
   26    1    9    7    1    6    1    2    0      1394
   26    1    9    8    1    2    1    1    1       819
   26    1    9    9    1    3    2    2    1       915
   26    1    9   10    1   22    1    1    1       863
   26    1    9   11    1   12    2    2    1       765
   26    1    9   12    1   15    2    2    1      1198
   26    1    9   13    1   31    2    2    1       639
   26    1    9   14    1    9    1    2    0      1478
   26    1   10    1    1   12    2    2    1      1149
   26    1   10    2    1    3    2    1    0      1680
   26    1   10    3    1   25    2    2    1      2005
   26    1   10    4    1   19    1    1    1      1270
   26    1   10    5    1    2    1    1    1      1252
   26    1   10    6    1   22    1    1    1       946
   26    1   10    7    1    9    1    2    0      1437
   26    1   10    8    1    7    2    2    1      1596
   26    1   10    9    1   26    2    1    0      1789
   26    1   10   10    1   31    2    2    1       814
   26    1   10   11    1   28    2    2    1       862
   26    1   10   12    1   21    1    1    1       941
   26    1   10   13    1    6    1    1    1       776
   26    1   10   14    1   15    2    2    1       826
   26    2    1    1    2    1    0    1    9      1625
   26    2    1    2    2   30    0    2    9      2536
   26    2    1    3    2    5    0    1    9      1859
   26    2    1    4    2   27    0    2    9       906
   26    2    1    5    1    3    2    2    1       918
   26    2    1    6    2   18    0    1    9       850
   26    2    1    7    1   31    2    2    1      1233
   26    2    1    8    2   13    0    2    9      1104
   26    2    1    9    1   15    2    2    1       901
   26    2    1   10    1   26    2    1    0      2769
   26    2    1   11    1   12    2    2    1      1475
   26    2    1   12    2   14    0    2    9       937
   26    2    1   13    2   20    0    2    9      1860
   26    2    1   14    1    9    1    2    0      2283
   26    2    1   15    2   32    0    2    9       784
   26    2    1   16    2   11    0    2    9      1778
   26    2    1   17    1   28    2    2    1      1100
   26    2    1   18    1   15    2    2    1       832
   26    2    1   19    2   14    0    2    9      1055
   26    2    1   20    1   22    1    1    1       838
   26    2    1   21    2   14    0    2    9       853
   26    2    1   22    1   28    2    2    1       596
   26    2    1   23    2   17    0    1    9       749
   26    2    1   24    2   23    0    2    9       975
   26    2    1   25    1   19    1    2    0      2185
   26    2    1   26    1    3    2    1    0      2259
   26    2    1   27    2   16    0    2    9      1065
   26    2    1   28    2   24    0    2    9       911
   26    2    1   29    1   31    2    2    1      1004
   26    2    1   30    1   25    2    1    0      1252
   26    2    1   31    2   24    0    2    9       771
   26    2    1   32    2    4    0    2    9       949
   26    2    1   33    2   29    0    1    9      1424
   26    2    1   34    1    6    1    1    1      1048
   26    2    1   35    1    6    1    1    1       958
   26    2    1   36    1    7    2    2    1      1225
   26    2    1   37    2   24    0    2    9      1225
   26    2    1   38    1   21    1    1    1      1384
   26    2    1   39    1   25    2    2    1      2147
   26    2    1   40    1    9    1    2    0      1069
   26    2    1   41    2   24    0    2    9       723
   26    2    1   42    2   10    0    2    9      1271
   26    2    1   43    1    2    1    1    1       677
   26    2    1   44    1   21    1    1    1      1227
   26    2    1   45    2    8    0    2    9       699
   26    2    1   46    1   22    1    1    1      1855
   26    2    1   47    1    2    1    1    1       822
   26    2    1   48    1   12    2    2    1       998
   26    2    1   49    1   26    2    2    1      2687
   26    2    1   50    1   19    1    2    0      1764
   26    2    1   51    2   14    0    1    9      1310
   26    2    1   52    1    7    2    2    1      1035
   26    2    2    1    2   23    0    2    9       738
   26    2    2    2    1   22    1    1    1       613
   26    2    2    3    2   10    0    2    9      4397
   26    2    2    4    2   16    0    2    9      1406
   26    2    2    5    2   32    0    2    9       742
   26    2    2    6    2   27    0    2    9      1242
   26    2    2    7    1    2    1    1    1       761
   26    2    2    8    2   14    0    2    9      1068
   26    2    2    9    1   15    2    2    1       961
   26    2    2   10    1    7    2    2    1       988
   26    2    2   11    1   12    2    2    1       838
   26    2    2   12    2   11    0    2    9      1317
   26    2    2   13    1    7    2    2    1      1121
   26    2    2   14    1    6    1    1    1       773
   26    2    2   15    2   14    0    1    9      1191
   26    2    2   16    1   26    2    2    1      1608
   26    2    2   17    2   24    0    2    9       905
   26    2    2   18    1   12    2    2    1      1141
   26    2    2   19    1    2    1    1    1       744
   26    2    2   20    1   21    1    1    1      1372
   26    2    2   21    1   25    2    1    0      2790
   26    2    2   22    1   31    2    2    1      1095
   26    2    2   23    1   25    2    1    0      1084
   26    2    2   24    2   29    0    2    9       817
   26    2    2   25    2    1    0    1    9      1281
   26    2    2   26    2    4    0    2    9       735
   26    2    2   27    2   24    0    2    9      1442
   26    2    2   28    2   18    0    1    9      1193
   26    2    2   29    2   13    0    2    9      1130
   26    2    2   30    1    9    1    2    0      1982
   26    2    2   31    1   31    2    2    1      2367
   26    2    2   32    1    3    2    2    1       721
   26    2    2   33    1   21    1    1    1      1061
   26    2    2   34    1   28    2    2    1      1004
   26    2    2   35    1    3    2    2    1      1380
   26    2    2   36    1    9    1    2    0      1262
   26    2    2   37    2   14    0    2    9       860
   26    2    2   38    1   22    1    1    1       523
   26    2    2   39    1   19    1    1    1       775
   26    2    2   40    1   19    1    1    1       521
   26    2    2   41    2   24    0    2    9       965
   26    2    2   42    2    5    0    1    9      1007
   26    2    2   43    2   14    0    2    9      1495
   26    2    2   44    2   24    0    2    9       844
   26    2    2   45    2   30    0    2    9       876
   26    2    2   46    1   28    2    2    1       682
   26    2    2   47    1    6    1    1    1       703
   26    2    2   48    2    8    0    2    9       852
   26    2    2   49    2   20    0    2    9       770
   26    2    2   50    1   26    2    2    1      1108
   26    2    2   51    2   17    0    1    9       793
   26    2    2   52    1   15    2    2    1       970
