    7    1    1    1    1   26    4    1    0      9023
    7    1    1    2    1    6    1    1    1      4130
    7    1    1    3    1    9    1    1    1      2806
    7    1    1    4    1   15    2    1    0      2400
    7    1    1    5    1    7    2    2    1      2513
    7    1    1    6    1   28    4    3    0      2110
    7    1    1    7    1    2    1    1    1      1147
    7    1    1    8    1   19    3    4    0      1902
    7    1    1    9    1   25    4    3    0      1267
    7    1    1   10    1   31    4    3    0      1122
    7    1    1   11    1    3    2    2    1      2854
    7    1    1   12    1   12    2    2    1      3525
    7    1    1   13    1   22    3    4    0      2410
    7    1    1   14    1   21    3    3    1      2747
    7    1    2    1    1   19    3    3    1      2136
    7    1    2    2    1   26    4    3    0      1171
    7    1    2    3    1    2    1    1    1      1750
    7    1    2    4    1    7    2    2    1      1065
    7    1    2    5    1   12    2    2    1       951
    7    1    2    6    1    6    1    1    1      1123
    7    1    2    7    1   25    4    3    0      1047
    7    1    2    8    1   31    4    4    1       663
    7    1    2    9    1    3    2    2    1       678
    7    1    2   10    1   15    2    2    1       605
    7    1    2   11    1   28    4    4    1      1965
    7    1    2   12    1   22    3    3    1       896
    7    1    2   13    1    9    1    1    1      1550
    7    1    2   14    1   21    3    3    1      2473
    7    1    3    1    1   19    3    3    1      1173
    7    1    3    2    1   28    4    4    1       848
    7    1    3    3    1   15    2    2    1      1383
    7    1    3    4    1   21    3    3    1       801
    7    1    3    5    1    7    2    2    1       938
    7    1    3    6    1   31    4    4    1       613
    7    1    3    7    1   25    4    4    1       975
    7    1    3    8    1   26    4    4    1       601
    7    1    3    9    1   12    2    2    1       650
    7    1    3   10    1   22    3    3    1       689
    7    1    3   11    1    6    1    1    1      1950
    7    1    3   12    1    2    1    1    1       641
    7    1    3   13    1    3    2    1    0       441
    7    1    3   14    1    9    1    1    1       689
    7    1    4    1    1    9    1    1    1       766
    7    1    4    2    1   31    4    4    1      1328
    7    1    4    3    1   12    2    2    1      1052
    7    1    4    4    1   25    4    4    1       996
    7    1    4    5    1    6    1    1    1      1054
    7    1    4    6    1    3    2    2    1      1197
    7    1    4    7    1    7    2    2    1       942
    7    1    4    8    1   15    2    2    1       842
    7    1    4    9    1   26    4    3    0      1105
    7    1    4   10    1   28    4    4    1       870
    7    1    4   11    1    2    1    1    1       925
    7    1    4   12    1   22    3    3    1       713
    7    1    4   13    1   21    3    3    1       518
    7    1    4   14    1   19    3    3    1       450
    7    1    5    1    1    2    1    1    1      1559
    7    1    5    2    1   26    4    4    1       570
    7    1    5    3    1    3    2    1    0       580
    7    1    5    4    1   15    2    2    1      1686
    7    1    5    5    1   21    3    3    1       893
    7    1    5    6    1   22    3    3    1       602
    7    1    5    7    1   25    4    4    1       691
    7    1    5    8    1   12    2    2    1      1505
    7    1    5    9    1    7    2    2    1       726
    7    1    5   10    1    9    1    1    1       531
    7    1    5   11    1    6    1    1    1       670
    7    1    5   12    1   19    3    4    0       621
    7    1    5   13    1   28    4    4    1      1021
    7    1    5   14    1   31    4    4    1       853
    7    1    6    1    1    2    1    1    1      2218
    7    1    6    2    1   28    4    4    1      1250
    7    1    6    3    1   31    4    4    1       593
    7    1    6    4    1   22    3    3    1       659
    7    1    6    5    1    3    2    2    1      1738
    7    1    6    6    1    7    2    2    1      1078
    7    1    6    7    1   26    4    4    1      1445
    7    1    6    8    1   12    2    2    1      1205
    7    1    6    9    1   19    3    3    1       654
    7    1    6   10    1   21    3    3    1       757
    7    1    6   11    1    6    1    1    1      1352
    7    1    6   12    1   25    4    4    1       955
    7    1    6   13    1   15    2    2    1      2814
    7    1    6   14    1    9    1    1    1      1503
    7    1    7    1    1   19    3    3    1      1842
    7    1    7    2    1   26    4    4    1       986
    7    1    7    3    1    3    2    2    1      1164
    7    1    7    4    1   12    2    2    1      1374
    7    1    7    5    1   25    4    4    1      1849
    7    1    7    6    1    2    1    1    1      1560
    7    1    7    7    1    7    2    2    1      1971
    7    1    7    8    1   15    2    2    1      1285
    7    1    7    9    1   31    4    4    1      1147
    7    1    7   10    1    6    1    1    1      1182
    7    1    7   11    1   21    3    3    1      1448
    7    1    7   12    1   28    4    4    1      1351
    7    1    7   13    1    9    1    1    1      2394
    7    1    7   14    1   22    3    3    1      1068
    7    1    8    1    1    7    2    2    1      2065
    7    1    8    2    1    2    1    1    1       824
    7    1    8    3    1    9    1    1    1      1384
    7    1    8    4    1   12    2    2    1       762
    7    1    8    5    1   15    2    2    1       989
    7    1    8    6    1   28    4    4    1      1734
    7    1    8    7    1   26    4    4    1       746
    7    1    8    8    1   31    4    4    1       510
    7    1    8    9    1   25    4    4    1       699
    7    1    8   10    1   22    3    3    1       680
    7    1    8   11    1    3    2    2    1      1246
    7    1    8   12    1    6    1    1    1      1150
    7    1    8   13    1   19    3    3    1      1817
    7    1    8   14    1   21    3    3    1      2273
    7    2    1    1    1   31    4    4    1      3887
    7    2    1    2    1   28    4    4    1      1116
    7    2    1    3    1    2    1    1    1      1665
    7    2    1    4    1   15    2    2    1      1511
    7    2    1    5    2    1    0    1    9       844
    7    2    1    6    2    4    0    2    9      2132
    7    2    1    7    1    3    2    2    1      2567
    7    2    1    8    2   14    0    1    9      2282
    7    2    1    9    1    7    2    2    1      2352
    7    2    1   10    1   19    3    3    1      1204
    7    2    1   11    2   24    0    4    9       957
    7    2    1   12    1   15    2    2    1       992
    7    2    1   13    2   10    0    1    9      1409
    7    2    1   14    1    2    1    1    1       827
    7    2    1   15    1    6    1    1    1       739
    7    2    1   16    2   29    0    3    9      1062
    7    2    1   17    1   31    4    4    1      1157
    7    2    1   18    2   16    0    2    9       952
    7    2    1   19    2   14    0    1    9      1467
    7    2    1   20    1   12    2    2    1      3138
    7    2    1   21    2   24    0    4    9      2006
    7    2    1   22    2   20    0    3    9      1264
    7    2    1   23    1    9    1    2    0      5078
    7    2    1   24    1    7    2    1    0      2237
    7    2    1   25    2   24    0    3    9      1397
    7    2    1   26    2   17    0    3    9       934
    7    2    1   27    1   22    3    3    1       562
    7    2    1   28    2   23    0    3    9       533
    7    2    1   29    1    9    1    1    1      4784
    7    2    1   30    2    5    0    1    9       915
    7    2    1   31    2   32    0    4    9      3775
    7    2    1   32    2   30    0    3    9      5337
    7    2    1   33    2   18    0    3    9      1478
    7    2    1   34    2   14    0    1    9      1764
    7    2    1   35    2   11    0    2    9      1415
    7    2    1   36    1   22    3    3    1      1559
    7    2    1   37    2   27    0    4    9       746
    7    2    1   38    1   21    3    3    1       798
    7    2    1   39    1   25    4    4    1      2295
    7    2    1   40    2    8    0    2    9      1821
    7    2    1   41    2   14    0    1    9       621
    7    2    1   42    1   12    2    2    1       661
    7    2    1   43    1    6    1    1    1       452
    7    2    1   44    2   24    0    4    9       571
    7    2    1   45    1   26    4    4    1       590
    7    2    1   46    1   26    4    4    1      1215
    7    2    1   47    2   13    0    1    9      1327
    7    2    1   48    1   21    3    3    1      1244
    7    2    1   49    1   19    3    4    0      2884
    7    2    1   50    1   25    4    4    1      2826
    7    2    1   51    1   28    4    4    1       786
    7    2    1   52    1    3    2    2    1      1044
    7    2    2    1    2   16    0    2    9      1667
    7    2    2    2    2   13    0    1    9      1338
    7    2    2    3    2   17    0    4    9      1637
    7    2    2    4    1    9    1    1    1      3437
    7    2    2    5    1   21    3    3    1      2253
    7    2    2    6    1   22    3    3    1      1420
    7    2    2    7    1   31    4    4    1      1765
    7    2    2    8    1    7    2    2    1       711
    7    2    2    9    1   15    2    2    1      1980
    7    2    2   10    1    3    2    2    1       374
    7    2    2   11    2   24    0    3    9      1648
    7    2    2   12    1   28    4    4    1      2055
    7    2    2   13    2   14    0    1    9      3054
    7    2    2   14    1   12    2    2    1      2414
    7    2    2   15    1   26    4    3    0       982
    7    2    2   16    2   18    0    3    9      2288
    7    2    2   17    2   14    0    1    9      2406
    7    2    2   18    1   31    4    4    1      1479
    7    2    2   19    2   24    0    3    9      1029
    7    2    2   20    2   23    0    3    9       654
    7    2    2   21    1    3    2    2    1       860
    7    2    2   22    1   22    3    3    1       603
    7    2    2   23    2   24    0    3    9       477
    7    2    2   24    1   28    4    4    1       603
    7    2    2   25    2   14    0    1    9       652
    7    2    2   26    2    4    0    2    9       403
    7    2    2   27    2   24    0    3    9       867
    7    2    2   28    2   10    0    2    9       610
    7    2    2   29    1   25    4    4    1      1299
    7    2    2   30    1   12    2    2    1       912
    7    2    2   31    1   19    3    3    1      1253
    7    2    2   32    1   26    4    4    1      1493
    7    2    2   33    2    1    0    1    9      3034
    7    2    2   34    1   15    2    2    1      3154
    7    2    2   35    1    6    1    1    1      5166
    7    2    2   36    2   20    0    3    9      1769
    7    2    2   37    1   19    3    3    1       515
    7    2    2   38    2   11    0    2    9       903
    7    2    2   39    1   21    3    3    1       620
    7    2    2   40    2   27    0    4    9      1069
    7    2    2   41    1    6    1    1    1      1187
    7    2    2   42    2    5    0    1    9       821
    7    2    2   43    2   30    0    4    9       981
    7    2    2   44    2   29    0    4    9      1438
    7    2    2   45    2   32    0    4    9       502
    7    2    2   46    1    2    1    2    0       676
    7    2    2   47    1    9    1    1    1       490
    7    2    2   48    2   14    0    1    9       568
    7    2    2   49    1    2    1    1    1       619
    7    2    2   50    1    7    2    2    1       451
    7    2    2   51    2    8    0    2    9       394
    7    2    2   52    1   25    4    1    0       395
