    7    1    1    1    1   26    4    1    0      7999
    7    1    1    2    1    3    1    3    0      5615
    7    1    1    3    1   21    3    2    0      1767
    7    1    1    4    1    5    1    3    0     17256
    7    1    1    5    1    9    2    1    0      3583
    7    1    1    6    1   10    2    2    1     10136
    7    1    1    7    1   12    2    4    0      3891
    7    1    1    8    1   15    2    4    0      1728
    7    1    1    9    1   19    3    3    1      9428
    7    1    1   10    1   28    4    3    0      3308
    7    1    1   11    1   31    4    4    1      3521
    7    1    1   12    1   25    4    2    0      5300
    7    1    1   13    1   22    3    3    1      1833
    7    1    1   14    1    6    1    1    1      3872
    7    1    2    1    1    9    2    4    0      4530
    7    1    2    2    1   19    3    1    0     11157
    7    1    2    3    1    5    1    3    0     19503
    7    1    2    4    1   26    4    2    0      4700
    7    1    2    5    1    3    1    1    1      1001
    7    1    2    6    1   31    4    4    1      1793
    7    1    2    7    1   25    4    3    0      2026
    7    1    2    8    1   21    3    3    1      1794
    7    1    2    9    1   15    2    2    1      3836
    7    1    2   10    1   10    2    2    1      2323
    7    1    2   11    1    6    1    1    1      1063
    7    1    2   12    1   22    3    3    1      1309
    7    1    2   13    1   12    2    2    1      1754
    7    1    2   14    1   28    4    4    1      2212
    7    1    3    1    1    9    2    2    1      1667
    7    1    3    2    1   26    4    4    1       945
    7    1    3    3    1   31    4    4    1       717
    7    1    3    4    1   25    4    4    1      1425
    7    1    3    5    1   28    4    4    1      1496
    7    1    3    6    1   21    3    3    1       925
    7    1    3    7    1    6    1    1    1      1992
    7    1    3    8    1   19    3    3    1      1211
    7    1    3    9    1   15    2    2    1      1228
    7    1    3   10    1   10    2    2    1       731
    7    1    3   11    1    5    1    1    1      1071
    7    1    3   12    1   12    2    2    1      1909
    7    1    3   13    1    3    1    1    1       601
    7    1    3   14    1   22    3    3    1      1026
    7    1    4    1    1   21    3    3    1      2507
    7    1    4    2    1    9    2    2    1       872
    7    1    4    3    1   19    3    3    1      2470
    7    1    4    4    1    3    1    1    1       820
    7    1    4    5    1    6    1    1    1       979
    7    1    4    6    1   15    2    2    1       877
    7    1    4    7    1   22    3    3    1      1611
    7    1    4    8    1   10    2    2    1      1340
    7    1    4    9    1   31    4    4    1      1270
    7    1    4   10    1   25    4    4    1      1732
    7    1    4   11    1    5    1    1    1      2175
    7    1    4   12    1   12    2    2    1      1193
    7    1    4   13    1   26    4    4    1      7738
    7    1    4   14    1   28    4    4    1      1653
    7    1    5    1    1   19    3    3    1      2066
    7    1    5    2    1   21    3    3    1       624
    7    1    5    3    1   26    4    4    1       936
    7    1    5    4    1    5    1    1    1      2691
    7    1    5    5    1   10    2    2    1      2041
    7    1    5    6    1    9    2    2    1       600
    7    1    5    7    1   25    4    4    1      1088
    7    1    5    8    1   15    2    2    1      1190
    7    1    5    9    1   12    2    2    1       679
    7    1    5   10    1   28    4    4    1      1389
    7    1    5   11    1   31    4    4    1       678
    7    1    5   12    1   22    3    3    1      1020
    7    1    5   13    1    3    1    1    1       804
    7    1    5   14    1    6    1    1    1      1701
    7    2    1    1    1    5    1    1    1      3912
    7    2    1    2    2    2    0    1    9       715
    7    2    1    3    2   20    0    3    9      1039
    7    2    1    4    1   21    3    3    1       695
    7    2    1    5    1   22    3    3    1       732
    7    2    1    6    2   30    0    4    9       847
    7    2    1    7    2    4    0    1    9      4510
    7    2    1    8    1   10    2    2    1      3994
    7    2    1    9    2   24    0    3    9      6924
    7    2    1   10    1   10    2    2    1      2216
    7    2    1   11    2   23    0    1    9      2319
    7    2    1   12    1   28    4    3    0      1635
    7    2    1   13    1   28    4    4    1      2419
    7    2    1   14    2   27    0    4    9       803
    7    2    1   15    1   25    4    4    1      1203
    7    2    1   16    2   32    0    4    9      1220
    7    2    1   17    2    7    0    1    9      1204
    7    2    1   18    1   31    4    3    0     11924
    7    2    1   19    2   14    0    2    9      2712
    7    2    1   20    1   19    3    3    1      1997
    7    2    1   21    2   24    0    3    9      3757
    7    2    1   22    2    8    0    1    9      2312
    7    2    1   23    2   24    0    3    9      1325
    7    2    1   24    1    6    1    3    0      1048
    7    2    1   25    1   19    3    1    0      3071
    7    2    1   26    1    6    1    1    1      1301
    7    2    1   27    1    3    1    1    1      2610
    7    2    1   28    2    8    0    2    9     47417
    7    2    1   29    2    1    0    1    9       801
    7    2    1   30    2    8    0    1    9       850
    7    2    1   31    1   15    2    2    1      5841
    7    2    1   32    1   12    2    2    1       584
    7    2    1   33    1   21    3    3    1      1041
    7    2    1   34    1   26    4    4    1      1032
    7    2    1   35    1   22    3    3    1      1344
    7    2    1   36    2    8    0    1    9      1307
    7    2    1   37    1   15    2    2    1      1240
    7    2    1   38    2   24    0    3    9      3639
    7    2    1   39    1   12    2    2    1     15814
    7    2    1   40    1   26    4    4    1      1694
    7    2    1   41    2   29    0    4    9      4139
    7    2    1   42    2   16    0    2    9     11494
    7    2    1   43    1   31    4    4    1     14667
    7    2    1   44    1   25    4    4    1       704
    7    2    1   45    1    9    2    2    1       774
    7    2    1   46    1    3    1    1    1       825
    7    2    1   47    1    5    1    1    1      1769
    7    2    1   48    2   18    0    3    9      1026
    7    2    1   49    2   17    0    3    9       602
    7    2    1   50    1    9    2    2    1      1123
    7    2    1   51    2   11    0    2    9       743
    7    2    1   52    2   13    0    2    9      1386
    7    2    2    1    1   28    4    4    1       804
    7    2    2    2    1    5    1    1    1      1492
    7    2    2    3    2   30    0    4    9      1657
    7    2    2    4    1   26    4    4    1       600
    7    2    2    5    2    1    0    1    9      1489
    7    2    2    6    1    9    2    2    1       870
    7    2    2    7    1    6    1    1    1      1236
    7    2    2    8    1   15    2    2    1       931
    7    2    2    9    1   22    3    3    1       942
    7    2    2   10    1    3    1    1    1       842
    7    2    2   11    2   11    0    2    9      2169
    7    2    2   12    1   26    4    4    1       675
    7    2    2   13    2    8    0    1    9      1273
    7    2    2   14    2   18    0    3    9      1239
    7    2    2   15    1    6    1    1    1      2118
    7    2    2   16    2   23    0    3    9       722
    7    2    2   17    1   12    2    2    1      5142
    7    2    2   18    2   24    0    3    9      3689
    7    2    2   19    1   31    4    4    1       534
    7    2    2   20    2   24    0    3    9      6146
    7    2    2   21    1    3    1    1    1       685
    7    2    2   22    2    8    0    1    9       978
    7    2    2   23    2   17    0    3    9       652
    7    2    2   24    1   19    3    3    1       707
    7    2    2   25    2    8    0    1    9       856
    7    2    2   26    1   28    4    4    1      1926
    7    2    2   27    1   12    2    2    1      1402
    7    2    2   28    1   15    2    2    1      4451
    7    2    2   29    2   29    0    4    9     10353
    7    2    2   30    2   14    0    2    9      1092
    7    2    2   31    1   22    3    3    1      3721
    7    2    2   32    2    2    0    1    9       709
    7    2    2   33    1   25    4    4    1      4985
    7    2    2   34    1   10    2    2    1      4899
    7    2    2   35    1   21    3    3    1      1215
    7    2    2   36    2   20    0    3    9       735
    7    2    2   37    2   24    0    3    9      1058
    7    2    2   38    2    7    0    1    9      2585
    7    2    2   39    2   27    0    4    9       979
    7    2    2   40    1   19    3    3    1       845
    7    2    2   41    2   13    0    2    9      9436
    7    2    2   42    1   25    4    4    1       755
    7    2    2   43    1    9    2    2    1       806
    7    2    2   44    1    5    1    1    1       951
    7    2    2   45    2   16    0    2    9       754
    7    2    2   46    1   21    3    3    1      8389
    7    2    2   47    2   32    0    4    9       646
    7    2    2   48    2   24    0    3    9       973
    7    2    2   49    2    8    0    1    9      2055
    7    2    2   50    1   10    2    2    1      6373
    7    2    2   51    2    4    0    1    9      6727
    7    2    2   52    1   31    4    4    1      1148
