   23    1    1    1    1    6    1    1    1      1998
   23    1    1    2    1   12    2    2    1      1433
   23    1    1    3    1    2    1    1    1       640
   23    1    1    4    1   31    4    2    0       584
   23    1    1    5    1   28    4    2    0      1353
   23    1    1    6    1   22    3    4    0       603
   23    1    1    7    1   26    4    1    0      6444
   23    1    1    8    1    3    2    2    1      1747
   23    1    1    9    1   25    4    4    1       814
   23    1    1   10    1    9    1    4    0      1070
   23    1    1   11    1   15    2    2    1      1020
   23    1    1   12    1   21    3    4    0       660
   23    1    1   13    1   19    3    4    0      1747
   23    1    1   14    1    7    2    2    1       885
   23    1    2    1    1   28    4    2    0      1414
   23    1    2    2    1   26    4    1    0       886
   23    1    2    3    1    3    2    3    0       891
   23    1    2    4    1   19    3    4    0       672
   23    1    2    5    1    9    1    2    0       814
   23    1    2    6    1    7    2    2    1      1062
   23    1    2    7    1   25    4    4    1      1580
   23    1    2    8    1   12    2    2    1      1389
   23    1    2    9    1   22    3    3    1      1511
   23    1    2   10    1   21    3    4    0       651
   23    1    2   11    1   31    4    4    1       906
   23    1    2   12    1    2    1    1    1      1511
   23    1    2   13    1   15    2    2    1       715
   23    1    2   14    1    6    1    1    1      1023
   23    1    3    1    1   12    2    3    0      3132
   23    1    3    2    1    2    1    1    1       664
   23    1    3    3    1   19    3    3    1      1070
   23    1    3    4    1    6    1    2    0      1412
   23    1    3    5    1   28    4    4    1      1061
   23    1    3    6    1    3    2    1    0      1899
   23    1    3    7    1   22    3    3    1      1496
   23    1    3    8    1    9    1    2    0      2013
   23    1    3    9    1   31    4    4    1      1285
   23    1    3   10    1   25    4    4    1      1107
   23    1    3   11    1   15    2    1    0      1511
   23    1    3   12    1    7    2    2    1      2387
   23    1    3   13    1   21    3    3    1       756
   23    1    3   14    1   26    4    4    1      2070
   23    1    4    1    1   31    4    4    1      3008
   23    1    4    2    1   15    2    2    1      1080
   23    1    4    3    1    2    1    1    1       814
   23    1    4    4    1   19    3    3    1       766
   23    1    4    5    1   26    4    4    1       432
   23    1    4    6    1    9    1    2    0       943
   23    1    4    7    1    7    2    2    1       882
   23    1    4    8    1   25    4    4    1      1184
   23    1    4    9    1    3    2    1    0       929
   23    1    4   10    1    6    1    1    1       837
   23    1    4   11    1   21    3    3    1      2436
   23    1    4   12    1   12    2    1    0      3155
   23    1    4   13    1   22    3    3    1      3086
   23    1    4   14    1   28    4    4    1      1540
   23    1    5    1    1    7    2    2    1      3008
   23    1    5    2    1   21    3    3    1       904
   23    1    5    3    1   28    4    4    1       597
   23    1    5    4    1    2    1    2    0       718
   23    1    5    5    1   26    4    4    1      2330
   23    1    5    6    1   25    4    4    1       893
   23    1    5    7    1    9    1    2    0      1850
   23    1    5    8    1   15    2    1    0       665
   23    1    5    9    1    3    2    1    0      1239
   23    1    5   10    1   31    4    4    1       798
   23    1    5   11    1   22    3    3    1       927
   23    1    5   12    1   12    2    1    0      1067
   23    1    5   13    1   19    3    3    1       665
   23    1    5   14    1    6    1    2    0      1055
   23    1    6    1    1   15    2    1    0       801
   23    1    6    2    1    6    1    2    0      1001
   23    1    6    3    1   22    3    3    1      1226
   23    1    6    4    1   28    4    4    1       586
   23    1    6    5    1   21    3    3    1       819
   23    1    6    6    1   31    4    4    1       484
   23    1    6    7    1    7    2    2    1      1745
   23    1    6    8    1   19    3    3    1      1100
   23    1    6    9    1   26    4    4    1       817
   23    1    6   10    1    3    2    1    0       721
   23    1    6   11    1    9    1    2    0       845
   23    1    6   12    1   25    4    4    1       852
   23    1    6   13    1   12    2    2    1      1411
   23    1    6   14    1    2    1    1    1       651
   23    1    7    1    1   21    3    3    1      4306
   23    1    7    2    1   26    4    4    1       887
   23    1    7    3    1    7    2    2    1      1653
   23    1    7    4    1   12    2    1    0       547
   23    1    7    5    1    6    1    2    0      1126
   23    1    7    6    1   25    4    4    1      1026
   23    1    7    7    1   22    3    3    1       826
   23    1    7    8    1   19    3    3    1      3530
   23    1    7    9    1   28    4    4    1      1661
   23    1    7   10    1   15    2    3    0      1388
   23    1    7   11    1   31    4    4    1      2909
   23    1    7   12    1    2    1    1    1      1418
   23    1    7   13    1    9    1    2    0      1202
   23    1    7   14    1    3    2    1    0       890
   23    1    8    1    1   26    4    4    1      1803
   23    1    8    2    1   25    4    3    0       676
   23    1    8    3    1    7    2    2    1      1298
   23    1    8    4    1   21    3    3    1       863
   23    1    8    5    1    2    1    1    1       925
   23    1    8    6    1    3    2    1    0       873
   23    1    8    7    1    6    1    2    0      1279
   23    1    8    8    1   22    3    3    1       901
   23    1    8    9    1    9    1    1    1       642
   23    1    8   10    1   15    2    1    0      1049
   23    1    8   11    1   28    4    4    1       616
   23    1    8   12    1   19    3    3    1       512
   23    1    8   13    1   12    2    2    1      1100
   23    1    8   14    1   31    4    4    1      1089
   23    1    9    1    1   28    4    4    1      1207
   23    1    9    2    1   31    4    4    1       552
   23    1    9    3    1    9    1    2    0      1234
   23    1    9    4    1    3    2    1    0      1178
   23    1    9    5    1   12    2    2    1       868
   23    1    9    6    1   25    4    4    1      1218
   23    1    9    7    1    6    1    1    1       994
   23    1    9    8    1    2    1    1    1       795
   23    1    9    9    1   19    3    3    1      1132
   23    1    9   10    1   26    4    4    1       624
   23    1    9   11    1   21    3    3    1      1448
   23    1    9   12    1   15    2    1    0       942
   23    1    9   13    1   22    3    3    1       866
   23    1    9   14    1    7    2    1    0       895
   23    1   10    1    1   19    3    3    1      1169
   23    1   10    2    1    6    1    1    1       692
   23    1   10    3    1   12    2    2    1      1417
   23    1   10    4    1   21    3    3    1       929
   23    1   10    5    1   28    4    4    1       589
   23    1   10    6    1   26    4    3    0       518
   23    1   10    7    1    3    2    1    0       778
   23    1   10    8    1    9    1    2    0       708
   23    1   10    9    1   22    3    3    1       689
   23    1   10   10    1   25    4    3    0       694
   23    1   10   11    1   31    4    4    1       755
   23    1   10   12    1    7    2    1    0       646
   23    1   10   13    1   15    2    2    1       725
   23    1   10   14    1    2    1    1    1       649
   23    2    1    1    2   17    0    3    9      1144
   23    2    1    2    2   14    0    1    9       986
   23    2    1    3    1    2    1    2    0      1524
   23    2    1    4    1    7    2    1    0       904
   23    2    1    5    2   24    0    3    9       789
   23    2    1    6    2   30    0    4    9       310
   23    2    1    7    1    2    1    1    1      1115
   23    2    1    8    1    9    1    1    1       863
   23    2    1    9    2    8    0    1    9       830
   23    2    1   10    1   21    3    3    1       638
   23    2    1   11    1    6    1    1    1       630
   23    2    1   12    1   26    4    4    1      1102
   23    2    1   13    2   32    0    4    9       467
   23    2    1   14    1   15    2    1    0       577
   23    2    1   15    1   12    2    2    1       475
   23    2    1   16    1   19    3    3    1       825
   23    2    1   17    2   10    0    2    9       825
   23    2    1   18    2   24    0    3    9       937
   23    2    1   19    2   23    0    3    9       836
   23    2    1   20    1   21    3    3    1       612
   23    2    1   21    2   20    0    3    9       381
   23    2    1   22    1    3    2    1    0       943
   23    2    1   23    1   28    4    3    0       827
   23    2    1   24    2   29    0    4    9       619
   23    2    1   25    2   14    0    2    9      1139
   23    2    1   26    1   12    2    2    1       374
   23    2    1   27    2   24    0    3    9       664
   23    2    1   28    1   15    2    1    0      1646
   23    2    1   29    2   18    0    3    9       877
   23    2    1   30    1   19    3    3    1       795
   23    2    1   31    1    6    1    2    0       589
   23    2    1   32    1    3    2    1    0       311
   23    2    1   33    1   31    4    4    1       763
   23    2    1   34    2    1    0    2    9       717
   23    2    1   35    1   28    4    4    1       673
   23    2    1   36    1   22    3    3    1       727
   23    2    1   37    2   13    0    2    9      1419
   23    2    1   38    2   24    0    3    9       596
   23    2    1   39    1    7    2    2    1       653
   23    2    1   40    1   25    4    4    1       436
   23    2    1   41    2   14    0    1    9       579
   23    2    1   42    2   27    0    4    9       573
   23    2    1   43    1   22    3    3    1       791
   23    2    1   44    1   31    4    4    1       489
   23    2    1   45    2    5    0    1    9       599
   23    2    1   46    2    4    0    1    9       704
   23    2    1   47    1   26    4    4    1       660
   23    2    1   48    2   16    0    1    9       587
   23    2    1   49    2   14    0    1    9       677
   23    2    1   50    2   11    0    1    9       539
   23    2    1   51    1   25    4    4    1       695
   23    2    1   52    1    9    1    1    1       653
   23    2    2    1    2   30    0    4    9       612
   23    2    2    2    1   15    2    1    0       572
   23    2    2    3    1   21    3    4    0       534
   23    2    2    4    2   24    0    3    9       626
   23    2    2    5    2    4    0    1    9       618
   23    2    2    6    1   25    4    4    1       626
   23    2    2    7    1    2    1    1    1       746
   23    2    2    8    1   31    4    4    1       557
   23    2    2    9    1   15    2    4    0       584
   23    2    2   10    1   22    3    3    1       450
   23    2    2   11    2   24    0    3    9       800
   23    2    2   12    1    9    1    1    1       945
   23    2    2   13    2   27    0    4    9       733
   23    2    2   14    1   19    3    3    1       624
   23    2    2   15    1    3    2    1    0       520
   23    2    2   16    1    6    1    2    0       661
   23    2    2   17    1    6    1    1    1       540
   23    2    2   18    1    2    1    1    1       455
   23    2    2   19    1   28    4    4    1      1125
   23    2    2   20    1    7    2    1    0       634
   23    2    2   21    2   23    0    2    9       641
   23    2    2   22    2   14    0    1    9      1016
   23    2    2   23    1   12    2    2    1       784
   23    2    2   24    2   11    0    2    9       610
   23    2    2   25    2   29    0    4    9       858
   23    2    2   26    1   19    3    3    1       569
   23    2    2   27    2   32    0    4    9       484
   23    2    2   28    1    7    2    2    1       529
   23    2    2   29    2   24    0    3    9       589
   23    2    2   30    1    3    2    2    1       710
   23    2    2   31    1   22    3    3    1       667
   23    2    2   32    2    1    0    3    9       417
   23    2    2   33    2   13    0    1    9       914
   23    2    2   34    2   10    0    2    9       397
   23    2    2   35    2   20    0    3    9       542
   23    2    2   36    2   14    0    1    9       746
   23    2    2   37    2   18    0    3    9       797
   23    2    2   38    1   28    4    4    1       669
   23    2    2   39    1   12    2    1    0      1172
   23    2    2   40    2   24    0    3    9       469
   23    2    2   41    2    5    0    2    9       660
   23    2    2   42    1    9    1    1    1      1546
   23    2    2   43    2    8    0    1    9       637
   23    2    2   44    1   26    4    3    0       724
   23    2    2   45    2   17    0    3    9       473
   23    2    2   46    2   14    0    1    9       471
   23    2    2   47    2   16    0    2    9       838
   23    2    2   48    1   25    4    3    0      1365
   23    2    2   49    1   31    4    4    1       511
   23    2    2   50    2   14    0    1    9       620
   23    2    2   51    1   26    4    4    1       388
   23    2    2   52    1   21    3    3    1      2438
