   26    1    1    1    1   31    4    3    0      8411
   26    1    1    2    1    5    1    1    1      2686
   26    1    1    3    1    6    1    2    0      1090
   26    1    1    4    1   26    4    1    0      1904
   26    1    1    5    1   21    3    1    0      1310
   26    1    1    6    1    9    2    3    0      1315
   26    1    1    7    1   22    3    2    0     14199
   26    1    1    8    1    3    1    3    0      1672
   26    1    1    9    1   28    4    4    1      1119
   26    1    1   10    1   10    2    3    0      3571
   26    1    1   11    1   15    2    3    0      1853
   26    1    1   12    1   19    3    2    0      1307
   26    1    1   13    1   25    4    1    0      1248
   26    1    1   14    1   12    2    3    0      4039
   26    1    2    1    1   19    3    2    0      5161
   26    1    2    2    1   22    3    2    0      2372
   26    1    2    3    1   26    4    3    0      1453
   26    1    2    4    1   21    3    1    0      2301
   26    1    2    5    1    9    2    3    0      6490
   26    1    2    6    1   31    4    2    0     11983
   26    1    2    7    1   15    2    1    0      1817
   26    1    2    8    1   25    4    2    0      1385
   26    1    2    9    1    5    1    1    1      3003
   26    1    2   10    1    6    1    3    0      2004
   26    1    2   11    1   12    2    4    0      1213
   26    1    2   12    1   28    4    4    1      1076
   26    1    2   13    1    3    1    3    0      1228
   26    1    2   14    1   10    2    3    0      1476
   26    1    3    1    1   26    4    2    0      7343
   26    1    3    2    1    6    1    3    0      1986
   26    1    3    3    1    9    2    1    0      1099
   26    1    3    4    1   15    2    2    1     17368
   26    1    3    5    1   10    2    4    0      3602
   26    1    3    6    1   19    3    3    1      4571
   26    1    3    7    1   12    2    1    0      3173
   26    1    3    8    1   25    4    4    1      2719
   26    1    3    9    1    3    1    2    0      1939
   26    1    3   10    1   28    4    2    0      3278
   26    1    3   11    1   21    3    4    0      2213
   26    1    3   12    1   22    3    3    1       885
   26    1    3   13    1    5    1    2    0      2419
   26    1    3   14    1   31    4    2    0      2091
   26    1    4    1    1   26    4    4    1      2079
   26    1    4    2    1   10    2    4    0       877
   26    1    4    3    1    5    1    1    1      1106
   26    1    4    4    1   31    4    3    0      2232
   26    1    4    5    1   25    4    4    1      2455
   26    1    4    6    1    9    2    2    1      1830
   26    1    4    7    1    3    1    2    0      2271
   26    1    4    8    1   22    3    2    0       861
   26    1    4    9    1   15    2    3    0      1396
   26    1    4   10    1   19    3    2    0      1302
   26    1    4   11    1   28    4    2    0      1995
   26    1    4   12    1   21    3    1    0      1045
   26    1    4   13    1   12    2    4    0      1301
   26    1    4   14    1    6    1    2    0      1098
   26    1    5    1    1   26    4    4    1      3826
   26    1    5    2    1   12    2    2    1      1259
   26    1    5    3    1    5    1    3    0      1818
   26    1    5    4    1   10    2    3    0      1642
   26    1    5    5    1   25    4    1    0      1458
   26    1    5    6    1    6    1    2    0      4097
   26    1    5    7    1   22    3    4    0      1526
   26    1    5    8    1   28    4    2    0      1410
   26    1    5    9    1   31    4    4    1      1315
   26    1    5   10    1   15    2    2    1      4032
   26    1    5   11    1   19    3    2    0      2575
   26    1    5   12    1    3    1    3    0      1266
   26    1    5   13    1    9    2    4    0      1241
   26    1    5   14    1   21    3    2    0       913
   26    1    6    1    1    5    1    1    1     11453
   26    1    6    2    1   12    2    4    0      2805
   26    1    6    3    1    6    1    4    0      1390
   26    1    6    4    1   28    4    2    0      2703
   26    1    6    5    1   26    4    2    0      1147
   26    1    6    6    1   22    3    3    1      2375
   26    1    6    7    1   21    3    4    0      1882
   26    1    6    8    1    9    2    3    0      1560
   26    1    6    9    1   31    4    4    1      1971
   26    1    6   10    1   25    4    3    0      1846
   26    1    6   11    1    3    1    2    0      1813
   26    1    6   12    1   10    2    4    0      3782
   26    1    6   13    1   15    2    2    1      1448
   26    1    6   14    1   19    3    3    1      7647
   26    1    7    1    1   31    4    1    0      4934
   26    1    7    2    1   10    2    2    1      1210
   26    1    7    3    1   12    2    4    0      1755
   26    1    7    4    1    3    1    3    0      1534
   26    1    7    5    1   26    4    2    0       938
   26    1    7    6    1    9    2    2    1      1182
   26    1    7    7    1    6    1    2    0      4688
   26    1    7    8    1   25    4    4    1     12093
   26    1    7    9    1   28    4    2    0      1467
   26    1    7   10    1    5    1    4    0      1113
   26    1    7   11    1   22    3    2    0      1749
   26    1    7   12    1   21    3    4    0      1720
   26    1    7   13    1   15    2    2    1      1485
   26    1    7   14    1   19    3    1    0      1443
   26    1    8    1    1   31    4    3    0      4842
   26    1    8    2    1    6    1    2    0      1010
   26    1    8    3    1   26    4    4    1       771
   26    1    8    4    1   22    3    2    0      1094
   26    1    8    5    1    5    1    4    0      1268
   26    1    8    6    1    9    2    1    0      1099
   26    1    8    7    1   10    2    2    1      1880
   26    1    8    8    1   15    2    3    0      1661
   26    1    8    9    1    3    1    3    0       820
   26    1    8   10    1   12    2    4    0      1117
   26    1    8   11    1   28    4    2    0      1513
   26    1    8   12    1   19    3    2    0      1590
   26    1    8   13    1   25    4    1    0      1584
   26    1    8   14    1   21    3    4    0      1162
   26    1    9    1    1    3    1    3    0     16562
   26    1    9    2    1   28    4    2    0      3429
   26    1    9    3    1    6    1    2    0      5125
   26    1    9    4    1   19    3    4    0      1265
   26    1    9    5    1    5    1    1    1       952
   26    1    9    6    1   26    4    2    0      1187
   26    1    9    7    1   22    3    2    0      1053
   26    1    9    8    1    9    2    2    1      1933
   26    1    9    9    1   12    2    4    0       977
   26    1    9   10    1   21    3    3    1       547
   26    1    9   11    1   10    2    2    1       878
   26    1    9   12    1   15    2    3    0      1372
   26    1    9   13    1   31    4    4    1      1343
   26    1    9   14    1   25    4    1    0       955
   26    1   10    1    1   28    4    4    1      1423
   26    1   10    2    1   15    2    2    1      1351
   26    1   10    3    1    6    1    3    0      1363
   26    1   10    4    1   25    4    4    1      2213
   26    1   10    5    1    9    2    2    1      1838
   26    1   10    6    1    5    1    3    0      1302
   26    1   10    7    1   10    2    2    1      1546
   26    1   10    8    1   19    3    3    1      1903
   26    1   10    9    1   31    4    4    1      1540
   26    1   10   10    1   21    3    2    0      2024
   26    1   10   11    1   26    4    2    0      1696
   26    1   10   12    1    3    1    3    0      1190
   26    1   10   13    1   12    2    2    1      1408
   26    1   10   14    1   22    3    1    0      1096
   26    2    1    1    2   24    0    2    9      4411
   26    2    1    2    2   29    0    1    9      1179
   26    2    1    3    1   28    4    4    1      1821
   26    2    1    4    1    5    1    2    0      2694
   26    2    1    5    2   32    0    2    9      1644
   26    2    1    6    2   13    0    1    9       892
   26    2    1    7    1   10    2    3    0      2314
   26    2    1    8    2    8    0    4    9       783
   26    2    1    9    1   21    3    2    0      1217
   26    2    1   10    1    3    1    2    0      1538
   26    2    1   11    2   30    0    2    9       821
   26    2    1   12    2   24    0    4    9       806
   26    2    1   13    1    9    2    2    1       744
   26    2    1   14    2   16    0    4    9      1164
   26    2    1   15    1   22    3    2    0      1054
   26    2    1   16    1   22    3    1    0      1365
   26    2    1   17    1   25    4    1    0       896
   26    2    1   18    2    2    0    2    9       877
   26    2    1   19    2    8    0    3    9      1052
   26    2    1   20    1   28    4    4    1       738
   26    2    1   21    2   27    0    3    9      5206
   26    2    1   22    2    7    0    2    9       936
   26    2    1   23    2    8    0    4    9      1076
   26    2    1   24    2   20    0    2    9       922
   26    2    1   25    2    4    0    3    9       599
   26    2    1   26    1   15    2    1    0      1904
   26    2    1   27    1   12    2    4    0      1926
   26    2    1   28    1   15    2    2    1       442
   26    2    1   29    1    6    1    3    0       698
   26    2    1   30    1   31    4    4    1       943
   26    2    1   31    1   21    3    1    0      1115
   26    2    1   32    1   26    4    3    0       800
   26    2    1   33    2   23    0    2    9       592
   26    2    1   34    2   18    0    4    9       394
   26    2    1   35    1    5    1    1    1       331
   26    2    1   36    2   17    0    2    9       944
   26    2    1   37    1   10    2    3    0       539
   26    2    1   38    2    8    0    4    9      2903
   26    2    1   39    2    1    0    1    9       948
   26    2    1   40    1   26    4    2    0       655
   26    2    1   41    2   14    0    3    9      3110
   26    2    1   42    1   19    3    4    0      1932
   26    2    1   43    2   11    0    2    9      3792
   26    2    1   44    1   31    4    4    1      1418
   26    2    1   45    1   25    4    3    0      2563
   26    2    1   46    1   12    2    2    1      1549
   26    2    1   47    1   19    3    3    1      1921
   26    2    1   48    1    9    2    2    1      1397
   26    2    1   49    1    6    1    1    1       830
   26    2    1   50    1    3    1    2    0      1262
   26    2    1   51    2   24    0    4    9      1325
   26    2    1   52    2   24    0    3    9      1145
   26    2    2    1    1    9    2    1    0      1084
   26    2    2    2    1    6    1    2    0       867
   26    2    2    3    2    7    0    2    9      1570
   26    2    2    4    1    6    1    2    0       901
   26    2    2    5    2   16    0    2    9      1138
   26    2    2    6    2    8    0    4    9       630
   26    2    2    7    1   19    3    2    0      1454
   26    2    2    8    2   23    0    3    9       613
   26    2    2    9    2   24    0    4    9       558
   26    2    2   10    2    1    0    1    9       985
   26    2    2   11    1   15    2    2    1      1107
   26    2    2   12    1   25    4    2    0      1896
   26    2    2   13    1   31    4    3    0      1102
   26    2    2   14    2   27    0    4    9      1155
   26    2    2   15    2   29    0    2    9       694
   26    2    2   16    1   28    4    1    0      1356
   26    2    2   17    2    8    0    2    9      1319
   26    2    2   18    1    5    1    4    0      1108
   26    2    2   19    1    9    2    3    0      1177
   26    2    2   20    1   21    3    2    0       859
   26    2    2   21    1    3    1    3    0       810
   26    2    2   22    1    3    1    4    0      1052
   26    2    2   23    1   22    3    1    0      4579
   26    2    2   24    1   21    3    4    0      3454
   26    2    2   25    1   26    4    2    0       629
   26    2    2   26    2   24    0    3    9      1566
   26    2    2   27    1   15    2    4    0       832
   26    2    2   28    1   31    4    2    0       768
   26    2    2   29    2   20    0    1    9      2498
   26    2    2   30    2   24    0    3    9       815
   26    2    2   31    2   17    0    3    9      4096
   26    2    2   32    1   28    4    4    1       894
   26    2    2   33    2    2    0    2    9      2651
   26    2    2   34    1   12    2    1    0       834
   26    2    2   35    2    8    0    3    9      1201
   26    2    2   36    1   10    2    2    1      2579
   26    2    2   37    1   10    2    4    0      3102
   26    2    2   38    1   19    3    3    1      1235
   26    2    2   39    2    8    0    4    9      1491
   26    2    2   40    1   22    3    2    0      1113
   26    2    2   41    2   18    0    3    9      1134
   26    2    2   42    2    4    0    2    9       674
   26    2    2   43    2   13    0    1    9       408
   26    2    2   44    2   14    0    4    9       314
   26    2    2   45    1   26    4    2    0       478
   26    2    2   46    2   24    0    2    9       397
   26    2    2   47    2   11    0    4    9       318
   26    2    2   48    1   12    2    2    1       482
   26    2    2   49    2   32    0    3    9      2593
   26    2    2   50    2   30    0    2    9      6459
   26    2    2   51    1   25    4    1    0      1162
   26    2    2   52    1    5    1    2    0      1822
