   34    1    1    1    1    3    2    1    0      7063
   34    1    1    2    1   15    2    2    1      3482
   34    1    1    3    1   12    2    2    1      2944
   34    1    1    4    1   19    1    2    0      3916
   34    1    1    5    1   26    2    1    0      1537
   34    1    1    6    1   25    2    1    0      5149
   34    1    1    7    1    6    1    1    1      3600
   34    1    1    8    1   21    1    2    0      2954
   34    1    1    9    1    7    2    2    1      2157
   34    1    1   10    1    2    1    1    1      1833
   34    1    1   11    1    9    1    1    1      2480
   34    1    1   12    1   31    2    2    1      1670
   34    1    1   13    1   28    2    2    1      1053
   34    1    1   14    1   22    1    1    1      1179
   34    1    2    1    1    3    2    2    1      1255
   34    1    2    2    1   21    1    1    1       798
   34    1    2    3    1   31    2    2    1      1335
   34    1    2    4    1   19    1    2    0      1163
   34    1    2    5    1    2    1    1    1      1022
   34    1    2    6    1   25    2    1    0      1895
   34    1    2    7    1   12    2    2    1      1029
   34    1    2    8    1   28    2    2    1      1366
   34    1    2    9    1    6    1    1    1      1312
   34    1    2   10    1   22    1    1    1      2005
   34    1    2   11    1   26    2    2    1      1478
   34    1    2   12    1   15    2    2    1      1245
   34    1    2   13    1    7    2    2    1      1805
   34    1    2   14    1    9    1    1    1      4190
   34    1    3    1    1   22    1    1    1      5094
   34    1    3    2    1   25    2    2    1      2013
   34    1    3    3    1   15    2    2    1      1062
   34    1    3    4    1    3    2    2    1      1373
   34    1    3    5    1   12    2    2    1      1855
   34    1    3    6    1    7    2    2    1      1287
   34    1    3    7    1    9    1    2    0      1261
   34    1    3    8    1   21    1    1    1      1380
   34    1    3    9    1   31    2    2    1       854
   34    1    3   10    1   28    2    2    1      2117
   34    1    3   11    1    2    1    1    1       922
   34    1    3   12    1   19    1    2    0      2358
   34    1    3   13    1   26    2    2    1      2801
   34    1    3   14    1    6    1    1    1      1811
   34    1    4    1    1    6    1    1    1      3368
   34    1    4    2    1   21    1    1    1      1147
   34    1    4    3    1   12    2    2    1      1494
   34    1    4    4    1    7    2    2    1      3108
   34    1    4    5    1   31    2    2    1      1025
   34    1    4    6    1   28    2    2    1       874
   34    1    4    7    1   15    2    2    1      1512
   34    1    4    8    1   25    2    1    0      1981
   34    1    4    9    1    9    1    2    0      2135
   34    1    4   10    1   22    1    1    1      1779
   34    1    4   11    1    3    2    2    1      1054
   34    1    4   12    1    2    1    1    1      1077
   34    1    4   13    1   19    1    2    0      1939
   34    1    4   14    1   26    2    2    1      2175
   34    1    5    1    1   22    1    1    1      5777
   34    1    5    2    1   28    2    2    1      6645
   34    1    5    3    1    7    2    2    1      2541
   34    1    5    4    1    3    2    1    0      1241
   34    1    5    5    1   12    2    2    1       833
   34    1    5    6    1   25    2    1    0      1529
   34    1    5    7    1   19    1    1    1      1469
   34    1    5    8    1    9    1    2    0      2307
   34    1    5    9    1    2    1    1    1      1281
   34    1    5   10    1    6    1    1    1      2175
   34    1    5   11    1   21    1    1    1      1569
   34    1    5   12    1   26    2    2    1      2003
   34    1    5   13    1   31    2    2    1      1461
   34    1    5   14    1   15    2    1    0      3388
   34    1    6    1    1   31    2    2    1      2366
   34    1    6    2    1   19    1    1    1      1737
   34    1    6    3    1    2    1    1    1      1669
   34    1    6    4    1   25    2    2    1      1827
   34    1    6    5    1    9    1    2    0      1675
   34    1    6    6    1    6    1    1    1      2642
   34    1    6    7    1   22    1    1    1      3194
   34    1    6    8    1    3    2    2    1      1956
   34    1    6    9    1   21    1    1    1      1839
   34    1    6   10    1   12    2    2    1      3663
   34    1    6   11    1   15    2    2    1      2662
   34    1    6   12    1   26    2    2    1      2085
   34    1    6   13    1    7    2    2    1      1243
   34    1    6   14    1   28    2    2    1      1131
   34    1    7    1    1    6    1    1    1      7569
   34    1    7    2    1    2    1    1    1      2549
   34    1    7    3    1   26    2    2    1      1472
   34    1    7    4    1   12    2    2    1      2646
   34    1    7    5    1   28    2    2    1      1414
   34    1    7    6    1   22    1    1    1      3790
   34    1    7    7    1   19    1    1    1      2592
   34    1    7    8    1    7    2    2    1      1978
   34    1    7    9    1   25    2    1    0      2509
   34    1    7   10    1   21    1    1    1      2466
   34    1    7   11    1   15    2    2    1      1129
   34    1    7   12    1    3    2    1    0      1205
   34    1    7   13    1    9    1    1    1      3534
   34    1    7   14    1   31    2    2    1       922
   34    1    8    1    1    6    1    1    1      2323
   34    1    8    2    1   12    2    2    1      1471
   34    1    8    3    1   28    2    2    1      1286
   34    1    8    4    1    9    1    1    1      1508
   34    1    8    5    1   26    2    2    1      1417
   34    1    8    6    1    2    1    1    1      3481
   34    1    8    7    1   15    2    2    1       967
   34    1    8    8    1    3    2    1    0      3041
   34    1    8    9    1   31    2    2    1       889
   34    1    8   10    1    7    2    2    1      1279
   34    1    8   11    1   22    1    1    1      1309
   34    1    8   12    1   19    1    2    0      1434
   34    1    8   13    1   21    1    1    1      1546
   34    1    8   14    1   25    2    2    1      1950
   34    1    9    1    1    7    2    2    1      2856
   34    1    9    2    1   12    2    2    1       799
   34    1    9    3    1   26    2    2    1      1624
   34    1    9    4    1   31    2    2    1      1001
   34    1    9    5    1   15    2    2    1      1026
   34    1    9    6    1    9    1    2    0      1411
   34    1    9    7    1   28    2    2    1      2892
   34    1    9    8    1    6    1    1    1      2114
   34    1    9    9    1    2    1    1    1      1286
   34    1    9   10    1   25    2    2    1      1492
   34    1    9   11    1   22    1    1    1      1818
   34    1    9   12    1   21    1    1    1      1186
   34    1    9   13    1    3    2    1    0      2196
   34    1    9   14    1   19    1    1    1      2294
   34    1   10    1    1    3    2    1    0      3216
   34    1   10    2    1    2    1    1    1      1265
   34    1   10    3    1   31    2    2    1      1536
   34    1   10    4    1   25    2    1    0      2635
   34    1   10    5    1    6    1    1    1      1404
   34    1   10    6    1   22    1    1    1      1829
   34    1   10    7    1   19    1    2    0      1821
   34    1   10    8    1    9    1    1    1      3766
   34    1   10    9    1   26    2    2    1      1600
   34    1   10   10    1   21    1    1    1       993
   34    1   10   11    1    7    2    2    1      1851
   34    1   10   12    1   28    2    2    1      1810
   34    1   10   13    1   12    2    2    1      1195
   34    1   10   14    1   15    2    2    1      2293
   34    2    1    1    2    4    0    2    9      3308
   34    2    1    2    1    3    2    1    0      3098
   34    2    1    3    1    6    1    1    1      2599
   34    2    1    4    1    2    1    1    1      1024
   34    2    1    5    2   24    0    2    9      1192
   34    2    1    6    1   31    2    2    1      1778
   34    2    1    7    2   18    0    1    9      1132
   34    2    1    8    1    7    2    2    1      1656
   34    2    1    9    1    9    1    2    0      1903
   34    2    1   10    1    3    2    2    1      2636
   34    2    1   11    1   22    1    1    1      1804
   34    2    1   12    2   27    0    2    9      1485
   34    2    1   13    1    2    1    1    1      1891
   34    2    1   14    1   26    2    2    1      1489
   34    2    1   15    2   24    0    2    9      1103
   34    2    1   16    1   21    1    1    1      2228
   34    2    1   17    2   16    0    2    9       988
   34    2    1   18    2   24    0    2    9      1502
   34    2    1   19    2    5    0    1    9      2667
   34    2    1   20    2   13    0    1    9      6713
   34    2    1   21    2   14    0    2    9      1606
   34    2    1   22    1   12    2    2    1      1000
   34    2    1   23    1   22    1    1    1      1832
   34    2    1   24    1    6    1    1    1      1512
   34    2    1   25    2   14    0    1    9      7333
   34    2    1   26    1   31    2    2    1      1746
   34    2    1   27    2   11    0    2    9       974
   34    2    1   28    1   28    2    2    1       905
   34    2    1   29    1    7    2    2    1      1342
   34    2    1   30    2   10    0    1    9      2057
   34    2    1   31    2    8    0    2    9       680
   34    2    1   32    2   32    0    2    9       734
   34    2    1   33    1   12    2    2    1       874
   34    2    1   34    2   30    0    2    9      4577
   34    2    1   35    2   23    0    2    9      2004
   34    2    1   36    1   19    1    2    0      1717
   34    2    1   37    1   19    1    1    1      1705
   34    2    1   38    2   20    0    1    9      2310
   34    2    1   39    2   24    0    2    9      1483
   34    2    1   40    1   26    2    1    0      2649
   34    2    1   41    2    1    0    1    9      1457
   34    2    1   42    1   21    1    1    1      2248
   34    2    1   43    2   29    0    1    9      3111
   34    2    1   44    1   28    2    2    1       988
   34    2    1   45    2   14    0    2    9      3750
   34    2    1   46    1    9    1    1    1      2945
   34    2    1   47    1   25    2    1    0      1518
   34    2    1   48    2   14    0    2    9      1850
   34    2    1   49    1   15    2    2    1       873
   34    2    1   50    2   17    0    1    9      1055
   34    2    1   51    1   25    2    1    0      3230
   34    2    1   52    1   15    2    2    1       886
   34    2    2    1    1   12    2    2    1       796
   34    2    2    2    2   14    0    2    9      1526
   34    2    2    3    1   31    2    2    1       771
   34    2    2    4    1   15    2    2    1      1253
   34    2    2    5    2   29    0    2    9      3196
   34    2    2    6    1    9    1    2    0      3694
   34    2    2    7    1    6    1    2    0      1220
   34    2    2    8    2   24    0    2    9      1332
   34    2    2    9    2    8    0    2    9      1032
   34    2    2   10    1   19    1    1    1      1568
   34    2    2   11    1   25    2    1    0      2210
   34    2    2   12    2   20    0    2    9       763
   34    2    2   13    1    2    1    1    1      1662
   34    2    2   14    1   15    2    2    1      1253
   34    2    2   15    1   26    2    1    0      1276
   34    2    2   16    1   21    1    1    1      1107
   34    2    2   17    1    3    2    1    0      1288
   34    2    2   18    2    5    0    1    9      1013
   34    2    2   19    1    7    2    2    1       950
   34    2    2   20    2   18    0    1    9      2616
   34    2    2   21    1    7    2    2    1      1113
   34    2    2   22    2   14    0    1    9      1942
   34    2    2   23    1   28    2    2    1      1114
   34    2    2   24    2   30    0    2    9      1071
   34    2    2   25    2   14    0    2    9       901
   34    2    2   26    1   12    2    2    1      1170
   34    2    2   27    2   10    0    2    9      2444
   34    2    2   28    1   26    2    2    1      1060
   34    2    2   29    1    3    2    2    1      1243
   34    2    2   30    2   24    0    2    9       923
   34    2    2   31    1   19    1    2    0      1343
   34    2    2   32    2   27    0    2    9      1587
   34    2    2   33    1   22    1    1    1       644
   34    2    2   34    2   32    0    2    9       620
   34    2    2   35    1   25    2    1    0      1340
   34    2    2   36    2   24    0    2    9       504
   34    2    2   37    1    9    1    2    0      1269
   34    2    2   38    1    2    1    1    1      1355
   34    2    2   39    2    4    0    2    9       663
   34    2    2   40    1   31    2    2    1      1021
   34    2    2   41    2   13    0    2    9      2478
   34    2    2   42    2   23    0    2    9      1540
   34    2    2   43    2   16    0    2    9       664
   34    2    2   44    2   17    0    1    9     19470
   34    2    2   45    2    1    0    1    9       855
   34    2    2   46    2   11    0    2    9      1638
   34    2    2   47    2   14    0    2    9      1862
   34    2    2   48    1   21    1    1    1      1005
   34    2    2   49    1   22    1    1    1      1430
   34    2    2   50    1   28    2    2    1       670
   34    2    2   51    1    6    1    1    1      1956
   34    2    2   52    2   24    0    2    9       495
