    7    1    1    1    1   23    4    3    0      6568
    7    1    1    2    1   12    2    4    0      5870
    7    1    1    3    1   25    3    3    1      6069
    7    1    1    4    1    2    1    4    0      1932
    7    1    1    5    1   31    4    3    0      1592
    7    1    1    6    1   28    4    4    1      7609
    7    1    1    7    1    6    1    2    0      5131
    7    1    1    8    1    3    2    3    0      1968
    7    1    1    9    1   22    3    1    0      5138
    7    1    1   10    1   15    2    1    0      3839
    7    1    1   11    1   18    3    3    1      1792
    7    1    1   12    1    9    1    4    0      3057
    7    1    1   13    1   19    4    3    0      1265
    7    1    1   14    1    7    2    1    0      3383
    7    1    2    1    1    9    1    4    0      4419
    7    1    2    2    1   15    2    4    0      3699
    7    1    2    3    1    7    2    1    0      7945
    7    1    2    4    1   12    2    4    0      1654
    7    1    2    5    1   22    3    3    1      2173
    7    1    2    6    1    2    1    1    1     10775
    7    1    2    7    1    3    2    4    0      1955
    7    1    2    8    1    6    1    3    0      6126
    7    1    2    9    1   19    4    3    0      1619
    7    1    2   10    1   31    4    3    0      8956
    7    1    2   11    1   28    4    4    1      1880
    7    1    2   12    1   23    4    4    1      1398
    7    1    2   13    1   25    3    3    1      2327
    7    1    2   14    1   18    3    3    1      1171
    7    1    3    1    1    6    1    1    1      2149
    7    1    3    2    1   15    2    2    1      6136
    7    1    3    3    1   12    2    4    0      1276
    7    1    3    4    1    9    1    1    1      1427
    7    1    3    5    1    2    1    1    1       955
    7    1    3    6    1   25    3    3    1      1150
    7    1    3    7    1   31    4    4    1       625
    7    1    3    8    1    3    2    2    1      1953
    7    1    3    9    1   22    3    3    1       980
    7    1    3   10    1   28    4    4    1       502
    7    1    3   11    1   23    4    3    0       948
    7    1    3   12    1   19    4    3    0       719
    7    1    3   13    1    7    2    2    1      1643
    7    1    3   14    1   18    3    3    1       939
    7    1    4    1    1   19    4    4    1      3806
    7    1    4    2    1   25    3    3    1       696
    7    1    4    3    1   15    2    2    1      1070
    7    1    4    4    1   18    3    3    1      2716
    7    1    4    5    1   28    4    4    1      1529
    7    1    4    6    1    2    1    2    0      1685
    7    1    4    7    1   12    2    2    1      1219
    7    1    4    8    1    7    2    2    1       715
    7    1    4    9    1    3    2    2    1      1095
    7    1    4   10    1    9    1    1    1       749
    7    1    4   11    1   31    4    4    1      1544
    7    1    4   12    1    6    1    1    1      1356
    7    1    4   13    1   23    4    2    0       991
    7    1    4   14    1   22    3    3    1      1689
    7    1    5    1    1    3    2    2    1      2766
    7    1    5    2    1   31    4    4    1      1969
    7    1    5    3    1   18    3    3    1      1003
    7    1    5    4    1    9    1    1    1       956
    7    1    5    5    1    6    1    1    1      1439
    7    1    5    6    1   12    2    2    1       999
    7    1    5    7    1   15    2    2    1      1073
    7    1    5    8    1   22    3    3    1      1447
    7    1    5    9    1   25    3    3    1      1846
    7    1    5   10    1    2    1    1    1      1878
    7    1    5   11    1   23    4    4    1      1924
    7    1    5   12    1   28    4    4    1      3601
    7    1    5   13    1   19    4    4    1      1402
    7    1    5   14    1    7    2    2    1      1347
    7    1    6    1    1   31    4    4    1      5231
    7    1    6    2    1    6    1    1    1      1351
    7    1    6    3    1   15    2    2    1       874
    7    1    6    4    1   19    4    4    1      6585
    7    1    6    5    1   22    3    3    1       931
    7    1    6    6    1    7    2    2    1      1175
    7    1    6    7    1    3    2    2    1      1017
    7    1    6    8    1   12    2    2    1      1041
    7    1    6    9    1   25    3    3    1      2449
    7    1    6   10    1   23    4    4    1       744
    7    1    6   11    1    9    1    1    1      1060
    7    1    6   12    1    2    1    1    1       915
    7    1    6   13    1   18    3    3    1      3831
    7    1    6   14    1   28    4    4    1       751
    7    1    7    1    1    7    2    2    1     13764
    7    1    7    2    1    9    1    1    1       649
    7    1    7    3    1   23    4    4    1      1032
    7    1    7    4    1   19    4    4    1       759
    7    1    7    5    1    2    1    1    1      1202
    7    1    7    6    1   22    3    3    1       915
    7    1    7    7    1   18    3    3    1      1272
    7    1    7    8    1    6    1    1    1      1870
    7    1    7    9    1   28    4    4    1       749
    7    1    7   10    1   12    2    2    1      1360
    7    1    7   11    1   25    3    3    1      1067
    7    1    7   12    1   15    2    2    1      1145
    7    1    7   13    1    3    2    2    1       805
    7    1    7   14    1   31    4    4    1       766
    7    2    1    1    1   28    4    4    1      3878
    7    2    1    2    2   26    0    3    9      1459
    7    2    1    3    1   12    2    2    1      2394
    7    2    1    4    1    9    1    1    1      1180
    7    2    1    5    2    8    0    2    9      1014
    7    2    1    6    2   13    0    1    9       726
    7    2    1    7    1   22    3    3    1      1306
    7    2    1    8    2   14    0    1    9      1639
    7    2    1    9    1    9    1    1    1      2479
    7    2    1   10    2   21    0    3    9      1158
    7    2    1   11    1   15    2    2    1      2385
    7    2    1   12    2    4    0    2    9      2499
    7    2    1   13    1   19    4    4    1      2232
    7    2    1   14    2   14    0    1    9      2184
    7    2    1   15    1   23    4    3    0      1978
    7    2    1   16    1    2    1    1    1      2196
    7    2    1   17    1   23    4    4    1       742
    7    2    1   18    2   30    0    3    9       993
    7    2    1   19    1   18    3    3    1      1139
    7    2    1   20    1    3    2    2    1      1447
    7    2    1   21    1    6    1    1    1      1942
    7    2    1   22    2   30    0    3    9      3282
    7    2    1   23    2   17    0    3    9      3415
    7    2    1   24    1    7    2    2    1      1144
    7    2    1   25    2    5    0    1    9       628
    7    2    1   26    1    7    2    2    1       732
    7    2    1   27    1   25    3    3    1       800
    7    2    1   28    1   31    4    4    1       673
    7    2    1   29    1   15    2    2    1      1663
    7    2    1   30    1   19    4    4    1       862
    7    2    1   31    2    1    0    1    9       685
    7    2    1   32    2   32    0    4    9       779
    7    2    1   33    2   14    0    1    9      1637
    7    2    1   34    1   18    3    3    1      2557
    7    2    1   35    2   30    0    3    9      1224
    7    2    1   36    1   31    4    4    1       648
    7    2    1   37    1    2    1    2    0      1055
    7    2    1   38    2   11    0    2    9      1175
    7    2    1   39    2   29    0    3    9      1096
    7    2    1   40    2   16    0    2    9      1078
    7    2    1   41    1    3    2    2    1      1436
    7    2    1   42    2   20    0    4    9      1204
    7    2    1   43    1   28    4    4    1       581
    7    2    1   44    2   30    0    3    9       806
    7    2    1   45    2   24    0    4    9       559
    7    2    1   46    2   10    0    2    9       859
    7    2    1   47    1    6    1    1    1       889
    7    2    1   48    1   12    2    2    1      1431
    7    2    1   49    2   14    0    1    9       935
    7    2    1   50    2   27    0    4    9      2475
    7    2    1   51    1   25    3    3    1       609
    7    2    1   52    1   22    3    3    1      2090
    7    2    2    1    1   15    2    2    1       984
    7    2    2    2    2   29    0    3    9       961
    7    2    2    3    1   18    3    3    1       700
    7    2    2    4    2   16    0    2    9       873
    7    2    2    5    1   12    2    2    1       656
    7    2    2    6    1    6    1    1    1       967
    7    2    2    7    1   15    2    2    1      1169
    7    2    2    8    1   28    4    4    1       987
    7    2    2    9    2    5    0    1    9       653
    7    2    2   10    2   20    0    2    9       780
    7    2    2   11    1   18    3    3    1      1174
    7    2    2   12    2   32    0    4    9       633
    7    2    2   13    2   14    0    1    9      1400
    7    2    2   14    1   31    4    4    1      1897
    7    2    2   15    2   10    0    1    9      1206
    7    2    2   16    1   19    4    4    1      1399
    7    2    2   17    2   14    0    1    9      2232
    7    2    2   18    1   28    4    4    1       800
    7    2    2   19    1   25    3    3    1      3321
    7    2    2   20    2   30    0    3    9      2022
    7    2    2   21    2    1    0    1    9       823
    7    2    2   22    2   21    0    3    9       695
    7    2    2   23    1    3    2    2    1       820
    7    2    2   24    1    7    2    2    1       965
    7    2    2   25    1   22    3    3    1      1023
    7    2    2   26    1   12    2    2    1       743
    7    2    2   27    2   14    0    1    9      1235
    7    2    2   28    1   31    4    4    1      1554
    7    2    2   29    2   17    0    3    9       910
    7    2    2   30    1    2    1    1    1      1659
    7    2    2   31    1   22    3    3    1       642
    7    2    2   32    1    9    1    1    1       625
    7    2    2   33    1    3    2    2    1      1394
    7    2    2   34    1   25    3    3    1       643
    7    2    2   35    1    2    1    1    1       795
    7    2    2   36    2    8    0    2    9       909
    7    2    2   37    2   30    0    3    9      1154
    7    2    2   38    1   23    4    4    1       941
    7    2    2   39    2   11    0    2    9       944
    7    2    2   40    2   14    0    1    9       788
    7    2    2   41    2   13    0    1    9       670
    7    2    2   42    1    6    1    1    1      2092
    7    2    2   43    2   30    0    3    9      2106
    7    2    2   44    2   30    0    3    9       495
    7    2    2   45    1    9    1    1    1      1037
    7    2    2   46    2   24    0    4    9       692
    7    2    2   47    1   23    4    4    1      1050
    7    2    2   48    2   27    0    4    9       913
    7    2    2   49    2    4    0    2    9      5134
    7    2    2   50    1    7    2    2    1       802
    7    2    2   51    1   19    4    4    1       963
    7    2    2   52    2   26    0    3    9       694
