   48    1    1    1    1    7    2    1    0      9496
   48    1    1    2    1    9    1    1    1      2386
   48    1    1    3    1   21    3    1    0      1877
   48    1    1    4    1   22    3    2    0      3388
   48    1    1    5    1    6    1    2    0      2662
   48    1    1    6    1    3    2    1    0      3669
   48    1    1    7    1   19    3    2    0      5124
   48    1    1    8    1   25    4    1    0      7481
   48    1    1    9    1   12    2    1    0      5304
   48    1    1   10    1    2    1    2    0      6718
   48    1    1   11    1   28    4    2    0      3275
   48    1    1   12    1   31    4    2    0      2954
   48    1    1   13    1   26    4    2    0     22013
   48    1    1   14    1   15    2    4    0      4456
   48    1    2    1    1   21    3    1    0      2239
   48    1    2    2    1    3    2    2    1      3639
   48    1    2    3    1   15    2    4    0      2039
   48    1    2    4    1   12    2    4    0      1039
   48    1    2    5    1    7    2    3    0      3431
   48    1    2    6    1   25    4    3    0      7199
   48    1    2    7    1   19    3    2    0      1873
   48    1    2    8    1    9    1    4    0      1488
   48    1    2    9    1   28    4    4    1      3389
   48    1    2   10    1   26    4    2    0      5048
   48    1    2   11    1   22    3    2    0     10735
   48    1    2   12    1    6    1    3    0      2044
   48    1    2   13    1   31    4    2    0      2820
   48    1    2   14    1    2    1    2    0      2701
   48    1    3    1    1   12    2    4    0      3519
   48    1    3    2    1    7    2    2    1      8532
   48    1    3    3    1    6    1    3    0      2928
   48    1    3    4    1   15    2    2    1      2717
   48    1    3    5    1   28    4    4    1      4385
   48    1    3    6    1   19    3    3    1      3804
   48    1    3    7    1   26    4    2    0      3389
   48    1    3    8    1    2    1    1    1      4623
   48    1    3    9    1   22    3    3    1      4200
   48    1    3   10    1   31    4    4    1      2250
   48    1    3   11    1    9    1    3    0      3728
   48    1    3   12    1    3    2    3    0      2413
   48    1    3   13    1   25    4    1    0      2534
   48    1    3   14    1   21    3    1    0      6114
   48    1    4    1    1   15    2    4    0      2368
   48    1    4    2    1   31    4    2    0      2107
   48    1    4    3    1    9    1    3    0      8752
   48    1    4    4    1    3    2    1    0      2052
   48    1    4    5    1   12    2    4    0      2195
   48    1    4    6    1   28    4    4    1      2621
   48    1    4    7    1   19    3    3    1      7870
   48    1    4    8    1   22    3    3    1      6197
   48    1    4    9    1   21    3    1    0      5431
   48    1    4   10    1    7    2    4    0      6775
   48    1    4   11    1   26    4    1    0      4402
   48    1    4   12    1    2    1    2    0      1796
   48    1    4   13    1   25    4    3    0      2382
   48    1    4   14    1    6    1    3    0      4272
   48    1    5    1    1    9    1    1    1      7035
   48    1    5    2    1   19    3    2    0      3148
   48    1    5    3    1   15    2    4    0      2559
   48    1    5    4    1   21    3    1    0     28378
   48    1    5    5    1   31    4    2    0      3992
   48    1    5    6    1    2    1    2    0     36625
   48    1    5    7    1   22    3    3    1      3303
   48    1    5    8    1    7    2    4    0      3780
   48    1    5    9    1   26    4    4    1      3462
   48    1    5   10    1   25    4    3    0      8838
   48    1    5   11    1    6    1    3    0     11807
   48    1    5   12    1   28    4    4    1      3657
   48    1    5   13    1    3    2    1    0      4560
   48    1    5   14    1   12    2    2    1      2716
   48    1    6    1    1    9    1    1    1      6386
   48    1    6    2    1   28    4    4    1      3412
   48    1    6    3    1   22    3    3    1      3918
   48    1    6    4    1   25    4    1    0      4530
   48    1    6    5    1   12    2    2    1      2615
   48    1    6    6    1    3    2    1    0      3247
   48    1    6    7    1   21    3    1    0     10863
   48    1    6    8    1    7    2    2    1      5814
   48    1    6    9    1   31    4    4    1      2560
   48    1    6   10    1   15    2    2    1      1930
   48    1    6   11    1   19    3    2    0     14102
   48    1    6   12    1    6    1    1    1      4405
   48    1    6   13    1   26    4    4    1      4694
   48    1    6   14    1    2    1    1    1      5213
   48    1    7    1    1    7    2    2    1      9934
   48    1    7    2    1    3    2    2    1      5211
   48    1    7    3    1   15    2    2    1      6037
   48    1    7    4    1   28    4    4    1      1957
   48    1    7    5    1   12    2    2    1      2992
   48    1    7    6    1   22    3    3    1     14594
   48    1    7    7    1   21    3    1    0      4174
   48    1    7    8    1    2    1    1    1      7009
   48    1    7    9    1   19    3    3    1      3194
   48    1    7   10    1   25    4    3    0      6268
   48    1    7   11    1   31    4    4    1      2027
   48    1    7   12    1    9    1    1    1      5820
   48    1    7   13    1   26    4    4    1      4213
   48    1    7   14    1    6    1    2    0      5310
   48    1    8    1    1   25    4    1    0      7074
   48    1    8    2    1    2    1    1    1      3065
   48    1    8    3    1    6    1    3    0      1488
   48    1    8    4    1   19    3    3    1      2518
   48    1    8    5    1   31    4    4    1      1650
   48    1    8    6    1    7    2    2    1      4089
   48    1    8    7    1    3    2    1    0      4103
   48    1    8    8    1   26    4    4    1     11493
   48    1    8    9    1   21    3    1    0      3324
   48    1    8   10    1    9    1    1    1      3009
   48    1    8   11    1   28    4    4    1      2043
   48    1    8   12    1   12    2    2    1      1538
   48    1    8   13    1   22    3    3    1      6806
   48    1    8   14    1   15    2    2    1      1880
   48    1    9    1    1    6    1    2    0      7391
   48    1    9    2    1   15    2    2    1      1323
   48    1    9    3    1   28    4    4    1      2207
   48    1    9    4    1   21    3    1    0      3712
   48    1    9    5    1   19    3    3    1      4750
   48    1    9    6    1    3    2    1    0      3913
   48    1    9    7    1    9    1    1    1      2742
   48    1    9    8    1   25    4    3    0      6074
   48    1    9    9    1   31    4    4    1      1249
   48    1    9   10    1   12    2    2    1      1400
   48    1    9   11    1    2    1    1    1      3113
   48    1    9   12    1    7    2    2    1      1790
   48    1    9   13    1   26    4    4    1      2712
   48    1    9   14    1   22    3    3    1      4797
   48    1   10    1    1    2    1    1    1      6549
   48    1   10    2    1   19    3    2    0      2074
   48    1   10    3    1    7    2    2    1      1360
   48    1   10    4    1   31    4    4    1      1299
   48    1   10    5    1   28    4    4    1      2160
   48    1   10    6    1    3    2    2    1      1739
   48    1   10    7    1   15    2    2    1      1479
   48    1   10    8    1    6    1    1    1      3789
   48    1   10    9    1   26    4    4    1      4583
   48    1   10   10    1   12    2    2    1      1386
   48    1   10   11    1   21    3    3    1      9619
   48    1   10   12    1   25    4    4    1      1701
   48    1   10   13    1   22    3    3    1      5202
   48    1   10   14    1    9    1    1    1      1988
   48    2    1    1    1   21    3    1    0      9137
   48    2    1    2    1   28    4    4    1      3589
   48    2    1    3    2    1    0    1    9      1303
   48    2    1    4    2   13    0    2    9      3820
   48    2    1    5    1    2    1    1    1      9124
   48    2    1    6    2   24    0    4    9      3586
   48    2    1    7    1   22    3    3    1      4460
   48    2    1    8    1   25    4    3    0      6659
   48    2    1    9    1    6    1    1    1      3427
   48    2    1   10    2   16    0    2    9      3580
   48    2    1   11    1    2    1    1    1      5022
   48    2    1   12    1   28    4    4    1      2447
   48    2    1   13    1    3    2    2    1      3438
   48    2    1   14    2   24    0    4    9      6286
   48    2    1   15    2   14    0    2    9      2365
   48    2    1   16    2   24    0    4    9      1623
   48    2    1   17    2   30    0    2    9      1616
   48    2    1   18    1    7    2    2    1      9416
   48    2    1   19    1    3    2    2    1      1738
   48    2    1   20    1   12    2    2    1      1414
   48    2    1   21    1    9    1    1    1      2054
   48    2    1   22    1   26    4    4    1      1702
   48    2    1   23    2   10    0    2    9      2355
   48    2    1   24    1   19    3    3    1      2390
   48    2    1   25    2   23    0    4    9      1544
   48    2    1   26    2   27    0    4    9      2220
   48    2    1   27    1   21    3    3    1      2884
   48    2    1   28    2   29    0    3    9     11210
   48    2    1   29    1   15    2    2    1      2566
   48    2    1   30    1   15    2    2    1      1872
   48    2    1   31    2   20    0    3    9      6695
   48    2    1   32    2   32    0    4    9      2293
   48    2    1   33    1   31    4    4    1      1306
   48    2    1   34    2   18    0    3    9      5560
   48    2    1   35    2   14    0    4    9      4075
   48    2    1   36    2   24    0    4    9      7426
   48    2    1   37    1   12    2    2    1      1803
   48    2    1   38    2    5    0    1    9      3645
   48    2    1   39    1    9    1    1    1     11901
   48    2    1   40    1   22    3    3    1      2380
   48    2    1   41    2    8    0    1    9      6350
   48    2    1   42    1   19    3    3    1      4026
   48    2    1   43    1   25    4    3    0     17714
   48    2    1   44    1    6    1    1    1      6345
   48    2    1   45    1    7    2    2    1      1677
   48    2    1   46    2   14    0    2    9      2692
   48    2    1   47    2   14    0    2    9      1418
   48    2    1   48    2   17    0    1    9      1523
   48    2    1   49    2    4    0    1    9      4167
   48    2    1   50    1   31    4    4    1      2290
   48    2    1   51    2   11    0    2    9      2120
   48    2    1   52    1   26    4    4    1      4148
   48    2    2    1    1    6    1    1    1      3527
   48    2    2    2    2   18    0    3    9      3284
   48    2    2    3    2    8    0    2    9      6090
   48    2    2    4    2   30    0    4    9      2329
   48    2    2    5    2   13    0    2    9      4229
   48    2    2    6    2   27    0    4    9      6446
   48    2    2    7    1   26    4    1    0     16462
   48    2    2    8    1   31    4    4    1      1719
   48    2    2    9    2   11    0    2    9      3019
   48    2    2   10    2   24    0    4    9      4379
   48    2    2   11    1   28    4    4    1      1150
   48    2    2   12    1   25    4    3    0      2809
   48    2    2   13    2   17    0    1    9      1866
   48    2    2   14    1   19    3    3    1      4936
   48    2    2   15    1   28    4    4    1      1165
   48    2    2   16    1   15    2    2    1       864
   48    2    2   17    1   22    3    3    1      2527
   48    2    2   18    1   15    2    2    1      1259
   48    2    2   19    1   12    2    2    1      1426
   48    2    2   20    2   10    0    2    9      1667
   48    2    2   21    1    3    2    1    0      1937
   48    2    2   22    1    3    2    2    1      2109
   48    2    2   23    1   21    3    3    1      7682
   48    2    2   24    1    9    1    1    1      4656
   48    2    2   25    2   14    0    2    9      2248
   48    2    2   26    2   20    0    4    9     13839
   48    2    2   27    2   14    0    2    9      3488
   48    2    2   28    1    2    1    1    1      5150
   48    2    2   29    2   14    0    2    9      2035
   48    2    2   30    1   19    3    3    1      3227
   48    2    2   31    1    6    1    1    1      2044
   48    2    2   32    1    2    1    1    1      1771
   48    2    2   33    2   16    0    2    9      1414
   48    2    2   34    2   24    0    4    9      2958
   48    2    2   35    1    9    1    1    1      2426
   48    2    2   36    2   29    0    4    9      3891
   48    2    2   37    1   22    3    3    1      1465
   48    2    2   38    2    4    0    4    9      2431
   48    2    2   39    2   32    0    4    9      3455
   48    2    2   40    2   24    0    3    9      3686
   48    2    2   41    1   26    4    4    1      1812
   48    2    2   42    2   24    0    3    9      1462
   48    2    2   43    1   12    2    2    1      2813
   48    2    2   44    1   31    4    4    1      2102
   48    2    2   45    2   14    0    2    9      2323
   48    2    2   46    2    5    0    1    9      1200
   48    2    2   47    1   21    3    3    1      3576
   48    2    2   48    1    7    2    2    1      5131
   48    2    2   49    2    1    0    1    9      1271
   48    2    2   50    2   23    0    4    9      1910
   48    2    2   51    1    7    2    2    1      1883
   48    2    2   52    1   25    4    4    1      3929
