   55    1    1    1    1    7    2    2    1      2832
   55    1    1    2    1   19    1    2    0      3518
   55    1    1    3    1   21    1    1    1      2739
   55    1    1    4    1   25    2    1    0       983
   55    1    1    5    1   22    1    1    1      3064
   55    1    1    6    1   26    2    2    1      3911
   55    1    1    7    1   12    2    1    0      3309
   55    1    1    8    1   28    2    1    0      3098
   55    1    1    9    1    3    2    2    1      3455
   55    1    1   10    1    9    1    2    0      3063
   55    1    1   11    1    6    1    1    1      1910
   55    1    1   12    1    2    1    2    0      2579
   55    1    1   13    1   31    2    2    1      5086
   55    1    1   14    1   15    2    2    1      2828
   55    1    2    1    1   21    1    2    0      3710
   55    1    2    2    1    2    1    1    1      3828
   55    1    2    3    1   22    1    1    1      3204
   55    1    2    4    1   26    2    2    1      2318
   55    1    2    5    1   15    2    2    1      4018
   55    1    2    6    1   25    2    1    0      4211
   55    1    2    7    1   12    2    2    1      2652
   55    1    2    8    1    9    1    1    1      3148
   55    1    2    9    1    3    2    1    0      2487
   55    1    2   10    1    7    2    2    1      2885
   55    1    2   11    1   31    2    2    1      2955
   55    1    2   12    1   19    1    1    1      2134
   55    1    2   13    1    6    1    1    1      2218
   55    1    2   14    1   28    2    2    1      2178
   55    1    3    1    1    2    1    2    0      4358
   55    1    3    2    1   15    2    1    0      2618
   55    1    3    3    1   21    1    2    0      2018
   55    1    3    4    1   31    2    2    1      2611
   55    1    3    5    1    9    1    1    1      3260
   55    1    3    6    1    7    2    2    1      2899
   55    1    3    7    1    3    2    1    0      3273
   55    1    3    8    1   19    1    2    0      1320
   55    1    3    9    1   26    2    1    0      1757
   55    1    3   10    1   22    1    2    0      1496
   55    1    3   11    1   25    2    1    0      2678
   55    1    3   12    1   12    2    2    1      1045
   55    1    3   13    1    6    1    1    1      1844
   55    1    3   14    1   28    2    2    1      2020
   55    1    4    1    1   28    2    1    0      2498
   55    1    4    2    1   12    2    2    1      1775
   55    1    4    3    1   19    1    2    0      2081
   55    1    4    4    1    9    1    1    1      2439
   55    1    4    5    1    2    1    1    1      2271
   55    1    4    6    1   15    2    2    1      2894
   55    1    4    7    1   22    1    1    1      2299
   55    1    4    8    1    7    2    2    1      2489
   55    1    4    9    1   21    1    1    1      2726
   55    1    4   10    1    6    1    1    1      1555
   55    1    4   11    1   31    2    2    1      2006
   55    1    4   12    1    3    2    2    1      1583
   55    1    4   13    1   26    2    1    0      1849
   55    1    4   14    1   25    2    2    1      1768
   55    1    5    1    1   28    2    2    1      1338
   55    1    5    2    1    6    1    1    1      1453
   55    1    5    3    1   12    2    2    1      1260
   55    1    5    4    1    9    1    2    0      1411
   55    1    5    5    1    3    2    1    0      1628
   55    1    5    6    1   26    2    2    1      1557
   55    1    5    7    1   25    2    2    1      1552
   55    1    5    8    1    7    2    2    1      1195
   55    1    5    9    1   15    2    2    1      1445
   55    1    5   10    1   19    1    2    0      1597
   55    1    5   11    1   22    1    1    1      1630
   55    1    5   12    1   31    2    2    1      1798
   55    1    5   13    1    2    1    1    1      2167
   55    1    5   14    1   21    1    1    1      2858
   55    1    6    1    1   26    2    2    1      1858
   55    1    6    2    1    6    1    1    1      1425
   55    1    6    3    1   12    2    2    1      1979
   55    1    6    4    1   19    1    1    1      1509
   55    1    6    5    1   21    1    2    0      2554
   55    1    6    6    1   28    2    2    1      1838
   55    1    6    7    1    3    2    1    0      1893
   55    1    6    8    1   25    2    2    1      1371
   55    1    6    9    1   22    1    1    1      2077
   55    1    6   10    1   15    2    2    1      1748
   55    1    6   11    1   31    2    2    1       943
   55    1    6   12    1    9    1    2    0      1395
   55    1    6   13    1    2    1    1    1      1573
   55    1    6   14    1    7    2    1    0      2671
   55    1    7    1    1   31    2    2    1      1540
   55    1    7    2    1   26    2    2    1      1384
   55    1    7    3    1   22    1    1    1      1570
   55    1    7    4    1    6    1    1    1      1036
   55    1    7    5    1   12    2    2    1      1108
   55    1    7    6    1    7    2    2    1      1529
   55    1    7    7    1   15    2    2    1      2237
   55    1    7    8    1    2    1    2    0      1613
   55    1    7    9    1    3    2    2    1      1846
   55    1    7   10    1   28    2    2    1      2014
   55    1    7   11    1    9    1    1    1      1862
   55    1    7   12    1   19    1    1    1      1726
   55    1    7   13    1   21    1    2    0      1666
   55    1    7   14    1   25    2    1    0      1681
   55    1    8    1    1    9    1    2    0      1705
   55    1    8    2    1   19    1    1    1      2703
   55    1    8    3    1    2    1    1    1      1588
   55    1    8    4    1   15    2    2    1      1405
   55    1    8    5    1   22    1    1    1      1727
   55    1    8    6    1    7    2    2    1      1771
   55    1    8    7    1   31    2    2    1      1933
   55    1    8    8    1   25    2    1    0      2794
   55    1    8    9    1   21    1    2    0       740
   55    1    8   10    1    6    1    1    1      1559
   55    1    8   11    1   26    2    2    1      2251
   55    1    8   12    1    3    2    1    0      2409
   55    1    8   13    1   28    2    2    1      1787
   55    1    8   14    1   12    2    2    1      1093
   55    1    9    1    1   28    2    2    1      1253
   55    1    9    2    1   19    1    2    0      1803
   55    1    9    3    1   15    2    2    1      2525
   55    1    9    4    1    6    1    1    1      1353
   55    1    9    5    1    2    1    2    0      1988
   55    1    9    6    1    7    2    1    0      1078
   55    1    9    7    1    3    2    2    1      2389
   55    1    9    8    1   31    2    2    1      1703
   55    1    9    9    1   26    2    2    1      3244
   55    1    9   10    1    9    1    1    1      3580
   55    1    9   11    1   12    2    2    1      2294
   55    1    9   12    1   25    2    1    0      2484
   55    1    9   13    1   22    1    1    1      2234
   55    1    9   14    1   21    1    1    1      1625
   55    1   10    1    1   26    2    1    0      1870
   55    1   10    2    1   19    1    1    1      2261
   55    1   10    3    1   15    2    2    1      1660
   55    1   10    4    1   12    2    1    0      2443
   55    1   10    5    1    7    2    2    1      1667
   55    1   10    6    1   21    1    2    0      3434
   55    1   10    7    1   25    2    2    1      1146
   55    1   10    8    1   31    2    2    1      1750
   55    1   10    9    1   28    2    2    1      1489
   55    1   10   10    1    2    1    2    0      2038
   55    1   10   11    1    6    1    1    1       670
   55    1   10   12    1   22    1    1    1      3524
   55    1   10   13    1    9    1    2    0      3441
   55    1   10   14    1    3    2    1    0       737
   55    2    1    1    1   22    1    1    1      1665
   55    2    1    2    2   14    0    1    9      2151
   55    2    1    3    1    3    2    2    1      1770
   55    2    1    4    1   12    2    2    1      2036
   55    2    1    5    1    3    2    1    0      1276
   55    2    1    6    2   16    0    1    9      2114
   55    2    1    7    2   20    0    2    9      1375
   55    2    1    8    1    2    1    1    1      2345
   55    2    1    9    2    8    0    2    9      1085
   55    2    1   10    1   15    2    2    1      2251
   55    2    1   11    1    6    1    1    1      1658
   55    2    1   12    2   27    0    1    9      1825
   55    2    1   13    1   19    1    2    0      2153
   55    2    1   14    2   14    0    2    9      2853
   55    2    1   15    2   24    0    1    9      1436
   55    2    1   16    2   18    0    1    9      2388
   55    2    1   17    1   22    1    1    1      1349
   55    2    1   18    1   26    2    2    1      1145
   55    2    1   19    1   25    2    2    1      1508
   55    2    1   20    2   29    0    2    9      1393
   55    2    1   21    1    7    2    2    1      1459
   55    2    1   22    1    9    1    1    1      2498
   55    2    1   23    2   24    0    2    9      2719
   55    2    1   24    2    4    0    1    9      3836
   55    2    1   25    1   25    2    2    1      1532
   55    2    1   26    2   17    0    1    9      1488
   55    2    1   27    2   24    0    2    9      1189
   55    2    1   28    1   31    2    2    1      1615
   55    2    1   29    1   26    2    2    1      3623
   55    2    1   30    2   23    0    2    9      2600
   55    2    1   31    1   28    2    2    1      1921
   55    2    1   32    2   14    0    2    9      1910
   55    2    1   33    2   32    0    2    9      1803
   55    2    1   34    2   24    0    2    9      1900
   55    2    1   35    2   10    0    2    9      1449
   55    2    1   36    1   15    2    2    1      2824
   55    2    1   37    1   21    1    1    1      2961
   55    2    1   38    1    9    1    1    1      2324
   55    2    1   39    2    5    0    1    9      1296
   55    2    1   40    2    1    0    1    9      1990
   55    2    1   41    2   14    0    1    9      1312
   55    2    1   42    2   13    0    1    9      1909
   55    2    1   43    2   30    0    2    9      1050
   55    2    1   44    1   12    2    2    1      1553
   55    2    1   45    1    7    2    2    1      1420
   55    2    1   46    1    6    1    1    1      1877
   55    2    1   47    1   28    2    2    1      1523
   55    2    1   48    1    2    1    1    1      2880
   55    2    1   49    1   19    1    2    0       950
   55    2    1   50    1   21    1    1    1      1265
   55    2    1   51    1   31    2    2    1      2504
   55    2    1   52    2   11    0    1    9      3093
   55    2    2    1    2   24    0    2    9      1579
   55    2    2    2    1    7    2    2    1      1397
   55    2    2    3    1   15    2    2    1      1790
   55    2    2    4    1   28    2    2    1      1328
   55    2    2    5    1   19    1    2    0      1117
   55    2    2    6    1   22    1    1    1       801
   55    2    2    7    1    3    2    1    0       666
   55    2    2    8    1    6    1    1    1      2337
   55    2    2    9    1   12    2    2    1      1188
   55    2    2   10    1    9    1    1    1       982
   55    2    2   11    2   16    0    1    9      3320
   55    2    2   12    1   25    2    2    1       860
   55    2    2   13    1    6    1    1    1      1163
   55    2    2   14    2   11    0    2    9       718
   55    2    2   15    1   31    2    2    1      1122
   55    2    2   16    2   24    0    1    9       766
   55    2    2   17    2   24    0    1    9      1049
   55    2    2   18    1    7    2    2    1      1440
   55    2    2   19    1   12    2    2    1       895
   55    2    2   20    2   23    0    2    9       765
   55    2    2   21    2   32    0    1    9      1679
   55    2    2   22    2    5    0    2    9      1015
   55    2    2   23    2   14    0    1    9      1951
   55    2    2   24    2   10    0    1    9      1330
   55    2    2   25    2   14    0    2    9       710
   55    2    2   26    1   31    2    2    1      1107
   55    2    2   27    1   21    1    1    1      1472
   55    2    2   28    1   25    2    2    1      1798
   55    2    2   29    1    3    2    2    1      1455
   55    2    2   30    1   26    2    1    0      2798
   55    2    2   31    1   19    1    2    0       976
   55    2    2   32    2   20    0    2    9       746
   55    2    2   33    2   14    0    1    9      1470
   55    2    2   34    1   15    2    2    1       709
   55    2    2   35    2   14    0    2    9      1113
   55    2    2   36    2    8    0    2    9      1166
   55    2    2   37    2   13    0    1    9      1896
   55    2    2   38    2    4    0    2    9       646
   55    2    2   39    1   22    1    2    0       854
   55    2    2   40    2   27    0    2    9       852
   55    2    2   41    2   24    0    1    9       843
   55    2    2   42    1    2    1    2    0      1035
   55    2    2   43    2   30    0    2    9      2683
   55    2    2   44    2   18    0    1    9       961
   55    2    2   45    2   17    0    2    9      1244
   55    2    2   46    1   21    1    1    1       731
   55    2    2   47    1   28    2    2    1       871
   55    2    2   48    1   26    2    2    1      1077
   55    2    2   49    1    9    1    2    0      1500
   55    2    2   50    1    2    1    2    0       962
   55    2    2   51    2    1    0    1    9      1077
   55    2    2   52    2   29    0    1    9      1379
