   10    1    1    1    1   19    3    4    0     10927
   10    1    1    2    1   22    3    2    0      6774
   10    1    1    3    1    3    2    3    0      3072
   10    1    1    4    1   25    4    1    0      5470
   10    1    1    5    1   26    4    4    1      4587
   10    1    1    6    1    7    2    3    0      4357
   10    1    1    7    1    2    1    1    1      8591
   10    1    1    8    1   12    2    3    0      4920
   10    1    1    9    1   31    4    4    1      1931
   10    1    1   10    1   21    3    2    0      1743
   10    1    1   11    1    6    1    3    0      4354
   10    1    1   12    1   28    4    4    1      4620
   10    1    1   13    1   15    2    4    0      1108
   10    1    1   14    1    9    1    2    0      4896
   10    1    2    1    1    9    1    2    0      3231
   10    1    2    2    1   19    3    3    1      3959
   10    1    2    3    1    7    2    3    0      2201
   10    1    2    4    1   21    3    1    0      4106
   10    1    2    5    1   25    4    3    0       559
   10    1    2    6    1    6    1    2    0     13024
   10    1    2    7    1   31    4    3    0      1616
   10    1    2    8    1    2    1    3    0      1608
   10    1    2    9    1   15    2    4    0      1632
   10    1    2   10    1   12    2    3    0      2231
   10    1    2   11    1   28    4    1    0      1190
   10    1    2   12    1    3    2    4    0      1999
   10    1    2   13    1   22    3    2    0      1464
   10    1    2   14    1   26    4    2    0      1237
   10    1    3    1    1   21    3    2    0      6028
   10    1    3    2    1   22    3    3    1      1556
   10    1    3    3    1   25    4    3    0       583
   10    1    3    4    1    7    2    1    0      2664
   10    1    3    5    1   28    4    4    1      1110
   10    1    3    6    1    9    1    3    0      3978
   10    1    3    7    1    2    1    2    0      2420
   10    1    3    8    1   19    3    3    1      1388
   10    1    3    9    1   31    4    3    0       790
   10    1    3   10    1    6    1    1    1      2015
   10    1    3   11    1   26    4    2    0      1486
   10    1    3   12    1   12    2    3    0      2267
   10    1    3   13    1    3    2    1    0      2136
   10    1    3   14    1   15    2    4    0      1916
   10    1    4    1    1    2    1    2    0      3416
   10    1    4    2    1   19    3    4    0      1384
   10    1    4    3    1   12    2    3    0      1369
   10    1    4    4    1   15    2    2    1      1595
   10    1    4    5    1   28    4    4    1      2236
   10    1    4    6    1   22    3    1    0      1859
   10    1    4    7    1   21    3    3    1      3154
   10    1    4    8    1   31    4    2    0      2148
   10    1    4    9    1    3    2    1    0      1814
   10    1    4   10    1    9    1    4    0      1654
   10    1    4   11    1   26    4    3    0      1965
   10    1    4   12    1   25    4    4    1      4679
   10    1    4   13    1    7    2    2    1      3437
   10    1    4   14    1    6    1    2    0       580
   10    1    5    1    1   19    3    2    0      2470
   10    1    5    2    1    7    2    4    0      2748
   10    1    5    3    1    2    1    2    0       455
   10    1    5    4    1   31    4    3    0     12413
   10    1    5    5    1   28    4    4    1      1109
   10    1    5    6    1   22    3    1    0      1594
   10    1    5    7    1   26    4    2    0      1363
   10    1    5    8    1   25    4    4    1      3796
   10    1    5    9    1   21    3    4    0       573
   10    1    5   10    1   15    2    2    1      3310
   10    1    5   11    1    3    2    2    1       843
   10    1    5   12    1    9    1    3    0      2090
   10    1    5   13    1    6    1    3    0      1856
   10    1    5   14    1   12    2    2    1      9358
   10    1    6    1    1   21    3    1    0      2891
   10    1    6    2    1   25    4    3    0      1825
   10    1    6    3    1   31    4    2    0      2337
   10    1    6    4    1    6    1    3    0      4220
   10    1    6    5    1    7    2    1    0       684
   10    1    6    6    1   26    4    4    1      1049
   10    1    6    7    1   15    2    2    1      1968
   10    1    6    8    1    2    1    2    0       754
   10    1    6    9    1   12    2    2    1      2492
   10    1    6   10    1    9    1    1    1      5098
   10    1    6   11    1   19    3    2    0      2478
   10    1    6   12    1   28    4    4    1      1300
   10    1    6   13    1    3    2    2    1      1617
   10    1    6   14    1   22    3    3    1      2433
   10    1    7    1    1   15    2    3    0      7026
   10    1    7    2    1    3    2    2    1       674
   10    1    7    3    1    9    1    1    1       904
   10    1    7    4    1   22    3    4    0      1268
   10    1    7    5    1   28    4    3    0      1578
   10    1    7    6    1   26    4    2    0      1764
   10    1    7    7    1    6    1    4    0      2310
   10    1    7    8    1   19    3    2    0      1315
   10    1    7    9    1   12    2    2    1      5014
   10    1    7   10    1    7    2    2    1       863
   10    1    7   11    1    2    1    1    1       781
   10    1    7   12    1   25    4    4    1       718
   10    1    7   13    1   21    3    3    1      6754
   10    1    7   14    1   31    4    2    0      3060
   10    1    8    1    1   22    3    1    0      4264
   10    1    8    2    1   31    4    2    0      1414
   10    1    8    3    1   12    2    4    0       854
   10    1    8    4    1   19    3    3    1      2428
   10    1    8    5    1   21    3    4    0      1564
   10    1    8    6    1    6    1    2    0      1271
   10    1    8    7    1   26    4    2    0       444
   10    1    8    8    1    9    1    1    1      1636
   10    1    8    9    1   25    4    3    0      1683
   10    1    8   10    1   28    4    4    1      3000
   10    1    8   11    1    2    1    2    0      2193
   10    1    8   12    1    3    2    2    1      1730
   10    1    8   13    1   15    2    2    1       621
   10    1    8   14    1    7    2    3    0      2629
   10    1    9    1    1   19    3    3    1      2498
   10    1    9    2    1   15    2    2    1      5422
   10    1    9    3    1    7    2    2    1      2374
   10    1    9    4    1   12    2    2    1       424
   10    1    9    5    1    9    1    4    0      3400
   10    1    9    6    1    2    1    2    0      3081
   10    1    9    7    1   26    4    4    1      1654
   10    1    9    8    1   25    4    4    1       869
   10    1    9    9    1   22    3    3    1      1970
   10    1    9   10    1   28    4    1    0      2772
   10    1    9   11    1    6    1    2    0      2014
   10    1    9   12    1   31    4    3    0      1461
   10    1    9   13    1    3    2    1    0      4164
   10    1    9   14    1   21    3    1    0      1062
   10    1   10    1    1    6    1    3    0      1633
   10    1   10    2    1   21    3    4    0       888
   10    1   10    3    1   15    2    2    1      1117
   10    1   10    4    1   22    3    2    0       785
   10    1   10    5    1   25    4    1    0       858
   10    1   10    6    1    3    2    3    0      8113
   10    1   10    7    1    7    2    2    1      1845
   10    1   10    8    1   19    3    3    1      1132
   10    1   10    9    1   26    4    1    0      1695
   10    1   10   10    1   28    4    4    1       677
   10    1   10   11    1   12    2    1    0      1786
   10    1   10   12    1   31    4    3    0      1116
   10    1   10   13    1    2    1    2    0      1096
   10    1   10   14    1    9    1    4    0      1109
   10    2    1    1    1   28    4    4    1      5318
   10    2    1    2    1   21    3    4    0      1409
   10    2    1    3    2   23    0    2    9      5514
   10    2    1    4    2   24    0    4    9      3485
   10    2    1    5    1    6    1    1    1      1971
   10    2    1    6    1   31    4    4    1      4660
   10    2    1    7    2   29    0    3    9      1835
   10    2    1    8    1   19    3    2    0      6642
   10    2    1    9    1   25    4    1    0      2522
   10    2    1   10    1   22    3    4    0      4405
   10    2    1   11    1    7    2    2    1       949
   10    2    1   12    1    2    1    2    0       610
   10    2    1   13    2   18    0    4    9      3082
   10    2    1   14    1   28    4    4    1      2414
   10    2    1   15    2   30    0    4    9       752
   10    2    1   16    1   19    3    4    0       626
   10    2    1   17    2   24    0    4    9       826
   10    2    1   18    1    6    1    2    0       986
   10    2    1   19    1    9    1    2    0      1236
   10    2    1   20    2   24    0    4    9      1555
   10    2    1   21    1    3    2    2    1      1142
   10    2    1   22    2   13    0    2    9       649
   10    2    1   23    1   21    3    3    1      1056
   10    2    1   24    2   10    0    2    9      2038
   10    2    1   25    2   24    0    3    9      1285
   10    2    1   26    2   16    0    2    9      1203
   10    2    1   27    2   20    0    4    9      4483
   10    2    1   28    1   31    4    4    1      1808
   10    2    1   29    1    2    1    1    1      1530
   10    2    1   30    2    8    0    2    9      1341
   10    2    1   31    1   26    4    3    0       968
   10    2    1   32    1   15    2    2    1      2242
   10    2    1   33    2   32    0    4    9      1226
   10    2    1   34    2    4    0    2    9      3881
   10    2    1   35    2    5    0    1    9       927
   10    2    1   36    2   11    0    2    9      1099
   10    2    1   37    1    7    2    2    1       591
   10    2    1   38    2   14    0    2    9      1625
   10    2    1   39    1   25    4    3    0      2073
   10    2    1   40    2   17    0    4    9      7206
   10    2    1   41    1   12    2    2    1      5703
   10    2    1   42    1   15    2    2    1       948
   10    2    1   43    2   14    0    1    9      3502
   10    2    1   44    1   26    4    3    0      4003
   10    2    1   45    1   22    3    4    0       723
   10    2    1   46    2    1    0    1    9       759
   10    2    1   47    2   14    0    1    9      8042
   10    2    1   48    2   14    0    1    9      1225
   10    2    1   49    1   12    2    2    1       841
   10    2    1   50    2   27    0    4    9      1800
   10    2    1   51    1    9    1    1    1      1921
   10    2    1   52    1    3    2    2    1      2293
   10    2    2    1    1    6    1    2    0       906
   10    2    2    2    2   29    0    4    9      1447
   10    2    2    3    1    6    1    2    0      4701
   10    2    2    4    2   14    0    1    9       850
   10    2    2    5    1   26    4    3    0      1345
   10    2    2    6    2   10    0    2    9      1244
   10    2    2    7    1    9    1    1    1      1419
   10    2    2    8    1   26    4    3    0      1587
   10    2    2    9    2    5    0    1    9      1397
   10    2    2   10    2   20    0    2    9      2557
   10    2    2   11    2   14    0    4    9      1655
   10    2    2   12    2    1    0    1    9      1030
   10    2    2   13    2   24    0    2    9      1901
   10    2    2   14    2   16    0    4    9       769
   10    2    2   15    1   19    3    3    1      2979
   10    2    2   16    2   24    0    3    9       605
   10    2    2   17    2   14    0    2    9      1509
   10    2    2   18    1    7    2    2    1       858
   10    2    2   19    1   12    2    2    1       905
   10    2    2   20    1   28    4    2    0       517
   10    2    2   21    1    7    2    2    1       737
   10    2    2   22    1   21    3    1    0       980
   10    2    2   23    1    3    2    2    1      2462
   10    2    2   24    1    9    1    3    0      2764
   10    2    2   25    1   31    4    4    1      2478
   10    2    2   26    1   22    3    2    0      1852
   10    2    2   27    1   12    2    3    0      1715
   10    2    2   28    2    8    0    2    9       431
   10    2    2   29    1    2    1    2    0      1150
   10    2    2   30    2   18    0    1    9       560
   10    2    2   31    1   15    2    2    1      1947
   10    2    2   32    2   24    0    3    9      1310
   10    2    2   33    1    3    2    2    1      3258
   10    2    2   34    2    4    0    2    9       681
   10    2    2   35    2   24    0    3    9      1502
   10    2    2   36    1   25    4    1    0      1251
   10    2    2   37    2   17    0    1    9      4130
   10    2    2   38    1   15    2    2    1      2205
   10    2    2   39    2   30    0    3    9      1493
   10    2    2   40    1   19    3    3    1      2747
   10    2    2   41    2   23    0    3    9       622
   10    2    2   42    1   31    4    3    0       694
   10    2    2   43    2   14    0    2    9      6123
   10    2    2   44    2   11    0    2    9      1047
   10    2    2   45    1   25    4    1    0       734
   10    2    2   46    2   13    0    1    9       657
   10    2    2   47    1    2    1    2    0      1144
   10    2    2   48    1   21    3    4    0      1019
   10    2    2   49    2   32    0    3    9      1427
   10    2    2   50    1   22    3    1    0      1547
   10    2    2   51    2   27    0    4    9      1437
   10    2    2   52    1   28    4    3    0      1589
