   21    1    1    1    1   12    2    2    1      7916
   21    1    1    2    1   25    3    1    0      1189
   21    1    1    3    1   23    4    3    0      8750
   21    1    1    4    1   28    4    2    0      5033
   21    1    1    5    1    9    1    3    0      4472
   21    1    1    6    1   15    2    3    0      2830
   21    1    1    7    1    2    1    4    0      4277
   21    1    1    8    1    7    2    2    1      2211
   21    1    1    9    1   22    3    3    1      7436
   21    1    1   10    1   19    4    2    0      1683
   21    1    1   11    1   31    4    2    0      5529
   21    1    1   12    1    3    2    2    1      5764
   21    1    1   13    1    6    1    3    0      4222
   21    1    1   14    1   18    3    3    1      3774
   21    1    2    1    1   19    4    3    0      2819
   21    1    2    2    1    9    1    1    1      2379
   21    1    2    3    1   15    2    3    0      1933
   21    1    2    4    1   23    4    3    0      3561
   21    1    2    5    1   28    4    1    0      3204
   21    1    2    6    1    3    2    2    1      2012
   21    1    2    7    1    7    2    1    0     16205
   21    1    2    8    1   25    3    1    0      2830
   21    1    2    9    1    6    1    3    0      6085
   21    1    2   10    1   18    3    3    1     10442
   21    1    2   11    1   31    4    2    0     11722
   21    1    2   12    1    2    1    2    0      4014
   21    1    2   13    1   12    2    4    0      2535
   21    1    2   14    1   22    3    2    0      5818
   21    1    3    1    1    6    1    1    1      4816
   21    1    3    2    1   28    4    3    0      6768
   21    1    3    3    1   12    2    1    0      2122
   21    1    3    4    1   18    3    1    0      3711
   21    1    3    5    1   19    4    4    1      3940
   21    1    3    6    1   15    2    4    0      4071
   21    1    3    7    1   25    3    4    0      2989
   21    1    3    8    1   23    4    2    0      6798
   21    1    3    9    1    2    1    1    1      3687
   21    1    3   10    1    9    1    3    0      2437
   21    1    3   11    1   31    4    4    1      3132
   21    1    3   12    1    3    2    4    0      5215
   21    1    3   13    1   22    3    3    1      4104
   21    1    3   14    1    7    2    4    0      4933
   21    1    4    1    1   22    3    1    0      4483
   21    1    4    2    1   25    3    4    0      7607
   21    1    4    3    1    9    1    4    0      1714
   21    1    4    4    1   31    4    1    0      2262
   21    1    4    5    1    3    2    2    1      5957
   21    1    4    6    1    7    2    3    0      3191
   21    1    4    7    1   15    2    2    1      1345
   21    1    4    8    1   28    4    4    1      1548
   21    1    4    9    1   12    2    4    0      1327
   21    1    4   10    1    2    1    3    0      5651
   21    1    4   11    1   19    4    1    0      2458
   21    1    4   12    1    6    1    1    1      4033
   21    1    4   13    1   23    4    3    0      2704
   21    1    4   14    1   18    3    2    0      1612
   21    1    5    1    1   19    4    2    0      7631
   21    1    5    2    1   23    4    4    1      3079
   21    1    5    3    1   25    3    4    0      2637
   21    1    5    4    1    3    2    1    0      2029
   21    1    5    5    1    2    1    2    0      6101
   21    1    5    6    1   22    3    3    1      2939
   21    1    5    7    1   18    3    2    0      5671
   21    1    5    8    1    9    1    4    0      4141
   21    1    5    9    1   31    4    1    0      3713
   21    1    5   10    1   15    2    3    0     17477
   21    1    5   11    1   28    4    4    1      3411
   21    1    5   12    1    6    1    1    1      5644
   21    1    5   13    1    7    2    1    0      4540
   21    1    5   14    1   12    2    4    0      2927
   21    1    6    1    1   23    4    2    0      6652
   21    1    6    2    1   25    3    1    0      2491
   21    1    6    3    1   19    4    2    0     17136
   21    1    6    4    1   12    2    4    0      9227
   21    1    6    5    1    2    1    3    0      2692
   21    1    6    6    1   31    4    2    0      5393
   21    1    6    7    1   22    3    1    0      2084
   21    1    6    8    1    3    2    4    0      2170
   21    1    6    9    1    7    2    3    0      2892
   21    1    6   10    1    9    1    3    0      3266
   21    1    6   11    1    6    1    2    0      9880
   21    1    6   12    1   18    3    2    0      8422
   21    1    6   13    1   15    2    1    0      5743
   21    1    6   14    1   28    4    4    1      5474
   21    1    7    1    1   15    2    4    0      3499
   21    1    7    2    1    6    1    1    1      9240
   21    1    7    3    1   18    3    3    1      5464
   21    1    7    4    1    9    1    2    0      3822
   21    1    7    5    1   28    4    2    0      3774
   21    1    7    6    1   25    3    2    0      3489
   21    1    7    7    1    7    2    4    0      5855
   21    1    7    8    1   22    3    3    1      2910
   21    1    7    9    1   12    2    4    0      1964
   21    1    7   10    1   23    4    3    0      5734
   21    1    7   11    1   31    4    2    0      2522
   21    1    7   12    1    2    1    2    0      4975
   21    1    7   13    1   19    4    3    0     14449
   21    1    7   14    1    3    2    3    0      3880
   21    1    8    1    1    2    1    2    0      4400
   21    1    8    2    1   18    3    2    0      1625
   21    1    8    3    1   22    3    2    0      5426
   21    1    8    4    1   15    2    4    0      2643
   21    1    8    5    1    3    2    4    0      3827
   21    1    8    6    1   23    4    2    0      2771
   21    1    8    7    1   25    3    1    0      4190
   21    1    8    8    1   31    4    4    1      2272
   21    1    8    9    1   28    4    4    1      2742
   21    1    8   10    1    6    1    2    0      2234
   21    1    8   11    1   19    4    2    0      6698
   21    1    8   12    1    9    1    4    0      1928
   21    1    8   13    1   12    2    4    0      2212
   21    1    8   14    1    7    2    2    1      1589
   21    1    9    1    1   12    2    1    0      1209
   21    1    9    2    1   23    4    3    0      1522
   21    1    9    3    1   31    4    2    0      3070
   21    1    9    4    1   18    3    1    0      2253
   21    1    9    5    1    2    1    1    1      2700
   21    1    9    6    1    9    1    3    0      2529
   21    1    9    7    1   25    3    1    0      3045
   21    1    9    8    1   22    3    2    0      2693
   21    1    9    9    1    6    1    2    0      7891
   21    1    9   10    1    3    2    3    0      4033
   21    1    9   11    1    7    2    4    0      1977
   21    1    9   12    1   19    4    3    0      2291
   21    1    9   13    1   28    4    4    1      2993
   21    1    9   14    1   15    2    2    1      2346
   21    1   10    1    1    6    1    2    0      4124
   21    1   10    2    1   19    4    3    0      2897
   21    1   10    3    1    3    2    3    0      2630
   21    1   10    4    1   23    4    3    0      1590
   21    1   10    5    1   15    2    2    1      8464
   21    1   10    6    1   18    3    3    1      3055
   21    1   10    7    1   25    3    4    0      2950
   21    1   10    8    1    7    2    2    1      3593
   21    1   10    9    1   12    2    3    0      3835
   21    1   10   10    1    9    1    4    0      1931
   21    1   10   11    1    2    1    3    0      3175
   21    1   10   12    1   31    4    4    1      3618
   21    1   10   13    1   22    3    2    0      3331
   21    1   10   14    1   28    4    4    1      3063
   21    2    1    1    1   31    4    4    1      2212
   21    2    1    2    2    5    0    1    9      4923
   21    2    1    3    1   12    2    2    1      2855
   21    2    1    4    1   15    2    3    0      2582
   21    2    1    5    2   27    0    4    9      2831
   21    2    1    6    2   14    0    2    9      2735
   21    2    1    7    2   24    0    3    9      5938
   21    2    1    8    1   12    2    2    1      2709
   21    2    1    9    1   23    4    4    1      3114
   21    2    1   10    1   19    4    2    0      5294
   21    2    1   11    2   20    0    4    9      3131
   21    2    1   12    2   26    0    1    9      2782
   21    2    1   13    2   30    0    1    9      2192
   21    2    1   14    1    9    1    1    1      3465
   21    2    1   15    1   15    2    2    1      2927
   21    2    1   16    2   10    0    2    9      3531
   21    2    1   17    2   30    0    3    9      3102
   21    2    1   18    1   18    3    3    1      4419
   21    2    1   19    2   14    0    2    9      4083
   21    2    1   20    1    2    1    1    1      3232
   21    2    1   21    1    3    2    2    1      2112
   21    2    1   22    2   29    0    3    9      2092
   21    2    1   23    2   11    0    2    9      2122
   21    2    1   24    2   16    0    2    9      2102
   21    2    1   25    1   19    4    3    0      4690
   21    2    1   26    1    7    2    2    1      1928
   21    2    1   27    2   32    0    4    9      1884
   21    2    1   28    1    9    1    1    1      1905
   21    2    1   29    1   28    4    4    1      1878
   21    2    1   30    2   14    0    2    9      2588
   21    2    1   31    2    8    0    2    9      2181
   21    2    1   32    2   30    0    3    9      2190
   21    2    1   33    1   31    4    4    1      2232
   21    2    1   34    1   22    3    3    1      3231
   21    2    1   35    1    3    2    2    1      1774
   21    2    1   36    2    4    0    4    9      2072
   21    2    1   37    1   25    3    3    1      3094
   21    2    1   38    2   17    0    3    9      2283
   21    2    1   39    2    1    0    1    9      2001
   21    2    1   40    1   23    4    4    1      2257
   21    2    1   41    1   18    3    3    1      1816
   21    2    1   42    1   25    3    3    1      1840
   21    2    1   43    2   14    0    2    9      4711
   21    2    1   44    1    6    1    1    1      2476
   21    2    1   45    1    7    2    2    1      2298
   21    2    1   46    2   21    0    3    9      2335
   21    2    1   47    1   22    3    3    1      1474
   21    2    1   48    2   13    0    1    9      1416
   21    2    1   49    1    2    1    2    0      1440
   21    2    1   50    1    6    1    1    1      4023
   21    2    1   51    2   30    0    3    9      2887
   21    2    1   52    1   28    4    4    1      1268
   21    2    2    1    1   15    2    2    1      2562
   21    2    2    2    2   30    0    3    9      2349
   21    2    2    3    2    4    0    2    9      1744
   21    2    2    4    1   28    4    4    1      2187
   21    2    2    5    2   16    0    2    9      2948
   21    2    2    6    2   13    0    1    9      1071
   21    2    2    7    1   23    4    4    1      2901
   21    2    2    8    2   30    0    3    9      2114
   21    2    2    9    2   20    0    4    9      1854
   21    2    2   10    2   21    0    3    9      1605
   21    2    2   11    2   30    0    3    9      1733
   21    2    2   12    2   14    0    1    9      2080
   21    2    2   13    1   19    4    3    0      2206
   21    2    2   14    2   24    0    4    9       854
   21    2    2   15    1    3    2    2    1      2357
   21    2    2   16    2   14    0    1    9      2184
   21    2    2   17    1   12    2    2    1      2033
   21    2    2   18    1   18    3    3    1      1936
   21    2    2   19    2   32    0    4    9      1444
   21    2    2   20    1   22    3    3    1      1195
   21    2    2   21    1   28    4    4    1      1228
   21    2    2   22    1   31    4    4    1      1964
   21    2    2   23    1   18    3    3    1      1454
   21    2    2   24    1    6    1    1    1      1973
   21    2    2   25    2   27    0    4    9      2839
   21    2    2   26    1    9    1    1    1      1334
   21    2    2   27    1   22    3    3    1      1506
   21    2    2   28    1   12    2    2    1      1606
   21    2    2   29    2   10    0    1    9      1879
   21    2    2   30    2    5    0    1    9      1133
   21    2    2   31    1    2    1    1    1      1696
   21    2    2   32    1    6    1    1    1      1757
   21    2    2   33    2   14    0    1    9      1512
   21    2    2   34    2   29    0    3    9      6780
   21    2    2   35    1   31    4    4    1      1581
   21    2    2   36    1   23    4    4    1      1455
   21    2    2   37    2   14    0    1    9      3861
   21    2    2   38    1    2    1    1    1      1468
   21    2    2   39    2   11    0    2    9      2434
   21    2    2   40    2   30    0    3    9      1489
   21    2    2   41    2   17    0    3    9      1367
   21    2    2   42    2    8    0    2    9      2017
   21    2    2   43    1    7    2    2    1       993
   21    2    2   44    2   26    0    3    9      1770
   21    2    2   45    1    3    2    2    1      1652
   21    2    2   46    1   19    4    4    1      1971
   21    2    2   47    1   25    3    3    1      1109
   21    2    2   48    1    9    1    1    1      1913
   21    2    2   49    1    7    2    2    1      1549
   21    2    2   50    2    1    0    1    9      1856
   21    2    2   51    1   25    3    3    1      1414
   21    2    2   52    1   15    2    2    1      1950
