    4    1    1    1    1   22    1    1    1      8664
    4    1    1    2    1    6    1    2    0      3496
    4    1    1    3    1    9    1    1    1      3189
    4    1    1    4    1   28    2    2    1      2440
    4    1    1    5    1   15    2    1    0      2919
    4    1    1    6    1   31    2    2    1      2380
    4    1    1    7    1   19    1    2    0      2263
    4    1    1    8    1    3    2    1    0      1758
    4    1    1    9    1   21    1    1    1      4161
    4    1    1   10    1   26    2    1    0      3101
    4    1    1   11    1    7    2    1    0      3778
    4    1    1   12    1   25    2    1    0      2941
    4    1    1   13    1    2    1    1    1      1609
    4    1    1   14    1   12    2    2    1      1234
    4    1    2    1    1    3    2    2    1      3490
    4    1    2    2    1    9    1    2    0      8784
    4    1    2    3    1   31    2    2    1      3723
    4    1    2    4    1   26    2    2    1      2096
    4    1    2    5    1   15    2    2    1      1046
    4    1    2    6    1   28    2    2    1      1205
    4    1    2    7    1   22    1    1    1      1038
    4    1    2    8    1    7    2    2    1      4087
    4    1    2    9    1   21    1    1    1      1693
    4    1    2   10    1   12    2    2    1      1091
    4    1    2   11    1   25    2    2    1      1753
    4    1    2   12    1   19    1    2    0      3580
    4    1    2   13    1    6    1    1    1      1806
    4    1    2   14    1    2    1    1    1      1408
    4    1    3    1    1    9    1    2    0      1226
    4    1    3    2    1   19    1    2    0      4331
    4    1    3    3    1    2    1    1    1      1159
    4    1    3    4    1   21    1    1    1       682
    4    1    3    5    1   31    2    2    1      3704
    4    1    3    6    1   22    1    1    1      2725
    4    1    3    7    1    3    2    1    0       905
    4    1    3    8    1    7    2    2    1      2127
    4    1    3    9    1   15    2    2    1      1067
    4    1    3   10    1    6    1    1    1      1601
    4    1    3   11    1   12    2    2    1      1931
    4    1    3   12    1   28    2    2    1      1190
    4    1    3   13    1   26    2    2    1      2048
    4    1    3   14    1   25    2    2    1      2823
    4    1    4    1    1   22    1    1    1      1637
    4    1    4    2    1   15    2    2    1      1053
    4    1    4    3    1    3    2    2    1      2044
    4    1    4    4    1    2    1    1    1      1324
    4    1    4    5    1    7    2    2    1      1608
    4    1    4    6    1    9    1    1    1       681
    4    1    4    7    1   26    2    1    0      1759
    4    1    4    8    1   19    1    2    0      1587
    4    1    4    9    1    6    1    1    1      5876
    4    1    4   10    1   31    2    2    1      1675
    4    1    4   11    1   12    2    2    1      2890
    4    1    4   12    1   28    2    2    1      1184
    4    1    4   13    1   25    2    1    0      1186
    4    1    4   14    1   21    1    1    1      1507
    4    1    5    1    1    6    1    1    1      2787
    4    1    5    2    1   12    2    2    1      5390
    4    1    5    3    1    7    2    1    0      3456
    4    1    5    4    1    9    1    2    0       911
    4    1    5    5    1   28    2    2    1      2812
    4    1    5    6    1    2    1    1    1      1166
    4    1    5    7    1   22    1    2    0      1048
    4    1    5    8    1    3    2    1    0      2023
    4    1    5    9    1   19    1    2    0      2056
    4    1    5   10    1   31    2    2    1       967
    4    1    5   11    1   25    2    1    0      1361
    4    1    5   12    1   15    2    2    1      2749
    4    1    5   13    1   21    1    1    1       672
    4    1    5   14    1   26    2    1    0      1550
    4    1    6    1    1   26    2    1    0      1791
    4    1    6    2    1    9    1    2    0      1865
    4    1    6    3    1    2    1    1    1      1904
    4    1    6    4    1   15    2    2    1      1821
    4    1    6    5    1    6    1    1    1      2821
    4    1    6    6    1   21    1    1    1      1334
    4    1    6    7    1   31    2    2    1      1530
    4    1    6    8    1   28    2    2    1      1926
    4    1    6    9    1   12    2    2    1      1867
    4    1    6   10    1   22    1    1    1      1297
    4    1    6   11    1   19    1    2    0      3670
    4    1    6   12    1    7    2    2    1      2781
    4    1    6   13    1   25    2    2    1      1880
    4    1    6   14    1    3    2    1    0      3558
    4    1    7    1    1    7    2    2    1      6215
    4    1    7    2    1    6    1    1    1      1712
    4    1    7    3    1   22    1    1    1      2197
    4    1    7    4    1   21    1    1    1      9334
    4    1    7    5    1    9    1    2    0      9259
    4    1    7    6    1    2    1    1    1      2484
    4    1    7    7    1   15    2    2    1      1786
    4    1    7    8    1   26    2    2    1      3940
    4    1    7    9    1   25    2    1    0      1648
    4    1    7   10    1   12    2    2    1      1511
    4    1    7   11    1   31    2    2    1      1060
    4    1    7   12    1   19    1    1    1      1979
    4    1    7   13    1    3    2    2    1       990
    4    1    7   14    1   28    2    2    1      4496
    4    1    8    1    1   28    2    2    1      1377
    4    1    8    2    1   19    1    1    1      2244
    4    1    8    3    1   31    2    2    1      2107
    4    1    8    4    1   15    2    2    1      1041
    4    1    8    5    1    2    1    1    1      2512
    4    1    8    6    1    7    2    2    1      4021
    4    1    8    7    1   26    2    2    1      5846
    4    1    8    8    1   22    1    1    1      1134
    4    1    8    9    1   25    2    2    1      2994
    4    1    8   10    1   21    1    1    1      1292
    4    1    8   11    1    3    2    2    1      4683
    4    1    8   12    1    9    1    2    0      3465
    4    1    8   13    1   12    2    2    1      3239
    4    1    8   14    1    6    1    1    1      1312
    4    1    9    1    1   25    2    2    1      2469
    4    1    9    2    1    9    1    2    0      2980
    4    1    9    3    1   28    2    2    1      4310
    4    1    9    4    1    3    2    2    1      6196
    4    1    9    5    1    2    1    1    1      1262
    4    1    9    6    1   15    2    2    1      1485
    4    1    9    7    1   19    1    2    0      2556
    4    1    9    8    1    7    2    2    1      2279
    4    1    9    9    1   12    2    2    1       950
    4    1    9   10    1   26    2    1    0      2672
    4    1    9   11    1   22    1    1    1      3359
    4    1    9   12    1   31    2    2    1      1418
    4    1    9   13    1   21    1    1    1      1579
    4    1    9   14    1    6    1    1    1      2589
    4    1   10    1    1   19    1    1    1      4074
    4    1   10    2    1    3    2    2    1       921
    4    1   10    3    1    9    1    2    0      1325
    4    1   10    4    1    2    1    1    1      5345
    4    1   10    5    1   28    2    2    1      1238
    4    1   10    6    1   22    1    1    1      5989
    4    1   10    7    1   15    2    2    1      2176
    4    1   10    8    1   21    1    1    1      1746
    4    1   10    9    1   25    2    1    0      3782
    4    1   10   10    1   26    2    2    1      1544
    4    1   10   11    1    6    1    1    1      1196
    4    1   10   12    1   31    2    2    1      1109
    4    1   10   13    1    7    2    1    0      2547
    4    1   10   14    1   12    2    2    1       966
    4    2    1    1    2   24    0    2    9      4733
    4    2    1    2    1   21    1    1    1      7025
    4    2    1    3    1    3    2    2    1      5139
    4    2    1    4    2   13    0    2    9      3871
    4    2    1    5    2    4    0    2    9     12101
    4    2    1    6    1   19    1    1    1      2884
    4    2    1    7    1   25    2    2    1      2994
    4    2    1    8    2   29    0    2    9      2924
    4    2    1    9    2   14    0    2    9      6913
    4    2    1   10    1   28    2    2    1      6310
    4    2    1   11    2   24    0    2    9      2708
    4    2    1   12    1   26    2    1    0      1601
    4    2    1   13    2   16    0    2    9      1858
    4    2    1   14    2   24    0    2    9      1673
    4    2    1   15    2   18    0    1    9      2279
    4    2    1   16    1   25    2    1    0      2526
    4    2    1   17    2   20    0    2    9      2491
    4    2    1   18    2   14    0    2    9      1818
    4    2    1   19    1    7    2    2    1      1794
    4    2    1   20    2   23    0    2    9      1197
    4    2    1   21    2   14    0    2    9      2926
    4    2    1   22    2   14    0    2    9      1930
    4    2    1   23    1   19    1    1    1      1502
    4    2    1   24    1   22    1    1    1      4059
    4    2    1   25    2   27    0    2    9      3667
    4    2    1   26    2    1    0    1    9      1313
    4    2    1   27    2    8    0    2    9      4294
    4    2    1   28    1    3    2    1    0      1420
    4    2    1   29    1    9    1    2    0      4485
    4    2    1   30    1   21    1    1    1      2131
    4    2    1   31    2   32    0    2    9      1087
    4    2    1   32    2   11    0    2    9      2260
    4    2    1   33    1    2    1    1    1      1540
    4    2    1   34    1    9    1    1    1      1287
    4    2    1   35    1   12    2    2    1      1477
    4    2    1   36    1   28    2    2    1      1196
    4    2    1   37    1   15    2    2    1      1733
    4    2    1   38    1    6    1    1    1      1849
    4    2    1   39    1   22    1    1    1      2192
    4    2    1   40    1    6    1    1    1      1043
    4    2    1   41    1   31    2    2    1      1162
    4    2    1   42    1   31    2    2    1      1093
    4    2    1   43    1   26    2    2    1      2275
    4    2    1   44    2   17    0    1    9      2050
    4    2    1   45    2   10    0    2    9      2001
    4    2    1   46    1    7    2    2    1      1683
    4    2    1   47    1    2    1    1    1      1232
    4    2    1   48    2   24    0    2    9      1416
    4    2    1   49    1   12    2    2    1      1400
    4    2    1   50    2    5    0    1    9      2178
    4    2    1   51    2   30    0    2    9      1588
    4    2    1   52    1   15    2    2    1      2295
    4    2    2    1    1   25    2    1    0      2053
    4    2    2    2    1   12    2    2    1      1700
    4    2    2    3    2   13    0    2    9      3753
    4    2    2    4    1   21    1    1    1      1772
    4    2    2    5    1    2    1    1    1      1831
    4    2    2    6    1    9    1    2    0      1679
    4    2    2    7    1   15    2    2    1      1757
    4    2    2    8    1   28    2    2    1      1800
    4    2    2    9    1   19    1    1    1      3825
    4    2    2   10    1   28    2    2    1      1106
    4    2    2   11    2    1    0    1    9      1087
    4    2    2   12    2    8    0    2    9      1765
    4    2    2   13    1   15    2    2    1      1343
    4    2    2   14    2   24    0    2    9      1747
    4    2    2   15    2   24    0    2    9      1446
    4    2    2   16    2   24    0    2    9      1742
    4    2    2   17    2   14    0    2    9      2225
    4    2    2   18    2    4    0    1    9      1482
    4    2    2   19    2   14    0    2    9      1968
    4    2    2   20    1    6    1    1    1      2218
    4    2    2   21    2   14    0    2    9      1547
    4    2    2   22    2   30    0    2    9      2254
    4    2    2   23    1   22    1    1    1      2013
    4    2    2   24    1    7    2    2    1      2222
    4    2    2   25    2   11    0    2    9      1358
    4    2    2   26    1   22    1    1    1      1305
    4    2    2   27    2    5    0    1    9      3310
    4    2    2   28    1   19    1    2    0      1500
    4    2    2   29    2   10    0    2    9      1881
    4    2    2   30    1   25    2    1    0      1359
    4    2    2   31    2   16    0    2    9      2338
    4    2    2   32    2   27    0    2    9      1582
    4    2    2   33    2   17    0    1    9      1289
    4    2    2   34    1    6    1    1    1       926
    4    2    2   35    1    7    2    2    1      1915
    4    2    2   36    1   12    2    2    1      2776
    4    2    2   37    2   32    0    2    9      1626
    4    2    2   38    1   21    1    1    1      2323
    4    2    2   39    2   20    0    2    9      1455
    4    2    2   40    1   26    2    1    0      1774
    4    2    2   41    1    3    2    1    0      1273
    4    2    2   42    1   31    2    2    1      1391
    4    2    2   43    1   26    2    2    1      2457
    4    2    2   44    1   31    2    2    1      2160
    4    2    2   45    2   14    0    2    9      1563
    4    2    2   46    2   24    0    2    9       734
    4    2    2   47    2   23    0    2    9      1889
    4    2    2   48    1    3    2    1    0      1431
    4    2    2   49    1    2    1    1    1      1623
    4    2    2   50    2   18    0    1    9      1207
    4    2    2   51    2   29    0    2    9      1960
    4    2    2   52    1    9    1    1    1      2572
