    2    1    1    1    1    9    2    1    0      3923
    2    1    1    2    1   15    2    3    0      2595
    2    1    1    3    1   21    3    2    0      7444
    2    1    1    4    1   28    4    3    0      1987
    2    1    1    5    1   10    2    2    1      6428
    2    1    1    6    1   25    4    4    1      4908
    2    1    1    7    1   19    3    3    1      3065
    2    1    1    8    1   22    3    2    0      3215
    2    1    1    9    1    6    1    3    0      9942
    2    1    1   10    1    5    1    2    0      3714
    2    1    1   11    1   12    2    2    1      3334
    2    1    1   12    1   31    4    2    0      6273
    2    1    1   13    1    3    1    1    1      6143
    2    1    1   14    1   26    4    4    1      9178
    2    1    2    1    1    3    1    3    0      3907
    2    1    2    2    1   26    4    3    0      2976
    2    1    2    3    1    5    1    2    0      3906
    2    1    2    4    1   28    4    1    0      2334
    2    1    2    5    1   22    3    4    0      6297
    2    1    2    6    1   10    2    1    0      2646
    2    1    2    7    1   21    3    4    0      6917
    2    1    2    8    1    6    1    4    0      3673
    2    1    2    9    1   25    4    1    0     17294
    2    1    2   10    1   19    3    4    0      6260
    2    1    2   11    1   12    2    2    1      2946
    2    1    2   12    1    9    2    4    0      4333
    2    1    2   13    1   15    2    3    0      3624
    2    1    2   14    1   31    4    3    0      2832
    2    1    3    1    1   19    3    4    0      7892
    2    1    3    2    1   25    4    1    0     19520
    2    1    3    3    1    6    1    2    0      7372
    2    1    3    4    1   12    2    1    0      3470
    2    1    3    5    1   22    3    4    0     12156
    2    1    3    6    1   31    4    3    0     24846
    2    1    3    7    1    9    2    3    0      3125
    2    1    3    8    1   10    2    3    0      1905
    2    1    3    9    1   15    2    3    0      1662
    2    1    3   10    1    5    1    2    0      1156
    2    1    3   11    1   26    4    2    0      2238
    2    1    3   12    1   28    4    4    1      2702
    2    1    3   13    1    3    1    1    1      2403
    2    1    3   14    1   21    3    2    0      3155
    2    1    4    1    1    3    1    1    1      3379
    2    1    4    2    1   10    2    3    0      7533
    2    1    4    3    1    9    2    2    1      3352
    2    1    4    4    1   12    2    2    1      3410
    2    1    4    5    1   19    3    1    0      2460
    2    1    4    6    1   15    2    4    0     16258
    2    1    4    7    1   26    4    2    0     15664
    2    1    4    8    1   25    4    3    0      6758
    2    1    4    9    1   22    3    1    0      7153
    2    1    4   10    1   28    4    1    0      8795
    2    1    4   11    1    5    1    1    1      3156
    2    1    4   12    1    6    1    1    1       567
    2    1    4   13    1   31    4    4    1      2769
    2    1    4   14    1   21    3    3    1      2611
    2    1    5    1    1   10    2    3    0      2235
    2    1    5    2    1   12    2    2    1      2010
    2    1    5    3    1   31    4    4    1      1659
    2    1    5    4    1    3    1    1    1      1881
    2    1    5    5    1   22    3    2    0      1422
    2    1    5    6    1    6    1    3    0      2559
    2    1    5    7    1   28    4    3    0      1809
    2    1    5    8    1    5    1    2    0      3330
    2    1    5    9    1   26    4    3    0      4053
    2    1    5   10    1   15    2    4    0      1899
    2    1    5   11    1    9    2    1    0      5944
    2    1    5   12    1   25    4    2    0      3491
    2    1    5   13    1   21    3    2    0      1792
    2    1    5   14    1   19    3    1    0      6738
    2    1    6    1    1   25    4    1    0      1873
    2    1    6    2    1    6    1    1    1      2479
    2    1    6    3    1    9    2    3    0      2413
    2    1    6    4    1   21    3    3    1      2004
    2    1    6    5    1    3    1    1    1      2149
    2    1    6    6    1   12    2    4    0      2832
    2    1    6    7    1    5    1    1    1      1447
    2    1    6    8    1   15    2    4    0      1934
    2    1    6    9    1   22    3    2    0      1705
    2    1    6   10    1   26    4    3    0      2398
    2    1    6   11    1   31    4    3    0      5414
    2    1    6   12    1   28    4    4    1      5414
    2    1    6   13    1   10    2    3    0      2558
    2    1    6   14    1   19    3    1    0      2624
    2    1    7    1    1    5    1    1    1      1394
    2    1    7    2    1    9    2    2    1      4780
    2    1    7    3    1   15    2    4    0      1901
    2    1    7    4    1    3    1    1    1      1369
    2    1    7    5    1   31    4    4    1      1651
    2    1    7    6    1   25    4    3    0      2754
    2    1    7    7    1    6    1    2    0      4780
    2    1    7    8    1   21    3    2    0      2422
    2    1    7    9    1   19    3    3    1      2109
    2    1    7   10    1   12    2    4    0      6153
    2    1    7   11    1   26    4    3    0      2221
    2    1    7   12    1   22    3    3    1      4061
    2    1    7   13    1   10    2    3    0      3596
    2    1    7   14    1   28    4    4    1      2004
    2    1    8    1    1   22    3    3    1      2666
    2    1    8    2    1   25    4    1    0      1008
    2    1    8    3    1   21    3    1    0      1842
    2    1    8    4    1   15    2    4    0      2929
    2    1    8    5    1   26    4    4    1      2259
    2    1    8    6    1   31    4    3    0      2379
    2    1    8    7    1   10    2    1    0      2165
    2    1    8    8    1   28    4    3    0      2263
    2    1    8    9    1    5    1    1    1      1333
    2    1    8   10    1   19    3    2    0      1600
    2    1    8   11    1    6    1    2    0      3385
    2    1    8   12    1   12    2    4    0      1322
    2    1    8   13    1    9    2    1    0      1326
    2    1    8   14    1    3    1    3    0      1714
    2    1    9    1    1   10    2    3    0      2650
    2    1    9    2    1   25    4    1    0      1497
    2    1    9    3    1   26    4    1    0      3269
    2    1    9    4    1    5    1    1    1      1275
    2    1    9    5    1    9    2    2    1      1785
    2    1    9    6    1   19    3    3    1      3347
    2    1    9    7    1    3    1    3    0      1549
    2    1    9    8    1    6    1    1    1      5143
    2    1    9    9    1   31    4    4    1     13290
    2    1    9   10    1   21    3    2    0      2519
    2    1    9   11    1   22    3    2    0      4524
    2    1    9   12    1   15    2    4    0      2655
    2    1    9   13    1   12    2    3    0      5166
    2    1    9   14    1   28    4    4    1      1800
    2    1   10    1    1   10    2    3    0      3127
    2    1   10    2    1   19    3    3    1      5331
    2    1   10    3    1    5    1    1    1      1342
    2    1   10    4    1   15    2    4    0      1706
    2    1   10    5    1   12    2    3    0      2591
    2    1   10    6    1   31    4    4    1      1568
    2    1   10    7    1   22    3    2    0      2418
    2    1   10    8    1    9    2    1    0      1754
    2    1   10    9    1   28    4    2    0      4780
    2    1   10   10    1   21    3    3    1      4405
    2    1   10   11    1    3    1    1    1      5318
    2    1   10   12    1   26    4    3    0      2034
    2    1   10   13    1    6    1    3    0      3657
    2    1   10   14    1   25    4    4    1      2320
    2    2    1    1    2   32    0    4    9      2850
    2    2    1    2    2   23    0    3    9      4591
    2    2    1    3    1   19    3    3    1      8041
    2    2    1    4    1   31    4    4    1      2504
    2    2    1    5    2   27    0    4    9      1812
    2    2    1    6    2    8    0    3    9      3165
    2    2    1    7    1   28    4    3    0      2896
    2    2    1    8    2   18    0    1    9      2989
    2    2    1    9    1   12    2    3    0      3302
    2    2    1   10    1   15    2    4    0      1491
    2    2    1   11    2   30    0    4    9      2232
    2    2    1   12    1    3    1    1    1      1231
    2    2    1   13    1   10    2    1    0      1615
    2    2    1   14    2   13    0    4    9      1839
    2    2    1   15    2   11    0    3    9      1590
    2    2    1   16    1    5    1    1    1      1351
    2    2    1   17    1    3    1    3    0      2274
    2    2    1   18    1    9    2    4    0      1720
    2    2    1   19    1   25    4    4    1      1380
    2    2    1   20    2   16    0    2    9      3757
    2    2    1   21    1    5    1    1    1      1672
    2    2    1   22    1   22    3    3    1      2085
    2    2    1   23    2    4    0    1    9      1587
    2    2    1   24    1   15    2    4    0      1380
    2    2    1   25    2   24    0    2    9      1421
    2    2    1   26    1    6    1    2    0      1557
    2    2    1   27    1   26    4    2    0      1176
    2    2    1   28    2    2    0    1    9      1306
    2    2    1   29    1   25    4    1    0      1174
    2    2    1   30    1   10    2    3    0      1544
    2    2    1   31    1   31    4    4    1      1148
    2    2    1   32    2    7    0    3    9      1790
    2    2    1   33    2   20    0    3    9      1688
    2    2    1   34    1   28    4    4    1      1941
    2    2    1   35    1   21    3    1    0      1544
    2    2    1   36    2   24    0    4    9      4219
    2    2    1   37    2   24    0    4    9       435
    2    2    1   38    1   21    3    1    0       931
    2    2    1   39    2   17    0    3    9      1006
    2    2    1   40    2    8    0    4    9      1255
    2    2    1   41    1    6    1    1    1      1253
    2    2    1   42    2    1    0    1    9       708
    2    2    1   43    2   24    0    3    9      1337
    2    2    1   44    1   19    3    3    1      1908
    2    2    1   45    2    8    0    2    9      1336
    2    2    1   46    1   22    3    2    0       948
    2    2    1   47    2   14    0    1    9      1806
    2    2    1   48    1    9    2    1    0       887
    2    2    1   49    2   29    0    2    9      1124
    2    2    1   50    2    8    0    4    9      1688
    2    2    1   51    1   12    2    1    0      1237
    2    2    1   52    1   26    4    1    0      1733
    2    2    2    1    1   31    4    1    0      1264
    2    2    2    2    1   25    4    1    0       926
    2    2    2    3    1   28    4    2    0       714
    2    2    2    4    1   10    2    1    0       990
    2    2    2    5    1   19    3    4    0       679
    2    2    2    6    2   30    0    2    9      1837
    2    2    2    7    2   24    0    3    9      1268
    2    2    2    8    1    9    2    1    0      1058
    2    2    2    9    2   24    0    3    9      1193
    2    2    2   10    1   26    4    2    0      1178
    2    2    2   11    1   22    3    4    0      1180
    2    2    2   12    2   18    0    3    9      1117
    2    2    2   13    1   12    2    4    0      1185
    2    2    2   14    1   21    3    1    0      1235
    2    2    2   15    2    1    0    3    9      1506
    2    2    2   16    1   12    2    4    0      1478
    2    2    2   17    1   10    2    1    0      1613
    2    2    2   18    1    9    2    1    0      2061
    2    2    2   19    2    7    0    3    9      2124
    2    2    2   20    2   32    0    3    9       760
    2    2    2   21    1    3    1    4    0      3018
    2    2    2   22    2    2    0    1    9      1058
    2    2    2   23    1   19    3    1    0      1305
    2    2    2   24    1   31    4    3    0      1061
    2    2    2   25    2   17    0    1    9      1180
    2    2    2   26    2   24    0    4    9      1565
    2    2    2   27    1   15    2    1    0       527
    2    2    2   28    2   27    0    1    9       811
    2    2    2   29    1    3    1    3    0      1068
    2    2    2   30    2   16    0    4    9      1138
    2    2    2   31    2   24    0    3    9      1381
    2    2    2   32    2    8    0    3    9       735
    2    2    2   33    1   25    4    1    0       770
    2    2    2   34    2   11    0    4    9       820
    2    2    2   35    1   28    4    4    1       643
    2    2    2   36    1   15    2    1    0      2219
    2    2    2   37    2   20    0    4    9      2275
    2    2    2   38    1   26    4    4    1       905
    2    2    2   39    1    5    1    1    1       934
    2    2    2   40    2    8    0    4    9      1185
    2    2    2   41    2   14    0    4    9      1250
    2    2    2   42    2    4    0    4    9       736
    2    2    2   43    1    6    1    4    0       836
    2    2    2   44    1    5    1    1    1      1667
    2    2    2   45    2    8    0    1    9       353
    2    2    2   46    2   23    0    3    9       740
    2    2    2   47    1   21    3    1    0       823
    2    2    2   48    2   13    0    4    9       567
    2    2    2   49    1   22    3    3    1      1089
    2    2    2   50    2    8    0    2    9      1350
    2    2    2   51    2   29    0    1    9       753
    2    2    2   52    1    6    1    3    0       899
