   16    1    1    1    1    3    2    1    0      2670
   16    1    1    2    1    6    1    2    0      2497
   16    1    1    3    1   26    4    3    0      3638
   16    1    1    4    1    9    1    3    0      4253
   16    1    1    5    1   25    4    2    0      2139
   16    1    1    6    1   28    4    4    1      4702
   16    1    1    7    1   19    3    1    0      4195
   16    1    1    8    1    7    2    2    1      2612
   16    1    1    9    1   22    3    1    0      2301
   16    1    1   10    1   12    2    4    0      2009
   16    1    1   11    1   21    3    2    0      8658
   16    1    1   12    1    2    1    1    1      2352
   16    1    1   13    1   15    2    4    0      2323
   16    1    1   14    1   31    4    2    0      2190
   16    1    2    1    1   12    2    3    0      5125
   16    1    2    2    1    3    2    1    0      5217
   16    1    2    3    1   25    4    4    1      1769
   16    1    2    4    1    6    1    1    1      1635
   16    1    2    5    1   22    3    3    1       930
   16    1    2    6    1   19    3    3    1      1374
   16    1    2    7    1   28    4    4    1       664
   16    1    2    8    1   15    2    1    0      1118
   16    1    2    9    1   26    4    4    1      2842
   16    1    2   10    1    7    2    1    0      3897
   16    1    2   11    1    9    1    2    0      2005
   16    1    2   12    1   31    4    4    1      1486
   16    1    2   13    1   21    3    3    1      1203
   16    1    2   14    1    2    1    2    0      2020
   16    1    3    1    1   26    4    3    0      1704
   16    1    3    2    1    3    2    1    0      1421
   16    1    3    3    1   21    3    3    1      3260
   16    1    3    4    1   19    3    3    1      1739
   16    1    3    5    1   15    2    2    1      1894
   16    1    3    6    1    7    2    1    0      1403
   16    1    3    7    1    6    1    2    0      2220
   16    1    3    8    1    2    1    1    1      1500
   16    1    3    9    1   12    2    2    1      1328
   16    1    3   10    1   31    4    4    1      1885
   16    1    3   11    1   28    4    4    1      1778
   16    1    3   12    1    9    1    1    1      3787
   16    1    3   13    1   22    3    3    1      1716
   16    1    3   14    1   25    4    4    1      2896
   16    1    4    1    1   19    3    3    1      2077
   16    1    4    2    1   28    4    4    1       811
   16    1    4    3    1    7    2    2    1      1595
   16    1    4    4    1   25    4    4    1      2060
   16    1    4    5    1    9    1    1    1      2347
   16    1    4    6    1    2    1    2    0      3662
   16    1    4    7    1   12    2    2    1      1476
   16    1    4    8    1   31    4    4    1      1434
   16    1    4    9    1   26    4    4    1      2193
   16    1    4   10    1   21    3    3    1       955
   16    1    4   11    1    3    2    1    0      2389
   16    1    4   12    1   15    2    2    1      1662
   16    1    4   13    1    6    1    1    1      1421
   16    1    4   14    1   22    3    3    1      1636
   16    1    5    1    1   28    4    4    1      1653
   16    1    5    2    1   22    3    3    1      1332
   16    1    5    3    1   25    4    3    0      1055
   16    1    5    4    1   15    2    2    1      3661
   16    1    5    5    1   26    4    4    1      2364
   16    1    5    6    1    6    1    1    1      1518
   16    1    5    7    1   19    3    3    1      3458
   16    1    5    8    1    2    1    1    1      2440
   16    1    5    9    1   31    4    4    1      2712
   16    1    5   10    1    3    2    2    1      2316
   16    1    5   11    1    7    2    2    1      1824
   16    1    5   12    1   21    3    3    1      1768
   16    1    5   13    1   12    2    2    1      1586
   16    1    5   14    1    9    1    1    1      1460
   16    1    6    1    1   26    4    4    1      5435
   16    1    6    2    1    3    2    2    1      2018
   16    1    6    3    1   21    3    3    1      2178
   16    1    6    4    1   22    3    3    1      1612
   16    1    6    5    1    9    1    1    1      2476
   16    1    6    6    1   25    4    4    1      1738
   16    1    6    7    1    7    2    2    1      1942
   16    1    6    8    1   15    2    2    1      2569
   16    1    6    9    1    2    1    1    1      2051
   16    1    6   10    1   28    4    4    1      3729
   16    1    6   11    1    6    1    1    1      1853
   16    1    6   12    1   19    3    3    1      2051
   16    1    6   13    1   31    4    4    1      2978
   16    1    6   14    1   12    2    2    1      2028
   16    1    7    1    1   22    3    3    1      4772
   16    1    7    2    1   25    4    4    1      1302
   16    1    7    3    1    2    1    1    1      1459
   16    1    7    4    1   12    2    2    1      1050
   16    1    7    5    1   15    2    2    1      1184
   16    1    7    6    1    6    1    1    1       881
   16    1    7    7    1   31    4    4    1      1455
   16    1    7    8    1    9    1    1    1      2917
   16    1    7    9    1    7    2    2    1      1041
   16    1    7   10    1   28    4    4    1      1129
   16    1    7   11    1   26    4    4    1      1468
   16    1    7   12    1   19    3    3    1      1187
   16    1    7   13    1    3    2    2    1      2724
   16    1    7   14    1   21    3    3    1      1560
   16    1    8    1    1   26    4    4    1      3586
   16    1    8    2    1   28    4    4    1       852
   16    1    8    3    1    7    2    2    1      2307
   16    1    8    4    1   21    3    3    1      1479
   16    1    8    5    1   25    4    4    1      1197
   16    1    8    6    1   22    3    3    1      3229
   16    1    8    7    1    3    2    2    1      1373
   16    1    8    8    1   12    2    2    1      1190
   16    1    8    9    1    9    1    1    1       936
   16    1    8   10    1    6    1    1    1      1123
   16    1    8   11    1   19    3    3    1      2199
   16    1    8   12    1    2    1    1    1      1455
   16    1    8   13    1   15    2    2    1      4966
   16    1    8   14    1   31    4    4    1      1184
   16    2    1    1    2   16    0    2    9      3665
   16    2    1    2    2   24    0    3    9      4158
   16    2    1    3    1    3    2    2    1      2488
   16    2    1    4    1   22    3    3    1      5622
   16    2    1    5    1   28    4    4    1      1766
   16    2    1    6    2   14    0    1    9      3168
   16    2    1    7    1   31    4    4    1      2210
   16    2    1    8    2   13    0    1    9      1642
   16    2    1    9    1   15    2    2    1      1977
   16    2    1   10    2   20    0    3    9      2795
   16    2    1   11    2    5    0    1    9      3741
   16    2    1   12    1   25    4    4    1      2792
   16    2    1   13    1    6    1    1    1      2329
   16    2    1   14    2   24    0    3    9      1948
   16    2    1   15    1   22    3    3    1      1663
   16    2    1   16    2   14    0    1    9      1805
   16    2    1   17    1    3    2    2    1      1590
   16    2    1   18    1    2    1    1    1      1527
   16    2    1   19    2   10    0    1    9      3035
   16    2    1   20    2   24    0    3    9      1633
   16    2    1   21    2   23    0    3    9      2402
   16    2    1   22    1   26    4    4    1      3299
   16    2    1   23    2   29    0    4    9      1775
   16    2    1   24    1   25    4    4    1      1337
   16    2    1   25    2   18    0    3    9      1188
   16    2    1   26    1   31    4    4    1      1270
   16    2    1   27    2   14    0    1    9      1588
   16    2    1   28    1    2    1    1    1      1605
   16    2    1   29    1   21    3    3    1      2326
   16    2    1   30    1   28    4    4    1      1626
   16    2    1   31    2   27    0    4    9      1721
   16    2    1   32    1   12    2    2    1      1413
   16    2    1   33    2   30    0    4    9      1661
   16    2    1   34    1    9    1    1    1      1612
   16    2    1   35    1    7    2    2    1      1628
   16    2    1   36    1    6    1    1    1      1693
   16    2    1   37    1    7    2    2    1      1050
   16    2    1   38    2    1    0    1    9      1137
   16    2    1   39    2   24    0    4    9      1476
   16    2    1   40    2   11    0    2    9      4442
   16    2    1   41    1   12    2    2    1      1753
   16    2    1   42    1   19    3    3    1      2084
   16    2    1   43    2    4    0    2    9      1441
   16    2    1   44    1   26    4    4    1      3928
   16    2    1   45    1   15    2    2    1      2012
   16    2    1   46    1   19    3    3    1      3389
   16    2    1   47    2   17    0    3    9      1286
   16    2    1   48    1   21    3    3    1      4147
   16    2    1   49    2    8    0    2    9      1406
   16    2    1   50    1    9    1    1    1      1558
   16    2    1   51    2   14    0    1    9      1561
   16    2    1   52    2   32    0    4    9      3243
   16    2    2    1    2   14    0    1    9     13258
   16    2    2    2    2   24    0    3    9      2665
   16    2    2    3    1    6    1    1    1      6351
   16    2    2    4    1   15    2    2    1      1634
   16    2    2    5    2   24    0    3    9      2865
   16    2    2    6    1   19    3    3    1      1007
   16    2    2    7    1   15    2    2    1      1335
   16    2    2    8    2    1    0    1    9      5107
   16    2    2    9    1   25    4    4    1      3111
   16    2    2   10    2   10    0    1    9      1708
   16    2    2   11    1   22    3    3    1      2488
   16    2    2   12    1   28    4    4    1      1558
   16    2    2   13    1   28    4    4    1      1320
   16    2    2   14    1    2    1    1    1      3204
   16    2    2   15    2   23    0    3    9      1333
   16    2    2   16    1   25    4    4    1      1856
   16    2    2   17    2    8    0    2    9      1991
   16    2    2   18    2   24    0    3    9      2072
   16    2    2   19    1   12    2    2    1      5414
   16    2    2   20    2    4    0    2    9      1182
   16    2    2   21    1    2    1    1    1      1023
   16    2    2   22    1    7    2    2    1      1079
   16    2    2   23    2   18    0    3    9      1373
   16    2    2   24    2   11    0    2    9      1287
   16    2    2   25    2   16    0    2    9      1012
   16    2    2   26    1    7    2    2    1      1037
   16    2    2   27    1    3    2    2    1      1380
   16    2    2   28    1   31    4    4    1      1453
   16    2    2   29    1   26    4    4    1      1268
   16    2    2   30    1   22    3    3    1      1122
   16    2    2   31    1   21    3    3    1      1318
   16    2    2   32    1    6    1    1    1      1538
   16    2    2   33    2   14    0    1    9      1605
   16    2    2   34    2   32    0    4    9      1958
   16    2    2   35    2   24    0    3    9      1993
   16    2    2   36    1   26    4    4    1      1226
   16    2    2   37    2   13    0    1    9      1114
   16    2    2   38    1   12    2    2    1      1054
   16    2    2   39    2   14    0    1    9       916
   16    2    2   40    1    9    1    1    1       816
   16    2    2   41    1   31    4    4    1      1376
   16    2    2   42    2   29    0    4    9      2315
   16    2    2   43    2   20    0    3    9      2111
   16    2    2   44    1    3    2    2    1      2523
   16    2    2   45    2    5    0    1    9      2295
   16    2    2   46    1    9    1    1    1      1884
   16    2    2   47    2   30    0    4    9      5954
   16    2    2   48    1   21    3    3    1      3428
   16    2    2   49    2   17    0    3    9      1116
   16    2    2   50    1   19    3    3    1      1424
   16    2    2   51    2   14    0    1    9      4776
   16    2    2   52    2   27    0    4    9      1466
