   18    1    1    1    1   25    4    1    0      8870
   18    1    1    2    1   22    3    3    1      6976
   18    1    1    3    1   31    4    2    0      7626
   18    1    1    4    1   21    3    4    0      6098
   18    1    1    5    1   28    4    4    1      8214
   18    1    1    6    1    2    1    2    0      7310
   18    1    1    7    1    7    2    3    0      3859
   18    1    1    8    1    6    1    1    1      8529
   18    1    1    9    1   12    2    4    0      2701
   18    1    1   10    1   15    2    3    0      8344
   18    1    1   11    1   26    4    3    0     10483
   18    1    1   12    1   19    3    3    1      7416
   18    1    1   13    1    3    2    3    0      2832
   18    1    1   14    1    9    1    1    1     14375
   18    1    2    1    1   19    3    4    0      8118
   18    1    2    2    1    7    2    4    0     11626
   18    1    2    3    1   22    3    2    0      6913
   18    1    2    4    1   31    4    3    0      7957
   18    1    2    5    1    9    1    2    0      5968
   18    1    2    6    1    6    1    2    0      2858
   18    1    2    7    1   12    2    1    0      4768
   18    1    2    8    1   15    2    2    1      8426
   18    1    2    9    1   21    3    1    0     12778
   18    1    2   10    1   28    4    3    0      5572
   18    1    2   11    1   25    4    3    0      4094
   18    1    2   12    1    2    1    2    0     17154
   18    1    2   13    1    3    2    1    0      3261
   18    1    2   14    1   26    4    3    0     11571
   18    1    3    1    1   19    3    4    0      8862
   18    1    3    2    1   25    4    3    0      6501
   18    1    3    3    1    6    1    2    0      2217
   18    1    3    4    1    9    1    2    0      2874
   18    1    3    5    1   31    4    2    0      8591
   18    1    3    6    1   15    2    4    0      3328
   18    1    3    7    1    2    1    1    1      5652
   18    1    3    8    1    3    2    1    0      4083
   18    1    3    9    1   26    4    4    1      3784
   18    1    3   10    1    7    2    4    0      6145
   18    1    3   11    1   21    3    3    1      2789
   18    1    3   12    1   28    4    4    1      2645
   18    1    3   13    1   12    2    2    1      3004
   18    1    3   14    1   22    3    1    0      4021
   18    1    4    1    1   21    3    1    0     17974
   18    1    4    2    1   31    4    4    1      3152
   18    1    4    3    1    7    2    2    1      2547
   18    1    4    4    1   25    4    3    0      1614
   18    1    4    5    1   15    2    2    1      3174
   18    1    4    6    1   19    3    4    0      6615
   18    1    4    7    1   26    4    3    0      3687
   18    1    4    8    1    6    1    2    0      1725
   18    1    4    9    1   12    2    2    1      1697
   18    1    4   10    1   22    3    4    0      2621
   18    1    4   11    1   28    4    4    1       941
   18    1    4   12    1    9    1    1    1      3160
   18    1    4   13    1    2    1    2    0      1659
   18    1    4   14    1    3    2    3    0      3681
   18    1    5    1    1   26    4    3    0      7094
   18    1    5    2    1   19    3    3    1      4372
   18    1    5    3    1   28    4    4    1      2854
   18    1    5    4    1    6    1    3    0      2020
   18    1    5    5    1   12    2    2    1      1596
   18    1    5    6    1   25    4    3    0      7069
   18    1    5    7    1    9    1    2    0      2986
   18    1    5    8    1    2    1    2    0      1979
   18    1    5    9    1    7    2    2    1      2677
   18    1    5   10    1   31    4    3    0      2443
   18    1    5   11    1   15    2    2    1      1682
   18    1    5   12    1   21    3    3    1      3199
   18    1    5   13    1    3    2    1    0      2064
   18    1    5   14    1   22    3    3    1      1958
   18    1    6    1    1   26    4    4    1      5021
   18    1    6    2    1   25    4    3    0      1829
   18    1    6    3    1   15    2    2    1      3477
   18    1    6    4    1    3    2    1    0      2283
   18    1    6    5    1    9    1    1    1      2088
   18    1    6    6    1    7    2    2    1      2678
   18    1    6    7    1    2    1    2    0      1595
   18    1    6    8    1   21    3    4    0      3173
   18    1    6    9    1   28    4    4    1       959
   18    1    6   10    1   12    2    2    1      1401
   18    1    6   11    1   19    3    4    0      2482
   18    1    6   12    1   22    3    3    1      1303
   18    1    6   13    1    6    1    1    1      1220
   18    1    6   14    1   31    4    4    1      1812
   18    1    7    1    1    9    1    1    1      6559
   18    1    7    2    1   25    4    3    0      1401
   18    1    7    3    1   26    4    3    0      1418
   18    1    7    4    1   12    2    2    1      2202
   18    1    7    5    1    6    1    1    1      2850
   18    1    7    6    1   22    3    4    0      3121
   18    1    7    7    1   21    3    3    1      2317
   18    1    7    8    1    7    2    2    1      1681
   18    1    7    9    1   15    2    2    1      4878
   18    1    7   10    1   19    3    4    0      7532
   18    1    7   11    1   31    4    3    0      5655
   18    1    7   12    1   28    4    4    1       910
   18    1    7   13    1    2    1    2    0      1642
   18    1    7   14    1    3    2    2    1      2466
   18    1    8    1    1   28    4    4    1     14067
   18    1    8    2    1   31    4    4    1      1282
   18    1    8    3    1   26    4    3    0      1199
   18    1    8    4    1    9    1    1    1      4440
   18    1    8    5    1    3    2    2    1      3927
   18    1    8    6    1    7    2    1    0      5963
   18    1    8    7    1    2    1    2    0      1317
   18    1    8    8    1   25    4    3    0      3801
   18    1    8    9    1   19    3    3    1      1065
   18    1    8   10    1   15    2    2    1      3103
   18    1    8   11    1    6    1    2    0      1460
   18    1    8   12    1   22    3    4    0      2946
   18    1    8   13    1   12    2    2    1     12629
   18    1    8   14    1   21    3    3    1      9277
   18    1    9    1    1   28    4    4    1      7748
   18    1    9    2    1    7    2    2    1      4926
   18    1    9    3    1   21    3    3    1      3530
   18    1    9    4    1   26    4    4    1      5517
   18    1    9    5    1    3    2    1    0      6929
   18    1    9    6    1   22    3    3    1      3477
   18    1    9    7    1   25    4    3    0      5771
   18    1    9    8    1    2    1    2    0      3149
   18    1    9    9    1    6    1    2    0      2535
   18    1    9   10    1   31    4    3    0      3051
   18    1    9   11    1   12    2    2    1      2713
   18    1    9   12    1   19    3    1    0      7133
   18    1    9   13    1    9    1    2    0      6008
   18    1    9   14    1   15    2    2    1       897
   18    1   10    1    1   31    4    4    1     25856
   18    1   10    2    1    3    2    2    1      8230
   18    1   10    3    1   26    4    4    1      5389
   18    1   10    4    1    7    2    1    0      6231
   18    1   10    5    1   25    4    4    1      8550
   18    1   10    6    1    9    1    2    0      3105
   18    1   10    7    1   15    2    1    0      2861
   18    1   10    8    1    6    1    1    1      2228
   18    1   10    9    1   12    2    2    1      5244
   18    1   10   10    1   21    3    4    0      4923
   18    1   10   11    1   22    3    3    1      1263
   18    1   10   12    1   19    3    4    0      1213
   18    1   10   13    1    2    1    1    1      8021
   18    1   10   14    1   28    4    4    1      3141
   18    2    1    1    1   31    4    4    1      9247
   18    2    1    2    2   29    0    3    9      3806
   18    2    1    3    1   28    4    4    1      4726
   18    2    1    4    2   10    0    2    9      6602
   18    2    1    5    1   12    2    1    0      1282
   18    2    1    6    2   30    0    3    9      3408
   18    2    1    7    2   24    0    4    9      1880
   18    2    1    8    1    2    1    2    0      8013
   18    2    1    9    1    9    1    1    1       957
   18    2    1   10    1   19    3    3    1      1960
   18    2    1   11    2   24    0    4    9      2379
   18    2    1   12    2   20    0    4    9      1677
   18    2    1   13    2   18    0    3    9      2027
   18    2    1   14    2   14    0    2    9      8506
   18    2    1   15    2    1    0    1    9       807
   18    2    1   16    1   31    4    3    0      1704
   18    2    1   17    1    3    2    2    1      4884
   18    2    1   18    2   24    0    4    9      1905
   18    2    1   19    1   28    4    4    1      1830
   18    2    1   20    1   21    3    3    1      2349
   18    2    1   21    2   13    0    2    9      1856
   18    2    1   22    1    7    2    2    1      2118
   18    2    1   23    2   14    0    1    9      1331
   18    2    1   24    1   15    2    2    1      2990
   18    2    1   25    1   26    4    3    0      4167
   18    2    1   26    2   17    0    3    9       785
   18    2    1   27    2    5    0    2    9      1474
   18    2    1   28    1   25    4    4    1      1352
   18    2    1   29    2   16    0    2    9      5267
   18    2    1   30    2    8    0    2    9       913
   18    2    1   31    1   25    4    4    1      1692
   18    2    1   32    1   22    3    4    0      2186
   18    2    1   33    2   27    0    4    9      1251
   18    2    1   34    1   19    3    4    0      1746
   18    2    1   35    1   26    4    3    0      1645
   18    2    1   36    1    9    1    2    0      1356
   18    2    1   37    1    6    1    2    0       775
   18    2    1   38    1   22    3    3    1      1625
   18    2    1   39    1   12    2    4    0      7033
   18    2    1   40    1    7    2    2    1      2128
   18    2    1   41    1    3    2    2    1       972
   18    2    1   42    1    6    1    1    1       806
   18    2    1   43    1   15    2    1    0      1079
   18    2    1   44    2   23    0    3    9      3228
   18    2    1   45    2   32    0    4    9      3148
   18    2    1   46    2   14    0    2    9      1967
   18    2    1   47    1   21    3    3    1      3073
   18    2    1   48    2    4    0    2    9      1815
   18    2    1   49    2   11    0    2    9      1935
   18    2    1   50    1    2    1    2    0      1346
   18    2    1   51    2   14    0    2    9       749
   18    2    1   52    2   24    0    4    9      2927
   18    2    2    1    2   18    0    3    9       731
   18    2    2    2    1   22    3    3    1       767
   18    2    2    3    2    4    0    2    9      1329
   18    2    2    4    1   31    4    3    0      3708
   18    2    2    5    2   29    0    3    9      1529
   18    2    2    6    1    9    1    2    0       972
   18    2    2    7    1    7    2    2    1       727
   18    2    2    8    2   24    0    4    9      1083
   18    2    2    9    2   11    0    2    9      1953
   18    2    2   10    1   31    4    2    0       756
   18    2    2   11    2   14    0    1    9      3302
   18    2    2   12    2   10    0    2    9      3267
   18    2    2   13    1    6    1    1    1      1249
   18    2    2   14    2   13    0    1    9      1295
   18    2    2   15    1   26    4    4    1      7916
   18    2    2   16    1    2    1    2    0     13119
   18    2    2   17    1   28    4    4    1      1444
   18    2    2   18    1    3    2    2    1      1579
   18    2    2   19    2   16    0    1    9      1853
   18    2    2   20    1   15    2    1    0       883
   18    2    2   21    1   25    4    3    0      1153
   18    2    2   22    1    3    2    4    0      3427
   18    2    2   23    1    6    1    2    0       603
   18    2    2   24    2    1    0    2    9     16739
   18    2    2   25    1   21    3    4    0      3974
   18    2    2   26    2   30    0    4    9      3448
   18    2    2   27    1   26    4    4    1      3039
   18    2    2   28    2   24    0    4    9      1974
   18    2    2   29    1   28    4    3    0      3927
   18    2    2   30    1   15    2    2    1      4364
   18    2    2   31    1   22    3    3    1      3165
   18    2    2   32    2   20    0    4    9      1823
   18    2    2   33    1   19    3    3    1      2071
   18    2    2   34    2    8    0    2    9      2181
   18    2    2   35    2   24    0    3    9      6063
   18    2    2   36    2   14    0    2    9       957
   18    2    2   37    2   23    0    3    9      1064
   18    2    2   38    1   19    3    4    0       526
   18    2    2   39    1   12    2    2    1     10105
   18    2    2   40    1    2    1    1    1      1238
   18    2    2   41    2   14    0    1    9      1109
   18    2    2   42    2    5    0    1    9       922
   18    2    2   43    2   27    0    3    9      2710
   18    2    2   44    2   24    0    4    9       523
   18    2    2   45    1   12    2    2    1       887
   18    2    2   46    1    7    2    1    0       916
   18    2    2   47    1    9    1    1    1      1344
   18    2    2   48    1   21    3    3    1      1403
   18    2    2   49    2   32    0    4    9      1284
   18    2    2   50    2   17    0    3    9      1057
   18    2    2   51    1   25    4    3    0      2631
   18    2    2   52    2   14    0    1    9      1167
