   38    1    1    1    1   12    2    4    0      7797
   38    1    1    2    1   22    3    1    0     11258
   38    1    1    3    1   31    4    2    0      8897
   38    1    1    4    1   28    4    2    0      3318
   38    1    1    5    1   19    3    1    0      6890
   38    1    1    6    1    3    2    3    0      9887
   38    1    1    7    1   15    2    1    0     20683
   38    1    1    8    1   21    3    3    1     10073
   38    1    1    9    1   25    4    4    1      5815
   38    1    1   10    1    2    1    3    0      5487
   38    1    1   11    1   26    4    3    0     23771
   38    1    1   12    1    6    1    2    0     17933
   38    1    1   13    1    7    2    1    0     17720
   38    1    1   14    1    9    1    1    1      7485
   38    1    2    1    1   26    4    2    0     15480
   38    1    2    2    1   15    2    4    0     18309
   38    1    2    3    1    9    1    1    1     13522
   38    1    2    4    1    2    1    2    0      5094
   38    1    2    5    1   28    4    3    0      2899
   38    1    2    6    1   12    2    4    0      2199
   38    1    2    7    1   21    3    1    0      3144
   38    1    2    8    1    7    2    2    1     21666
   38    1    2    9    1   31    4    3    0     14048
   38    1    2   10    1   25    4    3    0     16166
   38    1    2   11    1   19    3    3    1      8313
   38    1    2   12    1   22    3    2    0      4141
   38    1    2   13    1    6    1    3    0      7184
   38    1    2   14    1    3    2    3    0      5385
   38    1    3    1    1    7    2    4    0     12862
   38    1    3    2    1    6    1    1    1      5317
   38    1    3    3    1   15    2    1    0     10752
   38    1    3    4    1   31    4    2    0      3851
   38    1    3    5    1    2    1    2    0     10106
   38    1    3    6    1   22    3    3    1      6991
   38    1    3    7    1    9    1    4    0      4247
   38    1    3    8    1    3    2    4    0      6599
   38    1    3    9    1   21    3    1    0      6984
   38    1    3   10    1   12    2    1    0      6809
   38    1    3   11    1   26    4    1    0      7329
   38    1    3   12    1   28    4    1    0      2245
   38    1    3   13    1   19    3    3    1      1636
   38    1    3   14    1   25    4    4    1     10931
   38    1    4    1    1    9    1    2    0      7745
   38    1    4    2    1    3    2    2    1      2597
   38    1    4    3    1    6    1    1    1      1646
   38    1    4    4    1   19    3    4    0      5821
   38    1    4    5    1   28    4    4    1      8781
   38    1    4    6    1   25    4    3    0      2654
   38    1    4    7    1   12    2    1    0      2653
   38    1    4    8    1    2    1    1    1       860
   38    1    4    9    1   26    4    4    1      2586
   38    1    4   10    1   21    3    4    0      2308
   38    1    4   11    1    7    2    2    1      4192
   38    1    4   12    1   15    2    1    0      1594
   38    1    4   13    1   31    4    4    1      3779
   38    1    4   14    1   22    3    3    1      4125
   38    1    5    1    1   21    3    3    1      4765
   38    1    5    2    1   22    3    3    1      1616
   38    1    5    3    1   12    2    2    1      5071
   38    1    5    4    1    3    2    1    0      2149
   38    1    5    5    1    2    1    1    1      1000
   38    1    5    6    1   31    4    4    1      2497
   38    1    5    7    1    7    2    2    1      5821
   38    1    5    8    1    9    1    1    1      6165
   38    1    5    9    1   15    2    2    1      2991
   38    1    5   10    1   25    4    3    0      2169
   38    1    5   11    1   26    4    4    1      3739
   38    1    5   12    1   19    3    3    1      4822
   38    1    5   13    1   28    4    4    1      1462
   38    1    5   14    1    6    1    1    1     13580
   38    1    6    1    1   19    3    3    1      5768
   38    1    6    2    1   31    4    4    1      1971
   38    1    6    3    1   25    4    3    0      2917
   38    1    6    4    1    3    2    2    1      1353
   38    1    6    5    1   12    2    2    1      1971
   38    1    6    6    1   21    3    3    1      2837
   38    1    6    7    1   26    4    4    1      3669
   38    1    6    8    1   15    2    2    1      5202
   38    1    6    9    1   28    4    4    1      1411
   38    1    6   10    1    9    1    1    1      2508
   38    1    6   11    1    2    1    1    1      2280
   38    1    6   12    1    6    1    1    1      1630
   38    1    6   13    1    7    2    2    1      2045
   38    1    6   14    1   22    3    3    1      2316
   38    1    7    1    1   25    4    3    0      2466
   38    1    7    2    1    2    1    1    1      2536
   38    1    7    3    1   15    2    2    1       884
   38    1    7    4    1    3    2    1    0      2881
   38    1    7    5    1   28    4    4    1      3526
   38    1    7    6    1   19    3    3    1      4010
   38    1    7    7    1    6    1    1    1      2731
   38    1    7    8    1   12    2    2    1      2942
   38    1    7    9    1   26    4    4    1      8234
   38    1    7   10    1   21    3    3    1      2177
   38    1    7   11    1    9    1    1    1      2731
   38    1    7   12    1   22    3    3    1     11310
   38    1    7   13    1    7    2    2    1      2603
   38    1    7   14    1   31    4    4    1      1667
   38    1    8    1    1    7    2    2    1      5944
   38    1    8    2    1   19    3    3    1     10059
   38    1    8    3    1    2    1    1    1      2186
   38    1    8    4    1    9    1    1    1      2820
   38    1    8    5    1   31    4    4    1      1796
   38    1    8    6    1    6    1    1    1      2493
   38    1    8    7    1   15    2    2    1      1754
   38    1    8    8    1   21    3    3    1      4117
   38    1    8    9    1    3    2    1    0      2513
   38    1    8   10    1   22    3    3    1      6357
   38    1    8   11    1   28    4    4    1      2280
   38    1    8   12    1   25    4    3    0      2701
   38    1    8   13    1   12    2    2    1      7881
   38    1    8   14    1   26    4    4    1      3407
   38    1    9    1    1    3    2    2    1      2811
   38    1    9    2    1   28    4    4    1      2701
   38    1    9    3    1   26    4    4    1      2706
   38    1    9    4    1   19    3    3    1      4806
   38    1    9    5    1   31    4    4    1      3479
   38    1    9    6    1    2    1    1    1      4045
   38    1    9    7    1   12    2    2    1      1837
   38    1    9    8    1   21    3    3    1      2708
   38    1    9    9    1    9    1    1    1      4088
   38    1    9   10    1   22    3    3    1      1990
   38    1    9   11    1    7    2    2    1      3399
   38    1    9   12    1   25    4    3    0      5536
   38    1    9   13    1   15    2    2    1      5691
   38    1    9   14    1    6    1    1    1      6872
   38    1   10    1    1    9    1    1    1      4595
   38    1   10    2    1   26    4    4    1      1980
   38    1   10    3    1    2    1    1    1      5613
   38    1   10    4    1   15    2    2    1      1629
   38    1   10    5    1    7    2    2    1      4397
   38    1   10    6    1    3    2    2    1      5837
   38    1   10    7    1   19    3    3    1      3205
   38    1   10    8    1   25    4    4    1      1942
   38    1   10    9    1   28    4    4    1      3416
   38    1   10   10    1   12    2    2    1      1538
   38    1   10   11    1   31    4    4    1      4085
   38    1   10   12    1   21    3    3    1      2018
   38    1   10   13    1   22    3    3    1      1762
   38    1   10   14    1    6    1    1    1      2989
   38    2    1    1    1    7    2    2    1      3189
   38    2    1    2    2   29    0    4    9      2822
   38    2    1    3    1   31    4    4    1      3718
   38    2    1    4    2   32    0    4    9       866
   38    2    1    5    1    2    1    1    1      2032
   38    2    1    6    2   13    0    2    9      4703
   38    2    1    7    1   28    4    4    1      7860
   38    2    1    8    1   12    2    2    1      1706
   38    2    1    9    2   20    0    4    9      4407
   38    2    1   10    1   26    4    4    1      5848
   38    2    1   11    2   24    0    4    9      2351
   38    2    1   12    2    1    0    1    9      2673
   38    2    1   13    1    6    1    1    1      2519
   38    2    1   14    1   22    3    3    1      3859
   38    2    1   15    1   12    2    2    1      1339
   38    2    1   16    1   31    4    2    0      2870
   38    2    1   17    2   11    0    2    9      3412
   38    2    1   18    2    5    0    1    9      2301
   38    2    1   19    1    9    1    1    1      2113
   38    2    1   20    2   23    0    4    9      2141
   38    2    1   21    2   17    0    3    9      1833
   38    2    1   22    2   30    0    4    9      3152
   38    2    1   23    1   25    4    3    0      1874
   38    2    1   24    2   14    0    2    9      1864
   38    2    1   25    2   14    0    2    9      1839
   38    2    1   26    2   27    0    4    9      4310
   38    2    1   27    2   10    0    2    9      4330
   38    2    1   28    1    6    1    1    1      3102
   38    2    1   29    1   26    4    4    1      9090
   38    2    1   30    2   24    0    4    9      1688
   38    2    1   31    2   14    0    2    9      6613
   38    2    1   32    1   25    4    4    1      6893
   38    2    1   33    2   24    0    4    9      2762
   38    2    1   34    1    9    1    1    1      5421
   38    2    1   35    1    2    1    1    1      1877
   38    2    1   36    2   24    0    4    9      1659
   38    2    1   37    2   16    0    2    9      3737
   38    2    1   38    1   21    3    3    1      2645
   38    2    1   39    1    7    2    2    1      6204
   38    2    1   40    2    4    0    2    9      2229
   38    2    1   41    1   19    3    3    1      1469
   38    2    1   42    1   19    3    3    1      4019
   38    2    1   43    1   15    2    2    1      1971
   38    2    1   44    1    3    2    2    1      3141
   38    2    1   45    1   22    3    3    1      4024
   38    2    1   46    2    8    0    2    9      3624
   38    2    1   47    1   28    4    4    1      7384
   38    2    1   48    1    3    2    2    1     20321
   38    2    1   49    2   14    0    2    9      1765
   38    2    1   50    1   15    2    2    1      1055
   38    2    1   51    2   18    0    3    9      2022
   38    2    1   52    1   21    3    3    1      1430
   38    2    2    1    1   22    3    3    1      1309
   38    2    2    2    1   12    2    2    1      1386
   38    2    2    3    2   24    0    4    9      2579
   38    2    2    4    1   21    3    3    1      1341
   38    2    2    5    1    9    1    1    1      1641
   38    2    2    6    2   16    0    2    9       984
   38    2    2    7    2    4    0    2    9      1457
   38    2    2    8    2   24    0    4    9      2312
   38    2    2    9    1   31    4    4    1      1004
   38    2    2   10    1   28    4    4    1      1781
   38    2    2   11    1   26    4    4    1      3951
   38    2    2   12    2    5    0    1    9      2753
   38    2    2   13    2   14    0    2    9      2099
   38    2    2   14    1    6    1    1    1      1649
   38    2    2   15    1    9    1    1    1      1280
   38    2    2   16    2   17    0    3    9      5725
   38    2    2   17    2   30    0    4    9      1337
   38    2    2   18    1    7    2    2    1      1188
   38    2    2   19    2   13    0    2    9      2773
   38    2    2   20    1   21    3    3    1      2343
   38    2    2   21    2   10    0    2    9      1546
   38    2    2   22    2   18    0    3    9      1725
   38    2    2   23    1   19    3    3    1      1577
   38    2    2   24    1   15    2    2    1      5723
   38    2    2   25    2   14    0    2    9      2039
   38    2    2   26    1    3    2    2    1      1894
   38    2    2   27    1   31    4    4    1     21531
   38    2    2   28    1   22    3    3    1      3759
   38    2    2   29    1   25    4    3    0      2953
   38    2    2   30    2   14    0    2    9      1476
   38    2    2   31    2   11    0    2    9       954
   38    2    2   32    2    1    0    1    9      1013
   38    2    2   33    1   15    2    2    1       957
   38    2    2   34    1   19    3    3    1      2039
   38    2    2   35    1    6    1    1    1      3207
   38    2    2   36    2   23    0    4    9      4488
   38    2    2   37    1   12    2    2    1      1925
   38    2    2   38    1    2    1    1    1       953
   38    2    2   39    1   28    4    4    1      1428
   38    2    2   40    2   24    0    4    9      1163
   38    2    2   41    1    2    1    1    1      1421
   38    2    2   42    2   14    0    2    9      3606
   38    2    2   43    2   32    0    4    9      9798
   38    2    2   44    1    3    2    2    1      4031
   38    2    2   45    1    7    2    2    1      3150
   38    2    2   46    2   29    0    4    9      2065
   38    2    2   47    2   27    0    4    9      1135
   38    2    2   48    2   20    0    4    9      1490
   38    2    2   49    2    8    0    2    9      1399
   38    2    2   50    1   25    4    3    0      2752
   38    2    2   51    1   26    4    4    1      4275
   38    2    2   52    2   24    0    4    9      2345
