   24    1    1    1    1    9    1    1    1      8259
   24    1    1    2    1    7    2    2    1      5045
   24    1    1    3    1   15    2    2    1      1468
   24    1    1    4    1    2    1    1    1      3106
   24    1    1    5    1   25    2    1    0      2503
   24    1    1    6    1   21    1    2    0      2284
   24    1    1    7    1   28    2    2    1      3577
   24    1    1    8    1   26    2    2    1      2811
   24    1    1    9    1   12    2    2    1      1644
   24    1    1   10    1    3    2    1    0      2955
   24    1    1   11    1   19    1    2    0      3581
   24    1    1   12    1    6    1    1    1      1926
   24    1    1   13    1   31    2    2    1      1274
   24    1    1   14    1   22    1    2    0      3656
   24    1    2    1    1    2    1    1    1      1389
   24    1    2    2    1    6    1    2    0      1527
   24    1    2    3    1    7    2    2    1      1587
   24    1    2    4    1   26    2    2    1      1028
   24    1    2    5    1   22    1    2    0      3532
   24    1    2    6    1   31    2    2    1       919
   24    1    2    7    1   19    1    1    1       995
   24    1    2    8    1    9    1    1    1      3453
   24    1    2    9    1   28    2    2    1       771
   24    1    2   10    1    3    2    1    0      1253
   24    1    2   11    1   15    2    2    1      1628
   24    1    2   12    1   25    2    2    1      1308
   24    1    2   13    1   12    2    2    1      1048
   24    1    2   14    1   21    1    1    1      1344
   24    1    3    1    1   22    1    1    1      2718
   24    1    3    2    1   12    2    2    1       787
   24    1    3    3    1    3    2    1    0      1252
   24    1    3    4    1    6    1    1    1      1674
   24    1    3    5    1   26    2    2    1       777
   24    1    3    6    1   25    2    2    1      1402
   24    1    3    7    1   31    2    2    1      1971
   24    1    3    8    1   21    1    1    1      3237
   24    1    3    9    1   15    2    2    1      1780
   24    1    3   10    1    7    2    2    1      3486
   24    1    3   11    1    2    1    1    1      1811
   24    1    3   12    1    9    1    2    0      1452
   24    1    3   13    1   28    2    2    1      1066
   24    1    3   14    1   19    1    1    1      1776
   24    1    4    1    1   15    2    2    1       683
   24    1    4    2    1   28    2    2    1      1232
   24    1    4    3    1    3    2    1    0       896
   24    1    4    4    1   19    1    1    1       885
   24    1    4    5    1    6    1    1    1      2226
   24    1    4    6    1   25    2    2    1      1994
   24    1    4    7    1   12    2    2    1       555
   24    1    4    8    1   21    1    1    1      1158
   24    1    4    9    1    2    1    1    1       776
   24    1    4   10    1    7    2    2    1      1050
   24    1    4   11    1    9    1    2    0       897
   24    1    4   12    1   31    2    2    1      1366
   24    1    4   13    1   22    1    1    1      2063
   24    1    4   14    1   26    2    2    1       862
   24    1    5    1    1    6    1    1    1      1137
   24    1    5    2    1    9    1    1    1      1716
   24    1    5    3    1   15    2    2    1       688
   24    1    5    4    1   19    1    1    1      1301
   24    1    5    5    1   12    2    2    1      1058
   24    1    5    6    1    3    2    1    0      1081
   24    1    5    7    1   28    2    2    1       790
   24    1    5    8    1   21    1    1    1      1367
   24    1    5    9    1   22    1    2    0      2177
   24    1    5   10    1   25    2    1    0      1555
   24    1    5   11    1    7    2    1    0       990
   24    1    5   12    1   26    2    2    1      1775
   24    1    5   13    1    2    1    1    1       921
   24    1    5   14    1   31    2    2    1      2965
   24    1    6    1    1   25    2    2    1      1027
   24    1    6    2    1   21    1    1    1      1067
   24    1    6    3    1    3    2    2    1      2113
   24    1    6    4    1   19    1    1    1      1165
   24    1    6    5    1   26    2    2    1      2463
   24    1    6    6    1   28    2    2    1       685
   24    1    6    7    1    2    1    1    1       835
   24    1    6    8    1    9    1    2    0      1554
   24    1    6    9    1   15    2    1    0       989
   24    1    6   10    1   22    1    1    1      1406
   24    1    6   11    1    7    2    2    1      1463
   24    1    6   12    1   12    2    2    1       557
   24    1    6   13    1    6    1    1    1      1496
   24    1    6   14    1   31    2    2    1       797
   24    1    7    1    1   31    2    2    1      2780
   24    1    7    2    1   12    2    2    1      1838
   24    1    7    3    1    6    1    1    1      1301
   24    1    7    4    1    7    2    2    1      1026
   24    1    7    5    1   15    2    2    1       858
   24    1    7    6    1   19    1    2    0      1240
   24    1    7    7    1   21    1    1    1      1488
   24    1    7    8    1   28    2    2    1      1317
   24    1    7    9    1    9    1    2    0      2385
   24    1    7   10    1   22    1    1    1      1083
   24    1    7   11    1   25    2    2    1      1200
   24    1    7   12    1   26    2    2    1      4753
   24    1    7   13    1    3    2    1    0      1380
   24    1    7   14    1    2    1    1    1      2565
   24    1    8    1    1    6    1    1    1      1715
   24    1    8    2    1    2    1    1    1       943
   24    1    8    3    1    9    1    1    1      1626
   24    1    8    4    1   21    1    1    1      1866
   24    1    8    5    1   12    2    2    1       768
   24    1    8    6    1   31    2    2    1       882
   24    1    8    7    1   19    1    1    1      1887
   24    1    8    8    1   25    2    2    1      3381
   24    1    8    9    1   26    2    2    1      1150
   24    1    8   10    1   22    1    2    0      4337
   24    1    8   11    1   28    2    2    1      1020
   24    1    8   12    1    3    2    2    1      1348
   24    1    8   13    1    7    2    2    1      1119
   24    1    8   14    1   15    2    2    1      1331
   24    1    9    1    1    6    1    1    1      1523
   24    1    9    2    1   28    2    2    1       791
   24    1    9    3    1   22    1    1    1      1945
   24    1    9    4    1   19    1    1    1      1340
   24    1    9    5    1   31    2    2    1       663
   24    1    9    6    1    2    1    1    1      1293
   24    1    9    7    1   12    2    2    1       683
   24    1    9    8    1   15    2    2    1      1616
   24    1    9    9    1   21    1    1    1      2016
   24    1    9   10    1    7    2    2    1      1264
   24    1    9   11    1   26    2    2    1      2286
   24    1    9   12    1    3    2    1    0      1139
   24    1    9   13    1    9    1    1    1      1854
   24    1    9   14    1   25    2    1    0      2086
   24    1   10    1    1   25    2    1    0      1466
   24    1   10    2    1   26    2    2    1      1800
   24    1   10    3    1    2    1    1    1      1169
   24    1   10    4    1    3    2    1    0      1139
   24    1   10    5    1    7    2    2    1      1806
   24    1   10    6    1   21    1    1    1      1495
   24    1   10    7    1   12    2    2    1      1997
   24    1   10    8    1   22    1    1    1      1502
   24    1   10    9    1   15    2    2    1      2307
   24    1   10   10    1   31    2    2    1      1544
   24    1   10   11    1    9    1    1    1      1579
   24    1   10   12    1    6    1    1    1      1661
   24    1   10   13    1   28    2    2    1       748
   24    1   10   14    1   19    1    1    1       942
   24    2    1    1    1   28    2    2    1      1316
   24    2    1    2    1    3    2    1    0      1536
   24    2    1    3    2   17    0    1    9      1123
   24    2    1    4    2   14    0    2    9      1063
   24    2    1    5    2   14    0    2    9      1645
   24    2    1    6    2   24    0    2    9      1693
   24    2    1    7    1   31    2    2    1       955
   24    2    1    8    1   15    2    2    1       965
   24    2    1    9    2    8    0    2    9      1711
   24    2    1   10    1   21    1    1    1      1164
   24    2    1   11    1    2    1    1    1      1086
   24    2    1   12    2    1    0    1    9      1059
   24    2    1   13    1    6    1    1    1      1082
   24    2    1   14    1   22    1    1    1      2191
   24    2    1   15    1   28    2    2    1      1225
   24    2    1   16    1    7    2    2    1      1417
   24    2    1   17    2   24    0    2    9      1377
   24    2    1   18    2   11    0    2    9      3498
   24    2    1   19    1   12    2    2    1       719
   24    2    1   20    1    9    1    1    1      2083
   24    2    1   21    2    4    0    2    9      1489
   24    2    1   22    1   22    1    1    1      3894
   24    2    1   23    1    3    2    2    1      1724
   24    2    1   24    1    9    1    1    1      1352
   24    2    1   25    1   26    2    2    1      2003
   24    2    1   26    1   12    2    2    1      2324
   24    2    1   27    1    6    1    1    1      1736
   24    2    1   28    1    7    2    2    1      1300
   24    2    1   29    2   27    0    2    9      1344
   24    2    1   30    2   18    0    1    9       892
   24    2    1   31    1   25    2    1    0      1273
   24    2    1   32    1   19    1    1    1      1735
   24    2    1   33    1   21    1    1    1      1250
   24    2    1   34    2   24    0    2    9      1265
   24    2    1   35    1   19    1    2    0      1216
   24    2    1   36    2   10    0    2    9      3152
   24    2    1   37    1   31    2    2    1      1058
   24    2    1   38    2   16    0    2    9      1017
   24    2    1   39    2   14    0    2    9       929
   24    2    1   40    2    5    0    1    9       973
   24    2    1   41    2   30    0    2    9      2215
   24    2    1   42    1   25    2    1    0      1791
   24    2    1   43    2   23    0    2    9      1480
   24    2    1   44    1   26    2    2    1      2238
   24    2    1   45    2   14    0    2    9       982
   24    2    1   46    2   29    0    1    9      1967
   24    2    1   47    1   15    2    2    1      2001
   24    2    1   48    2   20    0    2    9      2977
   24    2    1   49    2   13    0    1    9      1035
   24    2    1   50    2   24    0    2    9      4867
   24    2    1   51    2   32    0    2    9      2097
   24    2    1   52    1    2    1    1    1      3597
   24    2    2    1    2   14    0    2    9       750
   24    2    2    2    2    8    0    2    9       785
   24    2    2    3    1    3    2    2    1      1522
   24    2    2    4    1   15    2    2    1       998
   24    2    2    5    1   21    1    1    1      1103
   24    2    2    6    1   28    2    2    1       643
   24    2    2    7    1   22    1    1    1      2396
   24    2    2    8    2   24    0    2    9      1181
   24    2    2    9    1   28    2    2    1      1118
   24    2    2   10    1   25    2    1    0      1522
   24    2    2   11    2   20    0    2    9      1558
   24    2    2   12    2   24    0    2    9       793
   24    2    2   13    2   17    0    1    9      1082
   24    2    2   14    2   24    0    2    9      3151
   24    2    2   15    2   23    0    2    9      1250
   24    2    2   16    2   24    0    2    9       497
   24    2    2   17    2   32    0    2    9       733
   24    2    2   18    1    6    1    1    1      1713
   24    2    2   19    1   31    2    2    1      3437
   24    2    2   20    2   30    0    2    9      1285
   24    2    2   21    1   26    2    2    1      1026
   24    2    2   22    1    2    1    1    1      3690
   24    2    2   23    1    9    1    1    1      1367
   24    2    2   24    1    6    1    1    1      1650
   24    2    2   25    2    1    0    1    9      1057
   24    2    2   26    1   19    1    1    1      1720
   24    2    2   27    1    2    1    1    1       884
   24    2    2   28    2   14    0    2    9      1313
   24    2    2   29    2   29    0    2    9      1325
   24    2    2   30    1   31    2    2    1      1497
   24    2    2   31    1    7    2    2    1      1438
   24    2    2   32    1    9    1    1    1      1557
   24    2    2   33    2   14    0    2    9       792
   24    2    2   34    1   25    2    1    0      1465
   24    2    2   35    2   13    0    2    9      2207
   24    2    2   36    1   12    2    2    1      2040
   24    2    2   37    1    7    2    2    1      1287
   24    2    2   38    1   12    2    2    1      3317
   24    2    2   39    2    5    0    1    9      1569
   24    2    2   40    2   18    0    1    9       979
   24    2    2   41    2   14    0    2    9      1357
   24    2    2   42    1   22    1    2    0      1880
   24    2    2   43    2   11    0    2    9      1325
   24    2    2   44    2    4    0    2    9      1722
   24    2    2   45    1   21    1    1    1      1590
   24    2    2   46    1   26    2    2    1      1783
   24    2    2   47    1   15    2    2    1      1008
   24    2    2   48    1    3    2    1    0      2265
   24    2    2   49    2   27    0    2    9      3104
   24    2    2   50    2   16    0    2    9      1029
   24    2    2   51    2   10    0    2    9      1037
   24    2    2   52    1   19    1    2    0      1444
