   35    1    1    1    1   28    2    2    1      6019
   35    1    1    2    1    7    2    1    0      2904
   35    1    1    3    1    3    2    2    1      2054
   35    1    1    4    1    6    1    1    1      1277
   35    1    1    5    1   22    1    1    1       883
   35    1    1    6    1   26    2    2    1      1113
   35    1    1    7    1    9    1    2    0       998
   35    1    1    8    1    2    1    1    1      1359
   35    1    1    9    1   12    2    2    1      1906
   35    1    1   10    1   19    1    2    0      2279
   35    1    1   11    1   15    2    1    0      6814
   35    1    1   12    1   31    2    2    1      1271
   35    1    1   13    1   25    2    2    1      1054
   35    1    1   14    1   21    1    1    1      2564
   35    1    2    1    1    9    1    1    1      3366
   35    1    2    2    1    2    1    2    0       913
   35    1    2    3    1   15    2    2    1       774
   35    1    2    4    1   19    1    1    1      3376
   35    1    2    5    1   12    2    2    1      1235
   35    1    2    6    1   28    2    1    0      3811
   35    1    2    7    1   26    2    2    1      1845
   35    1    2    8    1   22    1    1    1      1868
   35    1    2    9    1   21    1    2    0       859
   35    1    2   10    1    3    2    2    1       755
   35    1    2   11    1   31    2    1    0      3765
   35    1    2   12    1   25    2    2    1      1440
   35    1    2   13    1    6    1    1    1      9896
   35    1    2   14    1    7    2    2    1      2478
   35    1    3    1    1   25    2    2    1      1319
   35    1    3    2    1   26    2    1    0      1187
   35    1    3    3    1    3    2    2    1       877
   35    1    3    4    1    9    1    1    1       836
   35    1    3    5    1    6    1    1    1      1771
   35    1    3    6    1   15    2    2    1       878
   35    1    3    7    1   28    2    2    1       644
   35    1    3    8    1   31    2    2    1       908
   35    1    3    9    1   19    1    2    0       657
   35    1    3   10    1   21    1    1    1      2008
   35    1    3   11    1    7    2    2    1       793
   35    1    3   12    1   22    1    2    0       779
   35    1    3   13    1   12    2    2    1      1030
   35    1    3   14    1    2    1    1    1       886
   35    1    4    1    1   28    2    2    1      2591
   35    1    4    2    1   19    1    2    0      1321
   35    1    4    3    1   26    2    1    0      2005
   35    1    4    4    1   15    2    2    1       574
   35    1    4    5    1    7    2    2    1       489
   35    1    4    6    1   22    1    1    1       446
   35    1    4    7    1    9    1    1    1      2918
   35    1    4    8    1    2    1    2    0       818
   35    1    4    9    1   21    1    1    1       603
   35    1    4   10    1   25    2    1    0       652
   35    1    4   11    1   31    2    2    1      1131
   35    1    4   12    1   12    2    2    1       703
   35    1    4   13    1    3    2    1    0      2436
   35    1    4   14    1    6    1    1    1       636
   35    1    5    1    1   28    2    2    1       719
   35    1    5    2    1    2    1    1    1       643
   35    1    5    3    1   22    1    1    1      1179
   35    1    5    4    1    3    2    1    0      1341
   35    1    5    5    1   19    1    1    1      1737
   35    1    5    6    1   21    1    1    1      1669
   35    1    5    7    1    7    2    2    1       619
   35    1    5    8    1    6    1    1    1      1731
   35    1    5    9    1    9    1    1    1       863
   35    1    5   10    1   15    2    2    1      1614
   35    1    5   11    1   12    2    2    1       999
   35    1    5   12    1   26    2    1    0      2328
   35    1    5   13    1   31    2    2    1       565
   35    1    5   14    1   25    2    2    1       631
   35    1    6    1    1   12    2    2    1       780
   35    1    6    2    1   25    2    1    0       454
   35    1    6    3    1    3    2    2    1       685
   35    1    6    4    1   15    2    2    1       627
   35    1    6    5    1   28    2    2    1       579
   35    1    6    6    1   22    1    2    0       518
   35    1    6    7    1    7    2    1    0       674
   35    1    6    8    1   31    2    2    1       640
   35    1    6    9    1   21    1    1    1       696
   35    1    6   10    1    9    1    1    1       750
   35    1    6   11    1   19    1    2    0       593
   35    1    6   12    1    2    1    1    1       594
   35    1    6   13    1   26    2    2    1       893
   35    1    6   14    1    6    1    1    1       546
   35    1    7    1    1   25    2    1    0       819
   35    1    7    2    1   21    1    2    0       324
   35    1    7    3    1    7    2    1    0       728
   35    1    7    4    1    2    1    1    1      1389
   35    1    7    5    1   28    2    2    1       878
   35    1    7    6    1    3    2    2    1       916
   35    1    7    7    1   19    1    2    0       801
   35    1    7    8    1    6    1    1    1      1314
   35    1    7    9    1   15    2    2    1      1102
   35    1    7   10    1   22    1    1    1      1699
   35    1    7   11    1   26    2    2    1       936
   35    1    7   12    1    9    1    2    0      1684
   35    1    7   13    1   12    2    2    1       874
   35    1    7   14    1   31    2    1    0      1505
   35    1    8    1    1   15    2    2    1      2815
   35    1    8    2    1   31    2    2    1      1608
   35    1    8    3    1    7    2    2    1      1961
   35    1    8    4    1   19    1    1    1      1292
   35    1    8    5    1    9    1    1    1       842
   35    1    8    6    1    3    2    1    0      3577
   35    1    8    7    1   12    2    2    1      1244
   35    1    8    8    1   28    2    2    1      1324
   35    1    8    9    1   22    1    1    1      2176
   35    1    8   10    1   21    1    1    1       667
   35    1    8   11    1   26    2    2    1      1601
   35    1    8   12    1    2    1    1    1       946
   35    1    8   13    1   25    2    2    1      2054
   35    1    8   14    1    6    1    1    1      1237
   35    1    9    1    1    2    1    1    1       905
   35    1    9    2    1   12    2    2    1      3446
   35    1    9    3    1    3    2    2    1      1902
   35    1    9    4    1   21    1    1    1       955
   35    1    9    5    1   25    2    2    1      1286
   35    1    9    6    1    6    1    1    1      1932
   35    1    9    7    1   19    1    1    1      1119
   35    1    9    8    1   26    2    2    1      2780
   35    1    9    9    1    9    1    2    0      1854
   35    1    9   10    1   15    2    2    1      1077
   35    1    9   11    1   28    2    2    1      1396
   35    1    9   12    1   31    2    2    1      1229
   35    1    9   13    1   22    1    1    1      1318
   35    1    9   14    1    7    2    2    1       834
   35    1   10    1    1    9    1    1    1      1171
   35    1   10    2    1   15    2    2    1       958
   35    1   10    3    1   21    1    1    1       769
   35    1   10    4    1   22    1    1    1      1036
   35    1   10    5    1   28    2    2    1      3011
   35    1   10    6    1    3    2    1    0      2300
   35    1   10    7    1    7    2    2    1      1746
   35    1   10    8    1   19    1    2    0      8933
   35    1   10    9    1   12    2    2    1       810
   35    1   10   10    1    2    1    1    1       843
   35    1   10   11    1    6    1    1    1       836
   35    1   10   12    1   25    2    2    1      2732
   35    1   10   13    1   26    2    2    1      2168
   35    1   10   14    1   31    2    2    1       770
   35    2    1    1    1    2    1    1    1      2941
   35    2    1    2    2    8    0    2    9      2936
   35    2    1    3    1   15    2    2    1      2012
   35    2    1    4    2   14    0    1    9      3589
   35    2    1    5    2   14    0    1    9      1863
   35    2    1    6    1   15    2    2    1       942
   35    2    1    7    1    9    1    2    0      2489
   35    2    1    8    2   17    0    1    9      1119
   35    2    1    9    1   31    2    2    1      3772
   35    2    1   10    1   22    1    1    1      4318
   35    2    1   11    1   26    2    2    1      1083
   35    2    1   12    2   23    0    2    9      2049
   35    2    1   13    2   18    0    1    9       905
   35    2    1   14    2   20    0    1    9      3342
   35    2    1   15    1   28    2    2    1      1273
   35    2    1   16    1   22    1    1    1      1696
   35    2    1   17    1   28    2    2    1       990
   35    2    1   18    1    3    2    1    0      2007
   35    2    1   19    2    1    0    1    9      1256
   35    2    1   20    2   10    0    2    9     12687
   35    2    1   21    1   25    2    1    0       967
   35    2    1   22    2   11    0    2    9      1153
   35    2    1   23    2    5    0    1    9      1212
   35    2    1   24    2   30    0    2    9      6797
   35    2    1   25    1    6    1    1    1      2615
   35    2    1   26    2   32    0    2    9      1559
   35    2    1   27    2   14    0    2    9      3618
   35    2    1   28    1    7    2    1    0      7164
   35    2    1   29    1   12    2    2    1      1080
   35    2    1   30    1    9    1    1    1      6630
   35    2    1   31    2   24    0    2    9      1070
   35    2    1   32    1   19    1    2    0      2693
   35    2    1   33    1   12    2    2    1       947
   35    2    1   34    1   31    2    2    1      2558
   35    2    1   35    2    4    0    2    9      2033
   35    2    1   36    2   13    0    1    9      3041
   35    2    1   37    1   21    1    1    1      2393
   35    2    1   38    1    3    2    2    1       947
   35    2    1   39    1   26    2    2    1      7934
   35    2    1   40    2   16    0    2    9      3187
   35    2    1   41    2   14    0    1    9      1781
   35    2    1   42    1    6    1    1    1      1063
   35    2    1   43    1   25    2    1    0      2270
   35    2    1   44    1    7    2    1    0     16708
   35    2    1   45    2   24    0    2    9       836
   35    2    1   46    2   24    0    1    9      1149
   35    2    1   47    1   19    1    2    0      1448
   35    2    1   48    2   24    0    2    9       767
   35    2    1   49    2   27    0    2    9      1826
   35    2    1   50    2   29    0    1    9      1402
   35    2    1   51    1    2    1    1    1      1851
   35    2    1   52    1   21    1    1    1      1186
   35    2    2    1    1   26    2    2    1      1380
   35    2    2    2    2   23    0    2    9      3030
   35    2    2    3    2    8    0    2    9      2359
   35    2    2    4    1   25    2    1    0      4738
   35    2    2    5    2   29    0    2    9      1271
   35    2    2    6    1    2    1    1    1      1573
   35    2    2    7    1   19    1    1    1      1831
   35    2    2    8    1   15    2    2    1      6015
   35    2    2    9    1   25    2    1    0      2176
   35    2    2   10    2   10    0    2    9      3747
   35    2    2   11    1   21    1    1    1      3270
   35    2    2   12    1    3    2    2    1      4877
   35    2    2   13    1    6    1    1    1     10251
   35    2    2   14    2   18    0    1    9      6796
   35    2    2   15    1   21    1    1    1      3389
   35    2    2   16    2   13    0    2    9      1400
   35    2    2   17    1   31    2    2    1      1569
   35    2    2   18    2   14    0    2    9      3163
   35    2    2   19    1    9    1    2    0      1158
   35    2    2   20    2   27    0    1    9      3721
   35    2    2   21    1    9    1    2    0       950
   35    2    2   22    2   24    0    2    9      3857
   35    2    2   23    2   24    0    1    9      4112
   35    2    2   24    1   12    2    2    1      5238
   35    2    2   25    1   12    2    2    1      2782
   35    2    2   26    2    4    0    1    9      2152
   35    2    2   27    2    1    0    1    9       995
   35    2    2   28    2   20    0    2    9      1581
   35    2    2   29    1   22    1    1    1      1719
   35    2    2   30    1    3    2    2    1      4403
   35    2    2   31    1   19    1    1    1      2196
   35    2    2   32    1    6    1    1    1      9918
   35    2    2   33    1   26    2    2    1      2460
   35    2    2   34    1    2    1    1    1      1931
   35    2    2   35    1   31    2    2    1      1151
   35    2    2   36    2   16    0    2    9      3122
   35    2    2   37    2   14    0    1    9      1471
   35    2    2   38    1   22    1    1    1     11549
   35    2    2   39    2   24    0    2    9      1074
   35    2    2   40    1   15    2    2    1      1176
   35    2    2   41    2   24    0    2    9       898
   35    2    2   42    1    7    2    1    0       728
   35    2    2   43    2   14    0    1    9       908
   35    2    2   44    2   30    0    1    9      4202
   35    2    2   45    1   28    2    2    1      1131
   35    2    2   46    2    5    0    1    9       806
   35    2    2   47    2   17    0    1    9      1168
   35    2    2   48    2   11    0    2    9      1306
   35    2    2   49    2   14    0    1    9      1263
   35    2    2   50    1   28    2    2    1      1990
   35    2    2   51    2   32    0    2    9      1208
   35    2    2   52    1    7    2    1    0      2961
