   31    1    1    1    1   28    2    1    0      5798
   31    1    1    2    1   19    1    1    1      2944
   31    1    1    3    1    7    2    2    1      2941
   31    1    1    4    1   15    2    2    1      1953
   31    1    1    5    1   26    2    2    1       917
   31    1    1    6    1   25    2    2    1      1202
   31    1    1    7    1    3    2    1    0       804
   31    1    1    8    1   22    1    1    1      2454
   31    1    1    9    1    6    1    1    1      1102
   31    1    1   10    1    2    1    1    1       803
   31    1    1   11    1   12    2    2    1       765
   31    1    1   12    1    9    1    1    1       784
   31    1    1   13    1   31    2    2    1      1306
   31    1    1   14    1   21    1    1    1       528
   31    1    2    1    1    9    1    1    1       844
   31    1    2    2    1    7    2    2    1       733
   31    1    2    3    1   26    2    1    0       473
   31    1    2    4    1   12    2    2    1       880
   31    1    2    5    1   25    2    1    0       671
   31    1    2    6    1   19    1    1    1      1278
   31    1    2    7    1   15    2    1    0      1205
   31    1    2    8    1    6    1    1    1      1327
   31    1    2    9    1   28    2    2    1       796
   31    1    2   10    1   22    1    1    1      1086
   31    1    2   11    1   31    2    2    1      1436
   31    1    2   12    1    2    1    1    1       645
   31    1    2   13    1   21    1    1    1      1141
   31    1    2   14    1    3    2    1    0      1770
   31    1    3    1    1   12    2    2    1      2136
   31    1    3    2    1    2    1    1    1       549
   31    1    3    3    1   21    1    1    1       552
   31    1    3    4    1    6    1    1    1       508
   31    1    3    5    1   28    2    2    1       593
   31    1    3    6    1   25    2    1    0       532
   31    1    3    7    1   26    2    2    1      2008
   31    1    3    8    1    7    2    1    0      1162
   31    1    3    9    1   31    2    2    1      1518
   31    1    3   10    1   15    2    2    1       491
   31    1    3   11    1   22    1    1    1       809
   31    1    3   12    1    3    2    1    0      1083
   31    1    3   13    1    9    1    2    0      2081
   31    1    3   14    1   19    1    2    0      1264
   31    1    4    1    1    7    2    2    1      4566
   31    1    4    2    1   31    2    1    0      1378
   31    1    4    3    1   28    2    2    1      1573
   31    1    4    4    1   19    1    1    1      1728
   31    1    4    5    1   26    2    1    0      1725
   31    1    4    6    1    9    1    2    0      1706
   31    1    4    7    1   25    2    1    0       504
   31    1    4    8    1    3    2    2    1      1038
   31    1    4    9    1   21    1    1    1      1359
   31    1    4   10    1   12    2    2    1       994
   31    1    4   11    1   22    1    1    1       948
   31    1    4   12    1    6    1    1    1       736
   31    1    4   13    1    2    1    1    1       620
   31    1    4   14    1   15    2    2    1      1261
   31    1    5    1    1    9    1    1    1      1579
   31    1    5    2    1   28    2    2    1       670
   31    1    5    3    1   19    1    2    0       741
   31    1    5    4    1    6    1    1    1      1098
   31    1    5    5    1    3    2    1    0      1111
   31    1    5    6    1   31    2    2    1      2093
   31    1    5    7    1   25    2    1    0      3603
   31    1    5    8    1   12    2    2    1      1806
   31    1    5    9    1   21    1    1    1       816
   31    1    5   10    1   22    1    1    1       897
   31    1    5   11    1    2    1    1    1       726
   31    1    5   12    1   15    2    2    1       763
   31    1    5   13    1   26    2    1    0      1103
   31    1    5   14    1    7    2    1    0       909
   31    1    6    1    1   21    1    1    1      1266
   31    1    6    2    1   22    1    1    1      1001
   31    1    6    3    1   25    2    1    0      1897
   31    1    6    4    1    6    1    1    1      1935
   31    1    6    5    1   12    2    2    1       795
   31    1    6    6    1   28    2    2    1       980
   31    1    6    7    1    9    1    1    1       614
   31    1    6    8    1   15    2    1    0      1702
   31    1    6    9    1    7    2    2    1       747
   31    1    6   10    1   26    2    1    0       670
   31    1    6   11    1    3    2    2    1      2213
   31    1    6   12    1   19    1    2    0       390
   31    1    6   13    1    2    1    1    1       800
   31    1    6   14    1   31    2    2    1      1233
   31    1    7    1    1    6    1    1    1       817
   31    1    7    2    1   21    1    1    1       697
   31    1    7    3    1   19    1    1    1      1822
   31    1    7    4    1    3    2    1    0       799
   31    1    7    5    1   12    2    2    1       768
   31    1    7    6    1    7    2    2    1      2178
   31    1    7    7    1   25    2    1    0       725
   31    1    7    8    1   31    2    2    1       865
   31    1    7    9    1   28    2    2    1       759
   31    1    7   10    1   15    2    2    1       994
   31    1    7   11    1   22    1    1    1       724
   31    1    7   12    1    2    1    1    1       552
   31    1    7   13    1    9    1    1    1       611
   31    1    7   14    1   26    2    1    0       868
   31    1    8    1    1   15    2    1    0      1012
   31    1    8    2    1    7    2    2    1      1501
   31    1    8    3    1   28    2    2    1      1027
   31    1    8    4    1   19    1    1    1      1211
   31    1    8    5    1    2    1    1    1       532
   31    1    8    6    1   21    1    1    1       512
   31    1    8    7    1   22    1    1    1       533
   31    1    8    8    1    3    2    1    0       728
   31    1    8    9    1   25    2    1    0       653
   31    1    8   10    1    9    1    2    0      1116
   31    1    8   11    1   26    2    1    0      3168
   31    1    8   12    1    6    1    2    0      3339
   31    1    8   13    1   12    2    1    0      2391
   31    1    8   14    1   31    2    2    1      2161
   31    1    9    1    1    6    1    1    1      2707
   31    1    9    2    1    3    2    1    0      3769
   31    1    9    3    1   25    2    1    0      5012
   31    1    9    4    1   21    1    2    0      1310
   31    1    9    5    1   28    2    2    1      3331
   31    1    9    6    1   22    1    1    1      5623
   31    1    9    7    1   15    2    2    1      1688
   31    1    9    8    1   31    2    2    1      1734
   31    1    9    9    1    7    2    2    1      1562
   31    1    9   10    1   12    2    2    1      1166
   31    1    9   11    1    9    1    1    1       800
   31    1    9   12    1    2    1    1    1       873
   31    1    9   13    1   26    2    1    0      1263
   31    1    9   14    1   19    1    1    1      1662
   31    1   10    1    1    7    2    1    0      2177
   31    1   10    2    1   22    1    1    1      2404
   31    1   10    3    1   12    2    2    1       813
   31    1   10    4    1    2    1    1    1      7950
   31    1   10    5    1   15    2    2    1      5010
   31    1   10    6    1   25    2    1    0       924
   31    1   10    7    1    3    2    1    0      4416
   31    1   10    8    1    6    1    1    1      5009
   31    1   10    9    1   31    2    2    1      5155
   31    1   10   10    1   26    2    1    0      1246
   31    1   10   11    1   28    2    2    1      3966
   31    1   10   12    1    9    1    1    1       801
   31    1   10   13    1   21    1    1    1       898
   31    1   10   14    1   19    1    1    1      2414
   31    2    1    1    1   31    2    2    1      2386
   31    2    1    2    1    2    1    1    1       940
   31    2    1    3    2   24    0    2    9      1039
   31    2    1    4    1   19    1    1    1      1223
   31    2    1    5    1    9    1    1    1       759
   31    2    1    6    1   26    2    1    0       698
   31    2    1    7    2   10    0    2    9       959
   31    2    1    8    2    5    0    1    9       850
   31    2    1    9    1    7    2    2    1      2457
   31    2    1   10    2    4    0    2    9       624
   31    2    1   11    1   25    2    1    0       569
   31    2    1   12    2   17    0    1    9       827
   31    2    1   13    2   14    0    2    9       843
   31    2    1   14    1   21    1    1    1       707
   31    2    1   15    2   14    0    1    9      2632
   31    2    1   16    2   14    0    1    9       776
   31    2    1   17    1    3    2    1    0       626
   31    2    1   18    2   14    0    1    9       538
   31    2    1   19    2   20    0    2    9       614
   31    2    1   20    1   12    2    2    1       590
   31    2    1   21    1   15    2    2    1      1120
   31    2    1   22    1    3    2    1    0      1196
   31    2    1   23    2   24    0    2    9      1030
   31    2    1   24    2   18    0    1    9       622
   31    2    1   25    1   19    1    1    1      1415
   31    2    1   26    1   21    1    1    1       591
   31    2    1   27    2   11    0    2    9      1280
   31    2    1   28    1    2    1    1    1       607
   31    2    1   29    1    7    2    1    0      1544
   31    2    1   30    2   24    0    2    9      1180
   31    2    1   31    1    9    1    1    1       614
   31    2    1   32    2   23    0    2    9      2327
   31    2    1   33    1    6    1    1    1       563
   31    2    1   34    2   29    0    1    9      1566
   31    2    1   35    1   28    2    2    1       776
   31    2    1   36    1   12    2    2    1       650
   31    2    1   37    1   26    2    1    0       985
   31    2    1   38    1   15    2    2    1      2019
   31    2    1   39    2    1    0    1    9       700
   31    2    1   40    1   22    1    1    1       632
   31    2    1   41    2    8    0    2    9       728
   31    2    1   42    1   31    2    1    0      1164
   31    2    1   43    2   27    0    2    9      1495
   31    2    1   44    2   13    0    1    9       988
   31    2    1   45    1    6    1    1    1       646
   31    2    1   46    1   28    2    2    1       630
   31    2    1   47    2   32    0    2    9       846
   31    2    1   48    2   30    0    1    9       726
   31    2    1   49    2   24    0    2    9       674
   31    2    1   50    2   16    0    2    9       840
   31    2    1   51    1   22    1    1    1       656
   31    2    1   52    1   25    2    1    0      1071
   31    2    2    1    1    2    1    1    1      1613
   31    2    2    2    1    3    2    1    0       926
   31    2    2    3    2   18    0    1    9      1611
   31    2    2    4    2   20    0    2    9       580
   31    2    2    5    1   15    2    2    1      1430
   31    2    2    6    1    9    1    1    1       694
   31    2    2    7    2   14    0    2    9       963
   31    2    2    8    1   26    2    1    0       630
   31    2    2    9    1   31    2    2    1       870
   31    2    2   10    1    7    2    2    1       644
   31    2    2   11    1    2    1    1    1       724
   31    2    2   12    1   19    1    2    0       744
   31    2    2   13    2    5    0    1    9       756
   31    2    2   14    2    8    0    2    9       919
   31    2    2   15    1   22    1    1    1       707
   31    2    2   16    2   11    0    2    9      2616
   31    2    2   17    1   15    2    2    1       897
   31    2    2   18    1   21    1    1    1       614
   31    2    2   19    1   28    2    2    1       558
   31    2    2   20    2    4    0    2    9       506
   31    2    2   21    2    1    0    1    9       631
   31    2    2   22    1    6    1    1    1       766
   31    2    2   23    1   28    2    2    1       880
   31    2    2   24    1    7    2    1    0      1238
   31    2    2   25    2   24    0    2    9       782
   31    2    2   26    1   22    1    1    1       767
   31    2    2   27    1   25    2    1    0       906
   31    2    2   28    1   26    2    2    1       831
   31    2    2   29    2   14    0    2    9       534
   31    2    2   30    2   32    0    2    9      1002
   31    2    2   31    1   25    2    1    0       643
   31    2    2   32    1    9    1    2    0       874
   31    2    2   33    2   16    0    2    9      2409
   31    2    2   34    2   10    0    1    9      1394
   31    2    2   35    2   13    0    1    9      1580
   31    2    2   36    2   24    0    2    9       895
   31    2    2   37    2   29    0    2    9       788
   31    2    2   38    2   14    0    1    9      1414
   31    2    2   39    1   31    2    2    1      1462
   31    2    2   40    2   30    0    2    9       574
   31    2    2   41    2   23    0    2    9       944
   31    2    2   42    1   12    2    2    1      1828
   31    2    2   43    1   12    2    2    1       524
   31    2    2   44    1    6    1    1    1       704
   31    2    2   45    2   27    0    2    9      2085
   31    2    2   46    1   21    1    1    1       963
   31    2    2   47    1    3    2    2    1      2102
   31    2    2   48    2   14    0    1    9       827
   31    2    2   49    2   17    0    1    9       907
   31    2    2   50    1   19    1    2    0      1440
   31    2    2   51    2   24    0    2    9       880
   31    2    2   52    2   24    0    2    9       566
