    5    1    1    1    1    2    1    1    1     13072
    5    1    1    2    1    3    2    3    0      6314
    5    1    1    3    1   15    2    2    1      6550
    5    1    1    4    1    7    2    2    1      2544
    5    1    1    5    1   31    4    2    0      4555
    5    1    1    6    1   19    4    4    1      1951
    5    1    1    7    1    9    1    1    1      6226
    5    1    1    8    1   28    4    4    1      4458
    5    1    1    9    1   23    4    4    1      4232
    5    1    1   10    1    6    1    2    0      3232
    5    1    1   11    1   25    3    4    0      3527
    5    1    1   12    1   18    3    3    1      3427
    5    1    1   13    1   22    3    3    1      1690
    5    1    1   14    1   12    2    2    1      2376
    5    1    2    1    1    9    1    1    1      3493
    5    1    2    2    1    6    1    1    1      4074
    5    1    2    3    1    2    1    1    1      1576
    5    1    2    4    1   22    3    3    1      5242
    5    1    2    5    1   31    4    4    1      1770
    5    1    2    6    1    7    2    2    1      2292
    5    1    2    7    1    3    2    2    1      1929
    5    1    2    8    1   23    4    4    1      3693
    5    1    2    9    1   12    2    2    1      2122
    5    1    2   10    1   18    3    3    1      6501
    5    1    2   11    1   19    4    4    1      2259
    5    1    2   12    1   28    4    4    1      2890
    5    1    2   13    1   25    3    3    1      2935
    5    1    2   14    1   15    2    2    1      4067
    5    1    3    1    1    6    1    1    1      7147
    5    1    3    2    1   22    3    3    1      1502
    5    1    3    3    1   15    2    2    1      1603
    5    1    3    4    1    3    2    2    1      5715
    5    1    3    5    1   28    4    4    1      2495
    5    1    3    6    1    7    2    2    1      1789
    5    1    3    7    1    9    1    1    1      2487
    5    1    3    8    1   25    3    3    1      1717
    5    1    3    9    1   23    4    4    1      6641
    5    1    3   10    1   19    4    4    1      1512
    5    1    3   11    1   31    4    4    1      3132
    5    1    3   12    1   12    2    2    1      2128
    5    1    3   13    1   18    3    3    1      2076
    5    1    3   14    1    2    1    1    1      6186
    5    1    4    1    1   25    3    3    1      3863
    5    1    4    2    1   12    2    2    1      2926
    5    1    4    3    1    2    1    1    1      1978
    5    1    4    4    1   15    2    2    1      2091
    5    1    4    5    1    3    2    2    1      1898
    5    1    4    6    1   23    4    4    1      2782
    5    1    4    7    1   28    4    4    1      1280
    5    1    4    8    1    6    1    1    1      2141
    5    1    4    9    1   31    4    4    1      2568
    5    1    4   10    1   22    3    3    1      1938
    5    1    4   11    1   19    4    4    1      2406
    5    1    4   12    1    7    2    2    1      1575
    5    1    4   13    1    9    1    1    1      2425
    5    1    4   14    1   18    3    3    1      2425
    5    2    1    1    1    2    1    1    1      2088
    5    2    1    2    2   26    0    3    9      1685
    5    2    1    3    1    7    2    2    1      2530
    5    2    1    4    1   19    4    4    1      1406
    5    2    1    5    1    6    1    1    1      2118
    5    2    1    6    1    7    2    2    1      1506
    5    2    1    7    2   30    0    3    9      1895
    5    2    1    8    1    3    2    2    1      1852
    5    2    1    9    1    2    1    1    1      2451
    5    2    1   10    1   23    4    4    1      1730
    5    2    1   11    2   17    0    3    9      1597
    5    2    1   12    2   30    0    3    9      3341
    5    2    1   13    1    9    1    1    1      6937
    5    2    1   14    1    6    1    1    1      1812
    5    2    1   15    1    9    1    1    1      1373
    5    2    1   16    2    1    0    1    9      1575
    5    2    1   17    1   19    4    4    1      1801
    5    2    1   18    1    3    2    2    1      1537
    5    2    1   19    2   32    0    4    9      1493
    5    2    1   20    1   31    4    4    1      1610
    5    2    1   21    1   28    4    4    1      1579
    5    2    1   22    1   25    3    3    1      1581
    5    2    1   23    1   18    3    3    1      1230
    5    2    1   24    1   22    3    3    1      1597
    5    2    1   25    2   14    0    1    9      1742
    5    2    1   26    2   27    0    4    9      1545
    5    2    1   27    1   28    4    4    1      1165
    5    2    1   28    2    8    0    2    9      1279
    5    2    1   29    2   30    0    3    9      1405
    5    2    1   30    1   23    4    4    1      1333
    5    2    1   31    2   14    0    1    9      1953
    5    2    1   32    1   18    3    3    1      2099
    5    2    1   33    2   29    0    3    9      1632
    5    2    1   34    2   24    0    4    9      1455
    5    2    1   35    1   15    2    2    1      4070
    5    2    1   36    2   11    0    2    9      1988
    5    2    1   37    1   15    2    2    1      3813
    5    2    1   38    1   12    2    2    1      1565
    5    2    1   39    1   12    2    2    1      1551
    5    2    1   40    2    4    0    2    9      2194
    5    2    1   41    2   14    0    1    9      1403
    5    2    1   42    2   10    0    1    9      1860
    5    2    1   43    1   31    4    4    1      2394
    5    2    1   44    2   16    0    2    9      2972
    5    2    1   45    2   30    0    3    9      1414
    5    2    1   46    2   20    0    4    9      8478
    5    2    1   47    2   14    0    1    9      3148
    5    2    1   48    1   22    3    3    1      1454
    5    2    1   49    2   13    0    1    9      1893
    5    2    1   50    2    5    0    1    9      2762
    5    2    1   51    2   21    0    3    9      1581
    5    2    1   52    1   25    3    3    1      1358
    5    2    2    1    1   22    3    3    1      1833
    5    2    2    2    2    5    0    1    9      1248
    5    2    2    3    1   25    3    3    1      1599
    5    2    2    4    1   23    4    4    1      1424
    5    2    2    5    2   30    0    3    9      2792
    5    2    2    6    2   14    0    1    9      1449
    5    2    2    7    2   29    0    3    9      1296
    5    2    2    8    1   12    2    2    1      2909
    5    2    2    9    2   14    0    1    9      1322
    5    2    2   10    2   26    0    3    9      3046
    5    2    2   11    1   15    2    2    1      1453
    5    2    2   12    2    8    0    2    9      1476
    5    2    2   13    2   30    0    3    9      1898
    5    2    2   14    1   22    3    3    1      2366
    5    2    2   15    2   24    0    4    9      1344
    5    2    2   16    1    9    1    1    1      1724
    5    2    2   17    2   17    0    3    9      2728
    5    2    2   18    1    3    2    2    1      1276
    5    2    2   19    2   11    0    2    9      2153
    5    2    2   20    2   20    0    4    9      9972
    5    2    2   21    1   19    4    4    1      1142
    5    2    2   22    2   14    0    1    9      1657
    5    2    2   23    1    2    1    1    1      1816
    5    2    2   24    1    9    1    1    1      1248
    5    2    2   25    1   31    4    4    1      2191
    5    2    2   26    1   28    4    4    1      1256
    5    2    2   27    2    4    0    2    9      1111
    5    2    2   28    1   28    4    4    1      1323
    5    2    2   29    1    2    1    1    1      1767
    5    2    2   30    1   23    4    4    1      1761
    5    2    2   31    1   18    3    3    1      1724
    5    2    2   32    1    7    2    2    1      1480
    5    2    2   33    1   15    2    2    1      1309
    5    2    2   34    2   27    0    4    9      1370
    5    2    2   35    2   21    0    3    9      1700
    5    2    2   36    1   18    3    3    1      1233
    5    2    2   37    1    6    1    1    1      1264
    5    2    2   38    2   16    0    2    9      1774
    5    2    2   39    1   31    4    4    1      1496
    5    2    2   40    2   30    0    3    9      1180
    5    2    2   41    1   25    3    3    1      1422
    5    2    2   42    1   12    2    2    1      1446
    5    2    2   43    2   30    0    3    9      2333
    5    2    2   44    2    1    0    1    9      2001
    5    2    2   45    2   13    0    1    9      1185
    5    2    2   46    1    7    2    2    1      3507
    5    2    2   47    1    6    1    1    1      1399
    5    2    2   48    2   14    0    1    9      1584
    5    2    2   49    2   10    0    1    9      1793
    5    2    2   50    2   32    0    4    9      4315
    5    2    2   51    1   19    4    4    1      1919
    5    2    2   52    1    3    2    2    1      1762
