GCM_FA

parameters:
c = 1.900;
gamma = 1.000;
w_color = 0.001;
w_vertline = 0.802;
*w_height = 0.197;

-LL = 1699
AIC = 
BIC = 

predicted responses
0.712	0.716	0.37	0.187	0.703	0.685	0.303	0.129	0.609	0.554	0.228	0.074	0.596	0.514	0.167	0.066	0.712	0.716	0.371	0.188	0.702	0.685	0.303	0.129	0.608	0.554	0.228	0.074	0.596	0.513	0.167	0.066
0.288	0.284	0.63	0.813	0.297	0.315	0.697	0.871	0.391	0.446	0.772	0.926	0.404	0.486	0.833	0.934	0.288	0.284	0.629	0.812	0.298	0.315	0.697	0.871	0.392	0.446	0.772	0.926	0.404	0.487	0.833	0.934
0	0	0	0	0	0	0	0	0	0	0	0	0	0	0	0	0	0	0	0	0	0	0	0	0	0	0	0	0	0	0	0
0	0	0	0	0	0	0	0	0	0	0	0	0	0	0	0	0	0	0	0	0	0	0	0	0	0	0	0	0	0	0	0
-----------------------------------------------------------------------------------
GCM_CSA_bias

parameters:
c = 1.897;
gamma = 1.000;
w_color = 0.001;
w_vertline_red = 0.793;
*w_height_red = 0.206;
*w_vertline_blue = 0.814;
w_height_blue = 0.185;
bias_A =0.584

-LL = 1699
AIC = 
BIC = 

predicted responses
0.715	0.717	0.375	0.194	0.704	0.685	0.305	0.132	0.607	0.55	0.227	0.074	0.593	0.506	0.164	0.066	0.709	0.712	0.364	0.18	0.7	0.683	0.3	0.126	0.611	0.56	0.23	0.074	0.6	0.522	0.172	0.067
0.285	0.283	0.625	0.806	0.296	0.315	0.695	0.868	0.393	0.45	0.773	0.926	0.407	0.494	0.836	0.934	0.291	0.288	0.636	0.82	0.3	0.317	0.7	0.874	0.389	0.44	0.77	0.926	0.4	0.478	0.828	0.933
0	0	0	0	0	0	0	0	0	0	0	0	0	0	0	0	0	0	0	0	0	0	0	0	0	0	0	0	0	0	0	0
0	0	0	0	0	0	0	0	0	0	0	0	0	0	0	0	0	0	0	0	0	0	0	0	0	0	0	0	0	0	0	0

*derived attention weights
