GCM_FA

parameters:
c = 4.694;
gamma = 1.000;
w_color = 0.229;
w_vertline = 0.464;
*w_height = 0.307;

-LL = 1299
AIC = 2606
BIC = 2630

predicted responses
0.886	0.893	0.28	0.204	0.876	0.872	0.164	0.061	0.742	0.516	0.086	0.006	0.71	0.317	0.012	0.004	0.835	0.876	0.703	0.493	0.822	0.829	0.423	0.11	0.355	0.257	0.127	0.008	0.341	0.186	0.016	0.006
0.114	0.107	0.72	0.796	0.124	0.128	0.836	0.939	0.258	0.484	0.914	0.994	0.29	0.683	0.988	0.996	0.165	0.124	0.297	0.507	0.178	0.171	0.577	0.89	0.645	0.743	0.873	0.992	0.659	0.814	0.984	0.994
0	0	0	0	0	0	0	0	0	0	0	0	0	0	0	0	0	0	0	0	0	0	0	0	0	0	0	0	0	0	0	0
0	0	0	0	0	0	0	0	0	0	0	0	0	0	0	0	0	0	0	0	0	0	0	0	0	0	0	0	0	0	0	0
-----------------------------------------------------------------------------------
GCM_CSA

parameters:
c = 4.079;
gamma = 1.000;
w_color = 0.060;
w_vertline_red = 0.637;
*w_height_red = 0.303;
*w_vertline_blue = 0.459;
w_height_blue = 0.481;

-LL = 1281
AIC = 2572
BIC = 2602

predicted responses
0.867	0.912	0.305	0.163	0.851	0.877	0.159	0.037	0.694	0.508	0.082	0.004	0.683	0.393	0.015	0.003	0.886	0.889	0.665	0.598	0.881	0.871	0.389	0.171	0.36	0.204	0.09	0.007	0.317	0.101	0.006	0.003
0.133	0.088	0.695	0.837	0.149	0.123	0.841	0.963	0.306	0.492	0.918	0.996	0.317	0.607	0.985	0.997	0.114	0.111	0.335	0.402	0.119	0.129	0.611	0.829	0.64	0.796	0.91	0.993	0.683	0.899	0.994	0.997
0	0	0	0	0	0	0	0	0	0	0	0	0	0	0	0	0	0	0	0	0	0	0	0	0	0	0	0	0	0	0	0
0	0	0	0	0	0	0	0	0	0	0	0	0	0	0	0	0	0	0	0	0	0	0	0	0	0	0	0	0	0	0	0

*derived attention weights