GCM_FA

parameters:
c = 3.319;
gamma = 1.000;
w_color = 0.616;
w_vertline = 0.198;
*w_height = 0.186;


-LL = 2992
AIC = 
BIC = 

predicted responses
0.607	0.583	0.294	0.254	0.596	0.553	0.281	0.224	0.626	0.496	0.239	0.155	0.533	0.386	0.159	0.116	0.078	0.096	0.049	0.041	0.06	0.072	0.045	0.034	0.063	0.052	0.031	0.02	0.055	0.043	0.021	0.015
0.276	0.33	0.621	0.656	0.252	0.332	0.629	0.682	0.221	0.359	0.647	0.731	0.32	0.475	0.727	0.769	0.035	0.054	0.104	0.105	0.025	0.043	0.101	0.104	0.022	0.038	0.085	0.095	0.033	0.052	0.095	0.1
0.079	0.06	0.062	0.054	0.096	0.071	0.051	0.041	0.051	0.046	0.032	0.021	0.043	0.036	0.021	0.015	0.598	0.586	0.616	0.513	0.577	0.547	0.488	0.371	0.304	0.29	0.247	0.159	0.268	0.236	0.163	0.12
0.038	0.027	0.023	0.036	0.056	0.044	0.038	0.054	0.102	0.099	0.082	0.094	0.104	0.102	0.093	0.099	0.288	0.263	0.232	0.341	0.337	0.339	0.366	0.491	0.611	0.619	0.637	0.725	0.644	0.669	0.721	0.765
----------------------------------------------------------------------------------------------------------------------------------
GCM_CSA

parameters:
c = 1.950;
gamma = 1.000;
w_color = 0.349;
w_vertline_red = 0.339;
*w_height_red = 0.312;
*w_vertline_blue = 0.334;
w_height_blue = 0.317
bias_AC = .866

-LL = 2992
AIC = 
BIC = 

predicted responses
0.608	0.583	0.293	0.253	0.597	0.553	0.28	0.222	0.626	0.497	0.239	0.154	0.535	0.389	0.159	0.117	0.078	0.096	0.049	0.041	0.06	0.072	0.045	0.034	0.063	0.052	0.031	0.02	0.055	0.042	0.021	0.015
0.275	0.33	0.622	0.658	0.251	0.332	0.63	0.683	0.221	0.359	0.648	0.732	0.317	0.473	0.727	0.769	0.036	0.055	0.103	0.105	0.026	0.043	0.1	0.104	0.023	0.038	0.084	0.095	0.034	0.053	0.095	0.1
0.079	0.06	0.062	0.053	0.096	0.071	0.051	0.041	0.051	0.046	0.032	0.021	0.044	0.036	0.021	0.016	0.599	0.586	0.616	0.514	0.577	0.546	0.488	0.373	0.303	0.29	0.247	0.16	0.267	0.235	0.163	0.12
0.038	0.027	0.024	0.036	0.056	0.044	0.039	0.054	0.102	0.098	0.081	0.093	0.104	0.102	0.093	0.098	0.288	0.263	0.232	0.339	0.337	0.339	0.366	0.489	0.611	0.62	0.638	0.725	0.644	0.67	0.721	0.765

*derived attention weights
