GCM_FA

parameters:
c = 8.013;
gamma = 1.000;
w_color = 0.642;
w_vertline = 0.189;
*w_height = 0.169;


-LL = 1256
AIC = 2520
BIC = 2544

predicted responses
0.841	0.816	0.177	0.15	0.876	0.808	0.173	0.103	0.957	0.745	0.129	0.023	0.827	0.356	0.026	0.013	0.004	0.012	0.001	0.001	0.002	0.005	0.002	0.001	0.004	0.002	0.001	0	0.004	0.001	0	0
0.153	0.182	0.818	0.846	0.109	0.186	0.825	0.893	0.035	0.241	0.865	0.972	0.165	0.635	0.968	0.981	0.001	0.003	0.007	0.007	0	0.001	0.011	0.008	0	0.001	0.005	0.006	0.001	0.002	0.006	0.006
0.005	0.002	0.004	0.003	0.012	0.005	0.002	0.001	0.002	0.003	0.001	0	0.001	0.001	0	0	0.81	0.846	0.948	0.754	0.792	0.784	0.722	0.284	0.203	0.199	0.153	0.026	0.182	0.134	0.03	0.015
0.001	0	0	0.001	0.003	0.001	0.001	0.003	0.006	0.011	0.005	0.006	0.006	0.008	0.006	0.006	0.185	0.14	0.044	0.238	0.206	0.21	0.264	0.707	0.793	0.799	0.841	0.968	0.813	0.862	0.964	0.979
----------------------------------------------------------------------------------------------------------------------------------
GCM_CSA

parameters:
c = 4.395;
gamma = 1.000;
w_color = 0.391;
w_vertline_red = 0.474;
*w_height_red = 0.135;
*w_vertline_blue = 0.176;
w_height_blue = 0.433

-LL = 1056
AIC = 2122
BIC = 2152

predicted responses
0.938	0.876	0.101	0.045	0.949	0.866	0.095	0.031	0.97	0.83	0.074	0.013	0.954	0.733	0.042	0.011	0.007	0.009	0.003	0.003	0.002	0.004	0.003	0.003	0.003	0.002	0.001	0.001	0.002	0.001	0	0
0.051	0.121	0.895	0.95	0.038	0.128	0.902	0.964	0.021	0.161	0.922	0.982	0.037	0.259	0.953	0.983	0.003	0.004	0.006	0.006	0.001	0.002	0.007	0.007	0.001	0.001	0.003	0.005	0.003	0.004	0.005	0.005
0.007	0.002	0.003	0.001	0.008	0.004	0.002	0.001	0.003	0.003	0.001	0	0.003	0.003	0.001	0	0.915	0.934	0.966	0.935	0.86	0.85	0.803	0.644	0.122	0.115	0.087	0.039	0.069	0.045	0.015	0.013
0.004	0.001	0.001	0.003	0.005	0.002	0.001	0.004	0.006	0.006	0.003	0.005	0.006	0.006	0.004	0.005	0.075	0.053	0.025	0.056	0.137	0.144	0.187	0.347	0.874	0.882	0.909	0.956	0.927	0.95	0.979	0.982

*derived attention weights